48
0.12992812451407237
0.1324520397960053
0.13013739869312965
0.13112418212309143
0.12895739587473962
0.12802761897755047
0.12505077995836492
0.12288036764122796
0.11949083018568357
0.11570515634603708
0.11185615539808158
0.10809543787968805
0.10453185042677426
0.10481658238454668
0.10460760209002373
0.10429620242573241
0.10454608817311044
0.10584635879971932
0.10824362799085896
0.1114132633301441
0.11483514896305676
0.11802414066109539
0.12058547275252811
0.12220632174064823
0.12271892383546289
0.12215548297208918
0.12073035979432704
0.11868063188146076
0.1161128220218552
0.11304518151686958
0.10949322358559731
0.10553556701646181
0.10132354266136256
0.09700782973976659
0.09269923518346179
0.0886547545564661
0.08713722724180384
0.08398537499476315
0.0811214863667896
0.07871095740107618
0.07677179473271718
0.07527397087629396
0.07417271265083604
0.07342762778284628
0.07345304717634728
0.07289673355434069
0.07310642562341373
0.07315495600262266
0.07350536907670975
0.07461814898031781
0.0750971307132887
0.07780452788702427
0.07846828606426956
0.08340236792239321
0.08432349806832812
0.09212857184186557
0.09286353352918465
0.10463019489300433
0.10538263812912625
0.12037376487412564
0.12042526863420777
0.137956135694257
0.13671820668063425
0.1536365185635617
0.15439676991701945
0.16683350059947336
0.16704639297389381
0.17348769916812304
0.1727794992489862
0.17422903976616944
0.1725740927140749
0.1749441071814092
0.1751433168131428
0.179337454363498
0.17857284329526757
0.1834013715580164
0.18307035061651625
0.18819401252668944
0.1881631474560416
0.1946508191159323
0.19518743810971487
0.19654184393568053
0.19867153624736603
0.20126335648951166
0.20199649428042274
0.20498693497930268
0.2082659481286888
0.21161245089093025
0.21494355788736316
0.215621323144659
0.21692030625689598
0.21880384074531592
0.22177047174102957
0.2236516102853259
0.22687059252090244
0.22790820511031365
0.2307287498616886
0.23022956155089677
0.23225283801933225
0.2295939072329809
0.23049081593909163
0.22486541116094658
0.22420496378583443
0.21580216692356888
0.21696210005886707
0.20964623251384942
0.21596706792411977
0.21004053407371734
0.21429597597848285
0.2109623457931453
0.2131592571275175
0.20835932911236207
0.20733094778090796
0.20445379885652384
0.20185632403735487
0.2048432877210539
0.20233150799386157
0.21091276992657584
0.2098887659597851
0.21857853865455854
0.21691800956597318
0.22544487132073565
0.22575049221410173
0.23443556450935069
0.23439384771849758
0.24318205093532833
0.24302304470282252
0.25141783495921205
0.25139402545358774
0.2664197085398558
0.26557065706094884
0.2807699001282365
0.2793320934744716
0.2954761300866718
0.2938871408393124
0.3118655838137135
0.31038691665865603
0.33337794476577626
0.33327638503970486
0.3563409239768991
0.3546936948037005
0.3757556346786644
0.37806695422687525
0.39813085999479986
0.3980111815000334
0.4125057162593892
0.4171369548217117
0.419378704185879
0.4221610617411636
0.42507374813367377
0.4273943143290156
0.4280975157657681
0.4263897440892146
0.42209390580241285
0.41500357834394
0.40567614754342046
0.4009048289354393
0.3861697967225361
0.38470858139490866
0.37206136264482037
0.3714441078414539
0.3603231732657948
0.3604169911825487
0.34815678327551813
0.3483366321498942
0.33542618870396224
0.33572727456833373
0.32306874395740387
0.32385262997018943
0.31132956983333976
0.3129359838067209
0.3025794450440678
0.3091287474392238
0.30296535130950253
0.3094068496029922
0.2942636703453006
0.29811191273337384
0.2831199568710548
0.28520929309277443
0.26852995388527345
0.2722175594125236
0.25364250805392846
0.2579128997480146
0.23617416293609841
0.2395265271697481
0.21529523136804532
0.21873960380428212
0.19283921321985345
0.1965890054625594
0.1721967926832384
0.17117346722986806
0.14803353216937404
0.14888728112527577
0.13188455452615297
0.12777274587757034
0.12381352971440278
0.1215843781967304
0.11856800095222929
0.11735406887860571
0.11830719531189839
0.12188773112143021
0.12371626240615945
0.1247819297975108
0.12552990184317886
0.12606943892640582
0.12650994517962466
0.12698242144591698
0.12753800985558075
0.12815235071424336
0.12877168552911494
0.1293405653325163
0.12981872725776303
0.13018910653976692
0.13045845357315075
0.13065172931728306
0.13080236963509537
0.13094869208805485
0.1311172812363766
0.13102168163343353
0.1293424905745551
0.1248311904399101
0.11835361558018707
0.11182527017656878
0.11474236902003387
0.11429802880696387
0.11622540757213103
0.11386042017851473
0.11717403576933727
0.11186381211327277
0.11471665591184459
0.10911609741875261
0.11168583669752309
0.10643662242069418
0.10798085862782132
0.10294971690470438
0.10411744465973877
0.09895186718859432
0.09959442427965844
0.09500767605354465
0.0957052048554931
0.09257217596685907
0.09505876021255966
0.09343975115468695
0.0987351881127879
0.09698256684337743
0.09916306772089795
0.10316491686889913
0.10459873989604888
0.1023723853045788
0.10148933816026111
0.10191209709032067
0.10266065185029766
0.10330208928481288
0.10357997307391964
0.10339778361440448
0.10278621058295993
0.10179288346440868
0.10070695882606813
0.10556914843826117
0.10510121285403039
0.10883839269232566
0.10888396606587802
0.11064172563485468
0.11061094540764936
0.11011049902127591
0.10921372551142981
0.10794567524167936
0.10673893992092633
0.10696285431049433
0.1057963430901618
0.10980447610252497
0.10711605208342849
0.10857245550595152
0.10546014491305696
0.11099523220856516
0.10665554382557528
0.11344984594399256
0.10953388826238954
0.11551197740531986
0.11281941528185234
0.11864195331590903
0.11696977361733286
0.12256386324037229
0.12167928656057604
0.12726165726279523
0.12687243912052407
0.13034419912209386
0.13134426861317758
0.13239611265663298
0.13177568544789636
0.1325088805051542
0.1289501845369682
0.13058644476349404
0.12934394498382767
0.1253912418706696
0.12262034636504798
0.12099653351389576
0.11924798939576214
0.11648677352286414
0.11379964242741002
0.11149859120023585
0.10951498418988877
0.1085984148224227
0.10873222209325926
0.1108353293641177
0.12214035953142517
0.12493955615765244
0.13213780313966844
0.1298545025853726
0.1307207132659389
0.12853401198991418
0.12996837398369615
0.12980270708596656
0.13294643486507077
0.13231199444038905
0.13443615895829833
0.1319801511052082
0.13307901180657172
0.12874277991779182
0.12964499049213019
0.12428409680744568
0.1259197453813004
0.12026817409414163
0.1229925766798054
0.11800312417451936
0.12241740590565842
0.1161086862692506
0.12115889582279495
0.11790678868017519
0.11861014387754713
0.1166986076357806
0.11688333454497553
0.11589334974105354
0.11565449927802217
0.1166958027638983
0.11512004902091814
0.11766266704930546
0.1157027136901342
0.11737597878467414
0.11537440387228842
0.11586969095444981
0.11453140170800208
0.11412014587773478
0.11308025378665082
0.11270459242649332
0.11256206824579017
0.11305611896545252
0.11297852628034295
0.11364020356657341
0.1134594697314289
0.11359757156363198
0.11277578159430174
0.1105862436607518
0.09965737084254185
0.09277939690963694
0.08601539385114944
0.08807979227975532
0.08708977553813939
0.0920218610262609
0.09076148870238672
0.0976321813171585
0.09528690884833192
0.10531724126468268
0.10333183125393998
0.11499556954181599
0.11332179412840349
0.12582625051308252
0.12445093138263903
0.136210510111324
0.13525065953986024
0.14469300651250697
0.14364591048695116
0.14925906555713966
0.145745991077765
0.1550885783072767
0.15004233367364475
0.155352894248175
0.1557532253864322
0.158133810405835
0.15910490014430193
0.15858184742006562
0.1593367697704217
0.15742828748038143
0.15713737220770077
0.15536081992345127
0.15541680887327
0.15544732441577236
0.1564183669813996
0.16050512930163782
0.1615780396245102
0.1677158183227783
0.16875381121278232
0.17643398333081306
0.17762353414354584
0.1878795666670204
0.18952158640406266
0.20207383479719687
0.20300833937586535
0.21680587830431172
0.2166171901947451
0.2299063677804344
0.23029926557891414
0.23958132140488034
0.24038144368150013
0.2436667510704823
0.2443834519013147
0.24805182364830583
0.24818462253343598
0.24850133335248145
0.24851926890825402
0.243889967062645
0.24398135690844644
0.23478111465775187
0.23521057556540956
0.22377062501041356
0.22375329406697678
0.2127494053677069
0.21212178044292154
0.20429559186679006
0.20355378533583016
0.2008827195578696
0.20131151298170133
0.1965897762499675
0.19734956720465122
0.19545027547147165
0.19562578275047304
0.19794912227682215
0.19799059073718128
0.2043619205919737
0.20392263192025675
0.2119934791313228
0.21225905058671768
0.2190800594931439
0.22003620117857817
0.22302143512600411
0.22341525526762984
0.22095797105798962
0.21981183954219072
0.2169886562155937
0.2169931982186648
0.21087555578567174
0.21041472565220629
0.19979661890819764
0.1988177532922303
0.1861978577922453
0.18561537450692236
0.17231472936580794
0.17233229008767356
0.15921223793482306
0.15862588094316485
0.14798050105927796
0.14657157023331893
0.1394899414493534
0.1388628970899727
0.13002592307010294
0.12947769877711873
0.12164209188497337
0.12077269171998595
0.11540236828809118
0.11456199853698357
0.11191063104777114
0.11174502276269584
0.11062108866912664
0.11176896467305818
0.1108936296774899
0.11259346644942127
0.1106332256159016
0.11312709437826685
0.11006079666970364
0.11546521647264262
0.111954051692865
0.11849778888628731
0.11259683827379963
0.1165115396045307
0.1084852105671772
0.11174107727177635
0.10160777220607425
0.1068234863730878
0.09630645617238069
0.10200435996817493
0.09251736822494365
0.09694402816663372
0.09021852868764403
0.09367632431849586
0.09038983561375942
0.0942071255820625
0.0907369340123486
0.09579497888316431
0.0954067779070511
0.10255876414034325
0.10679479701555213
0.10892396948962413
0.11014843025074524
0.11152081966726758
0.11167128528244573
0.11282094646266606
0.1134670784244679
0.11401457558686533
0.11454417837436744
0.11835774875715294
0.12664858711262908
0.13293903071117102
0.14401458903649803
0.14630011834458007
0.15008989605522421
0.15259586780028203
0.15659768589805798
0.1585461094043543
0.1605342967700935
0.16201596829337278
0.16421556453102432
0.1640467681562661
0.16701465850707028
0.1660286095797975
0.16848891171682956
0.16617807412162822
0.16653227535714335
0.16133365267503816
0.16191296978985723
0.15566148920067294
0.1562972364716422
0.15215475864388917
0.15195090524338636
0.14768189005664417
0.14761843772200342
0.14229773009400526
0.14220961119741335
0.13635851074069208
0.1367723981844623
0.13133625336274565
0.13120382221690938
0.12887649877669885
0.13525877884872237
0.13795765052028056
0.1464738851572955
0.1442612011407649
0.14482868249749875
0.1407318206877294
0.13848302446295713
0.13779433752978204
0.13764474543033275
0.1380652529415648
0.1396810988947941
0.13962879023579836
0.14092378643613057
0.1410016572688602
0.14238683006557404
0.1380273633938596
0.1318750396422371
0.125975072065049
0.11945741757102725
0.11713774118386465
0.11909054673426787
0.11634839604628856
0.11886378677733761
0.11665159597585238
0.12168089630950014
0.11965999615799698
0.12494580312178727
0.12397935949108146
0.12880807140335235
0.12782920823544086
0.13312845982220806
0.13192896854551953
0.137864286762364
0.13660629050434586
0.14183682520292187
0.14118238550532394
0.1472338721172082
0.14623389956880925
0.15317452789424124
0.15280108289227104
0.16019266371471053
0.1599306250855657
0.1679000313459694
0.16788948064996578
0.17666333441319224
0.17693439642812478
0.18761878762983342
0.18598852009727065
0.19180113765805143
0.18610788065287712
0.19201262221944523
0.18957087923016688
0.20117637662593538
0.1988516883744498
0.20776265431444707
0.20678248641619293
0.21695490335385592
0.2164380102163236
0.22832842069043133
0.2279371991089774
0.2413336446538822
0.24031861536000643
0.253421149400408
0.25385975937406724
0.2657151711382909
0.2652235537291788
0.2734252510897394
0.2734593520533045
0.2796554361067767
0.2828651201013838
0.29327182843747235
0.296513757435798
0.3114345076324233
0.31326481332635064
0.33022241142162945
0.33059290007747083
0.34657759424221374
0.3466274824145821
0.36183825798552466
0.36195941168051676
0.37710817244802114
0.3771963364006112
0.3933921598174228
0.39380248935273426
0.4113714592451308
0.4124558984975905
0.4312216747204498
0.43303129338157836
0.44544156274410596
0.45277976927947766
0.4574982666386203
0.46167338744440994
0.46157937839444524
0.4635615808447506
0.4653836459781837
0.4655040575645925
0.46616090905030544
0.46472512049513043
0.4624990184798939
0.46099540796901267
0.45955837226296453
0.4583391432497186
0.4582876750716583
0.45780641634673414
0.45509463049449866
0.45437620587224475
0.4474252059702914
0.44697337963224243
0.4383697675436447
0.4386691497017871
0.42857611435058
0.42921293078753425
0.4179557849166456
0.4178221960605786
0.4068410810353491
0.40640744206786494
0.39590471796403426
0.39244717753099306
0.37658724697509505
0.37309791058618114
0.3520325416840251
0.34989569359756384
0.32632760153553536
0.32574148856819324
0.30307224620753737
0.30305103000304806
0.2815694745950321
0.2815204570379157
0.260253105174181
0.26186371906814865
0.2416823061384543
0.24179300666484846
0.2197623559391153
0.21903024462566842
0.19595345467376088
0.19502565434949204
0.17481561889250483
0.1673974763033419
0.1544758448774578
0.1500500922807537
0.1409505187397487
0.1382391862357888
0.12554892486816932
0.12430672364806156
0.11049088967190927
0.11066159058798027
0.09763646687405377
0.09793220602149323
0.08616794768907682
0.08585971877039021
0.07635846820774199
0.08043850393192521
0.0796164104388002
0.07905288370904064
0.07623622214474889
0.07953555020133081
0.07346880372320337
0.07352018125287163
0.06801239800174856
0.06756318066417948
0.06514389801416788
0.06453650884745302
0.06340539770480272
0.06331142365206317
0.06302411934205057
0.06312706581186063
0.06373833622229678
0.06414915868521497
0.0658781046165852
0.066592331783086
0.06977461266032942
0.07072928719851629
0.07570962785765
0.07682092754272847
0.08372772642292685
0.0845141744991116
0.09228390779739944
0.09119044341670962
0.09728477737232767
0.09692667848937281
0.10457625672689776
0.1052155557755428
0.11470545338264504
0.11477093997798304
0.12926544015927274
0.12984154251929478
0.14540808294810223
0.14564659489292334
0.16191238416537432
0.16199703365873724
0.17839722064644523
0.1785051134306511
0.19416028658862225
0.19440361770480263
0.2086050991895556
0.2088016597199598
0.22093104777380798
0.22175110000671827
0.23086714156590568
0.22702948042875937
0.2272851803283137
0.2279137686021295
0.2324471503813262
0.23071056180042937
0.24096589238716273
0.24074240843615644
0.251297314335524
0.2516082661159917
0.25868656895418735
0.259989348888851
0.2642910314879611
0.26520696222546
0.26703026184678974
0.26762634169031246
0.26730314699906793
0.2673616028328611
0.26530257229217824
0.26486869184057865
0.2612308082440267
0.26034951376186927
0.2547223646172809
0.2534421423550308
0.24545175219350854
0.2445415671046993
0.2359638633860768
0.23513919019685767
0.2269243655335752
0.22641732655517788
0.21740546830089472
0.21637053369624715
0.20536413165050116
0.2047464205791485
0.19072228248725343
0.19166430626606126
0.17784861247577077
0.17785352398774082
0.163047567234992
0.1631679460752871
0.1486331145790585
0.14857582932316074
0.13491206621748209
0.13466669381569799
0.12277194524240133
0.12233922728203567
0.11298762141600126
0.11241919961007951
0.1062210813303248
0.10574046707421775
0.10260039769219809
0.10235747608147093
0.09968035162806106
0.09830837870629029
0.09491766159440096
0.095143667964044
0.09364899232216554
0.09306508222565978
0.09489737829138067
0.09360022474376313
0.0987984897275424
0.09763479691505093
0.10518567988094507
0.10452270350279658
0.11313942436564216
0.11306967865725383
0.12157070482799404
0.12156577093738241
0.12983287059237617
0.13115571396818607
0.14166347160765025
0.14322672681491366
0.1560794019987448
0.15678849007451845
0.17049633338517245
0.17061482248375734
0.18342801658237762
0.18410343853715763
0.19492730917141676
0.19586968723680379
0.20437182629642536
0.20513939659219838
0.21267116499805586
0.21217913221814652
0.2163127473000729
0.21688454110355662
0.2196817604393838
0.22020911201103244
0.22137808762166877
0.22176174013257519
0.2216905527625982
0.2217529340338297
0.22045672605476985
0.2202447872523143
0.2177200033479564
0.21729204671070967
0.21344179961969045
0.21289011048663142
0.20766595056366569
0.20704748843193596
0.20051538190477222
0.19988791252395552
0.19223717795496065
0.19169034790414782
0.18319177149616864
0.18281781205061198
0.17380631208826436
0.17361364273489252
0.16434452854470968
0.16435426009459334
0.1546549599506691
0.1553978419532823
0.14710139978527068
0.14714497205795882
0.14032804059354612
0.1402526409854313
0.1342032393730653
0.13305834970933508
0.12529892615098398
0.12405957962838754
0.11471081782845809
0.11454384889280667
0.1052967351112795
0.10587874951126912
0.0986127992875228
0.09866089006227734
0.094514676098734
0.09428797244590152
0.09382876852017674
0.09348331298628126
0.09675076274415877
0.09639912334312391
0.10306744913136785
0.10275839819671294
0.1122647664569676
0.11200538211734079
0.1236794877580154
0.12344617827146136
0.13660604863078282
0.13637041320074317
0.1503855843806148
0.1501928028571367
0.16451700477804457
0.16453388248773895
0.1787011692773264
0.17893498992948884
0.1925249121168291
0.19294797471019365
0.20554954790834565
0.20612088139566406
0.21735999723189556
0.2180028594350857
0.22761558074529734
0.22824663864612546
0.23611490514876501
0.23671532405791892
0.24300607249294462
0.24345358991637936
0.24893958469701724
0.2484055073332577
0.25194028029208365
0.2518380062860034
0.253643252083663
0.25417114010082675
0.2539127991726767
0.2544649268761745
0.25223323185101326
0.25231967728929827
0.24866857648817986
0.24830660547681302
0.24340086630905747
0.24282257691395107
0.23671247344559923
0.23598973097982023
0.22863655936817392
0.22781583636326397
0.21911835475660268
0.2182865803982997
0.20823322394543597
0.2074798576442407
0.19617693637040387
0.19555978036669608
0.1832042530454365
0.18275421939855738
0.16960609267404692
0.16933716097904364
0.15569495214193455
0.15560422259626422
0.14178416701273514
0.14178751302511855
0.12810996660146612
0.1280045860196078
0.11478690677289455
0.1145416897140837
0.10209414247518046
0.10172872467601567
0.09034981899392748
0.08989702208068183
0.07986378791336435
0.07936594672261733
0.0709132148994963
0.07041986023382248
0.06370851707287736
0.0632728733459382
0.058359762253684326
0.05803346945474779
0.054856273077704985
0.05466788460136099
0.053079014227453085
0.05294254704138896
0.05301161953290878
0.052547120651366845
0.05477461038502602
0.05414745829052318
0.05821067067327087
0.05791298054445478
0.062909728049777
0.06276805943735893
0.06809943768741075
0.06793422759990556
0.07301682073321619
0.07315385497814424
0.07752785063916492
0.07773458659504844
0.0804008271450224
0.08159899048415528
0.08198670014002928
0.0828640682276977
0.08176561157311053
0.0825532355493011
0.0824899338405235
0.08351755148227337
0.083474864328813
0.08547271335481098
0.0861098532459152
0.08820975474488274
0.08817360843681059
0.0883868254193317
0.087112860736744
0.08776641786873651
0.08695953167585581
0.08775118007151984
0.0868161112116112
0.08737451197955963
0.08636939347943597
0.08707239681337454
0.08634254381401442
0.08748936281653268
0.08717887705147608
0.08898126245287129
0.08906364953386159
0.0914361535338278
0.09156538708294504
0.09424205070108012
0.09237610750711077
0.09700153331928961
0.09423658586127294
0.1002261383247976
0.09658599528704943
0.10351054581351476
0.09916561697987474
0.10678613832955253
0.10181813534318519
0.10993684447367628
0.10445899918660322
0.11286387022398786
0.10710386559336654
0.11550151609549557
0.10985250781240292
0.11767216265055717
0.11254642674665229
0.11986443667375647
0.11631636246218736
0.12207138357407409
0.12071868562224129
0.12615654219687458
0.12624209141371723
0.13120784796038817
0.13025206510581444
0.13463206298492147
0.1336571521739466
0.13691338132558822
0.1351769015067762
0.13792065842264317
0.1369226218293457
0.14007176026564352
0.14104828642877826
0.1409484712345182
0.14214369912931316
0.14406036739991016
0.14664582147347865
0.14941640643693635
0.15182112152076724
0.1534794233151112
0.15428471300579408
0.15435386953369665
0.15390481729180178
0.15312223973372355
0.1520958360160405
0.1508177537669794
0.14921115594241832
0.14720421573723858
0.14648024261370293
0.14154997807865563
0.14096133795414745
0.1347523041050433
0.13408177373862964
0.12698867000811392
0.12667590004220344
0.11965689954426988
0.12012918630226349
0.11286186484790654
0.11291829861663288
0.10627492241118232
0.10646198056267492
0.10068155542026108
0.10227648887957974
0.09559578587519559
0.09664010295532588
0.09033860941700701
0.0915276418699658
0.0862952754869174
0.08812653183387237
0.08445653699290852
0.0873471436234294
0.08554827890466836
0.08983370244970806
0.08997907434303642
0.09239598739711462
0.09762820303712394
0.09991676558205476
0.10923506179455324
0.10945196735060299
0.12004520599922873
0.12123594398125821
0.1317553695014693
0.1329856301288012
0.13792383592893254
0.13811842752218853
0.13894335459954457
0.13749944035673708
0.1370782222736164
0.1359592840276243
0.136540616758501
0.1354612745328335
0.13613796043933243
0.13524877119174547
0.13519146976641708
0.13436875871670675
0.13468700813647316
0.1349987867682685
0.13602786040618747
0.13676791966989732
0.1379651482488258
0.13924111381043267
0.14047370326470218
0.14071542778735807
0.1421872746501807
0.14176499954067429
0.14393453020963762
0.14400065065796033
0.14611596688685677
0.14610172141659278
0.148022171827509
0.1466684651449484
0.14997893101426793
0.14908459234379345
0.15279557685053083
0.15165704239039987
0.15499848852888842
0.15307252711031555
0.15559437072558838
0.1525358601358278
0.15455218408930804
0.15136317863629856
0.15506750297771607
0.15554737409089645
0.1587575037689586
0.15761140299300713
0.15545827625200345
0.15762329026797434
0.1505089445994994
0.14920030573588847
0.14444047802303214
0.14186832492424248
0.14159569876702063
0.1381968770005345
0.14051801936045755
0.1395708314634321
0.1427950763114925
0.14251777354761927
0.1448520298371429
0.14522703506138385
0.1464802207867212
0.1466695845346449
0.14718392670753425
0.14755605571488126
0.1465033365436527
0.1465232715488475
0.14714664097555788
0.14717033019921436
0.1499894605818489
0.15016298741890363
0.1559797574899586
0.157368380221023
0.166000168536442
0.1677623556105459
0.17971233800763886
0.18118163584711897
0.19483013304077046
0.19590933634340965
0.20484764288771073
0.21019599006581083
0.21391567360267205
0.21781292028842636
0.21556772548215594
0.21783285477490813
0.21505975386644474
0.2167317495592901
0.2165921851484106
0.21667213965305807
0.21598879863036272
0.21481279616662208
0.21077814628504357
0.2075484938523541
0.19892076803968228
0.19748921051048896
0.18995536411344757
0.18735719913956017
0.18403655474831562
0.18331797058011942
0.1793389200619633
0.17922914756670824
0.17292355916175559
0.1733934894992288
0.16701241338739656
0.16679325152743188
0.1621473972561091
0.16253925475325912
0.15940928942858276
0.1609174333405274
0.16172657851818845
0.1676862579036508
0.1735439097160115
0.17435846366273364
0.18126844388004906
0.18222847201473516
0.1849488852444823
0.18432365903761797
0.1859617536139276
0.18557632239224367
0.18576973759036908
0.18400480254548832
0.1801786800748668
0.17819415955518772
0.16964533873530876
0.1677764080449691
0.15667876310932594
0.155252391244757
0.1479850362194339
0.14249163140325014
0.13956880725122156
0.1357155327512519
0.1375935618658107
0.13545696450829728
0.1368079910554599
0.13553574574842756
0.13251252281603723
0.1341887542108436
0.13107534626960649
0.1331509797371884
0.13003157411556113
0.13177474664914837
0.12860571936816206
0.13022071129946136
0.12753123305658481
0.1289783962334859
0.12735234697913803
0.12877315083514737
0.12835400529926436
0.1296322958518155
0.13026238446168745
0.13124270870090235
0.13237165129183617
0.13290857385243504
0.1329686572800797
0.1323825312653026
0.1320901377205907
0.13073059127152276
0.12867861377873976
0.12301498101645969
0.11829527602980283
0.1180945214348481
0.11258431937351693
0.11290911836593674
0.11109352579717478
0.1129720059579236
0.1092511828561908
0.10941514163533993
0.10284602121666535
0.10345446491770573
0.09688645828611742
0.09804292177364969
0.09206961877345876
0.09457668382932667
0.08849575087201401
0.0915734526502851
0.08545498924698079
0.08829170827963523
0.084281302038198
0.08433974551405476
0.08062135206861802
0.08204221774594607
0.0809696413712796
0.08242122894193826
0.0837735893045067
0.08926159858503842
0.09263832424827957
0.09452047049582435
0.09499960160558973
0.09509778368179211
0.09567731523664641
0.09467989750331418
0.09617913439777821
0.09447956613065306
0.09596811606466811
0.09414171301365658
0.09498857376176395
0.093658747962237
0.09337346487418174
0.0927050250251869
0.09156878507029625
0.09161856225061239
0.09306198067528189
0.09382790780905137
0.096712971471626
0.09697486025330143
0.10069011387255196
0.10129985215179728
0.10617861820283762
0.10587182006837313
0.11352120139058314
0.11188667453957041
0.11947944722490528
0.11726276889774835
0.12578954116805327
0.12451919292609472
0.13435412284786044
0.13359680195740511
0.1434365999913038
0.14209683245410518
0.15145631408559568
0.14907667305844777
0.15826913811071094
0.1554464357690049
0.1641417045951786
0.1636404273737559
0.1673102141100443
0.16770650419679026
0.1726630621322092
0.17088809772447733
0.17377821458186415
0.17187678274154358
0.17400068903196012
0.16668843870717917
0.16663606484620516
0.1623202547663297
0.16541900080218755
0.16363655290222037
0.16711257571696195
0.1664937081782036
0.16925870333712625
0.16928149301717665
0.171875344540501
0.17466802775685564
0.18842986613513155
0.1945341574461311
0.2067737560788495
0.2082556810331604
0.21657358355071596
0.21588343896786968
0.22320529187236046
0.2228386689475567
0.2296613950133937
0.22876222769147378
0.2330758735754961
0.23197671744475956
0.23310197764312687
0.23242602383028663
0.23124483980456556
0.23104775070173791
0.22816689168455173
0.22875770975601128
0.22214164596795447
0.2236308903366043
0.21544297997034467
0.2157105635421316
0.20672523329662415
0.207210489156611
0.1976859030274578
0.19796281038186983
0.18892328432034025
0.188776503919679
0.18021187748467427
0.17801047019231597
0.17350029290671334
0.17347601089384454
0.16854311201244843
0.16948503287138594
0.1653420544117097
0.1665565351054456
0.16459961688620647
0.16527441417618047
0.16423062077364245
0.16478154963330793
0.16455243470775868
0.16469826551576092
0.16488109639360085
0.16475018356637824
0.16496470784619127
0.16493702798221047
0.1646193707780699
0.1622862145672531
0.1500337204894714
0.14439877528359896
0.13295903819515192
0.13198262810457928
0.12396726654116592
0.12448490973607916
0.11629811740977271
0.1176868213327248
0.10971569575060246
0.11119069844150566
0.10611326184568597
0.10937374512397563
0.10324428019593086
0.10482123380929013
0.09788772119656342
0.09812448182740331
0.09179531384461592
0.09317748696081629
0.09085066236059088
0.09407559789935512
0.09387713074109189
0.0985293219140893
0.09926769946879838
0.10012589853727233
0.1011668710838461
0.10223253744519419
0.1030890251020548
0.10669686232868551
0.1074281104802275
0.11202471553679018
0.1116071682273189
0.11581756313507245
0.11535769394581459
0.11813260520286696
0.11780411933823041
0.11826407370286755
0.11562549256561483
0.11695162862358459
0.11528902523827379
0.1166752527086552
0.11367456243859693
0.11635584235426981
0.11169716549404346
0.11678687823761813
0.11114366889835776
0.11693564875368884
0.11143121320068843
0.11608516725068364
0.11274643614025069
0.11502590412902547
0.1144105258388316
0.11490038770936095
0.11627439895354975
0.11971549697226354
0.12162203844308254
0.12145381626762729
0.12041796365356859
0.12271032524038455
0.11924290530390087
0.12171270169120167
0.11981758261577348
0.12527091245518876
0.12431409218078117
0.13111618231450545
0.1306437549358316
0.13464902838640436
0.13410845546709854
0.13333195660420885
0.13234148465716553
0.130779042463822
0.12941965990988402
0.12923646976296405
0.1289051011621873
0.1282149179111591
0.12779312892892913
0.12636248554584192
0.12572772329723111
0.12323992137290364
0.12350027706782118
0.11966230497595386
0.12044074849654307
0.11793610714855274
0.1185615727696483
0.12082267201965748
0.120877089350881
0.12229422418701141
0.12130448377536328
0.1254788491981934
0.12424662478060224
0.12922406827681718
0.12857690507418199
0.1327518594892355
0.13235474217475365
0.13606115835814245
0.13607584621137375
0.13981088283127027
0.13944725355510404
0.14378538088787063
0.14287208773649876
0.14701385610738596
0.14582039144275272
0.14715681416556536
0.14407153415837823
0.1481245469050004
0.1465871744270472
0.1490189025408209
0.14778560266305016
0.14832621396114082
0.14766483788917792
0.14756707609491462
0.1477006414514141
0.14831987806511168
0.14829263078177465
0.1512115629701288
0.15116188448083473
0.15863175523682366
0.15934795930144383
0.1699909690523597
0.16955739963396213
0.18166874896756913
0.1814353145392638
0.19258141294158893
0.19191540486293857
0.20201616741776637
0.20226078999816885
0.21313730897266817
0.21283865850714792
0.2250570564356996
0.2240427643758834
0.235537200224475
0.23464625757340404
0.24224235876538244
0.24245469576015233
0.25053902633345565
0.2499426353514094
0.25695706930169243
0.2565336016055327
0.26230904643773706
0.26185237525206645
0.2666718867528368
0.2665831025406789
0.2712161881776235
0.2712530499916571
0.2767356912067234
0.2764576407674735
0.284515984442431
0.2873437570841149
0.30322443380800373
0.3088101254274531
0.32536856763863164
0.3285517296403417
0.3383754170440813
0.34154458191607323
0.3491912288912504
0.35121198755528993
0.3582235166123386
0.36017074497571033
0.3673543457432343
0.3680685036926991
0.3744307804084066
0.3752183300671312
0.37940874079266695
0.37968506476982916
0.37943116012039463
0.3786885467373848
0.3765134538805679
0.37819770570225736
0.378269678605968
0.3776999327208969
0.3789221344211824
0.37880228016610434
0.3791865364915015
0.37875207889605694
0.37795130941163196
0.37794767465319573
0.37691918643913486
0.3767938649655267
0.3768293049833545
0.3788317342997036
0.38523933379805403
0.3909107941043885
0.3996398201929839
0.4025881190043143
0.4019511573025172
0.40600230584741065
0.40127897251044636
0.40320330868772153
0.4005689901898338
0.4024754649259695
0.4006572467515237
0.40173303356510487
0.3979764411985865
0.3989429904693001
0.39261769664302476
0.38930872362678065
0.37590139178327603
0.3710702373059834
0.3550705343477536
0.3521788390149441
0.3421164775728461
0.33921070651288127
0.3302993341457677
0.3284736781132902
0.3190260151119952
0.31713297927939615
0.30617929207111677
0.3053912487240931
0.29394686113045115
0.29286877660267546
0.28219517730816884
0.280831357924245
0.2724205464423632
0.27140711360428726
0.26271654110580417
0.260988691116894
0.2503937151956879
0.2501925638305947
0.2395770028301062
0.23947950316384323
0.22893752155269154
0.22903818722136773
0.2182363259526067
0.2184727910462839
0.20731610241758724
0.20797027782512825
0.19644696977449103
0.19568089219826112
0.18025688174721366
0.17664000779809172
0.15935022880552832
0.15782097321387806
0.1493792291220637
0.1467583095256639
0.14250585488436227
0.1415335830836635
0.13264311707441195
0.13207402894220374
0.12135895747682839
0.12104730448364015
0.11319837183105737
0.11211522000242147
0.1059269761198166
0.10617522362037757
0.10128192829204317
0.10083635922710943
0.09916936792662127
0.09964108372839842
0.09754307831910682
0.10075930930544487
0.09896668539731428
0.10245372078774334
0.10616143665829704
0.10851997261325297
0.1158351307054883
0.1160742782672749
0.12331825940988779
0.12344679862069151
0.1303676552865608
0.13059119849166886
0.13711650772663292
0.13719725699987587
0.14385481998485103
0.14438552256573897
0.15278782812598998
0.15381474582314383
0.16360293578976773
0.16571906005358092
0.16958412312745283
0.17693081547985914
0.18202976836083348
0.18624574120509085
0.19024347732831817
0.19190803836843953
0.19233270556002413
0.19178185069576778
0.18974225103449202
0.1866810160348538
0.18481346152483036
0.1826067182408377
0.1791546804781348
0.17753569128962512
0.17365779622335317
0.1737385063826887
0.17287902551003054
0.1734005309892497
0.17365477368238844
0.17444126317898287
0.1732085876368031
0.17362900425280484
0.17356800400605335
0.17434017355542822
0.17601151519205507
0.1760356717639524
0.17834942229939954
0.17803969565349773
0.1822819670660906
0.17904137297543685
0.1843025567315397
0.18057973424600124
0.18136712461212298
0.17874767117911164
0.17686969873903488
0.17642673422278568
0.17542184347160036
0.1752865676652656
0.17515311869318698
0.17501390801323305
0.17423469826738244
0.17593760871819372
0.17276404793300992
0.172854204975587
0.16974972240974703
0.16905298067526972
0.16518524294583387
0.16344595222511774
0.16630643399974152
0.15881034174457526
0.16102030311564322
0.15636861260268062
0.1602472355866448
0.15780377632882556
0.16507443131823865
0.16372146657731632
0.17182212500145969
0.1719202507349817
0.17904075866486913
0.1790915956810966
0.1864544623656489
0.1860094040469634
0.19440244111224922
0.19804437542032052
0.2120116225948476
0.21214650623082332
0.22232518021970818
0.22443433292447154
0.22992371525306296
0.23007430357835798
0.23523574011345025
0.23480276253798868
0.23849887936474345
0.23782913517578838
0.2390848804828981
0.2389475529587348
0.23838362188176732
0.23844704047220935
0.23645473199022202
0.2368345141942938
0.2333298187453653
0.23402112799712405
0.22876305555971618
0.2297462402039445
0.2225589161599645
0.22376636485261084
0.21618712305472365
0.21808863221199257
0.21155239445893903
0.21159264120796864
0.2061621857803018
0.20562217052409584
0.19844198239412705
0.20027380150158458
0.1929825150479684
0.19691678468074078
0.1888032314945458
0.19462475877632476
0.18606689567527723
0.19287648519694645
0.1840133320541455
0.19119317199073058
0.18227777508915188
0.18911097109416644
0.18075087185644734
0.18650866731189183
0.17890345403481142
0.18296041915661718
0.17601755247775216
0.17856064539326708
0.17038237349663274
0.1667686155150024
0.1518513495424176
0.15005873435788789
0.13988720504518617
0.13927578319152123
0.13461269466990852
0.1350790976644469
0.12706611665910797
0.12715711465866528
0.1203296523834163
0.12309190328861434
0.11853798295808204
0.1218682862006419
0.1182959856823745
0.12141348480852016
0.1181017836851972
0.12029956302931584
0.11734397946739861
0.11852191354492997
0.11505836572829314
0.11651851335852742
0.1146394025933813
0.11616440782097377
0.11440939600466447
0.1156605681464128
0.11376597814603256
0.11516187612555247
0.11408539765804714
0.11741484524628193
0.11660888961254533
0.11827920541282073
0.1170667843120547
0.11617101776578416
0.11654927389929308
0.11234330903585892
0.11215176446206099
0.10726791580109236
0.10753475300407071
0.10257405149662996
0.10289764988794291
0.09822912949160402
0.09809575907899547
0.09398835686533281
0.09365212765620488
0.09047763725345508
0.0899269466703969
0.08820185105021938
0.0875923318935841
0.08766436835672213
0.08750277785096248
0.08981170437389864
0.08854231259526585
0.08925765408267829
0.08754365782288336
0.09162187637517866
0.09201364526613776
0.09758350101205254
0.09595405148373287
0.10027253113332592
0.09700862785941204
0.10114553603076963
0.09755420814419752
0.09916874835098226
0.09632688211252582
0.09818515270056126
0.09630159853717539
0.09829135136490676
0.0985897627304443
0.1011172642617263
0.10317852563968521
0.10869064544955563
0.11001041410111732
0.11732198070013368
0.1178054416252181
0.12530565506074995
0.12568430632125194
0.1317254037973698
0.13245209744214753
0.13622505446478314
0.13745872764208603
0.13928365152167851
0.13930974678351704
0.1405923137778209
0.14144496128659592
0.14046666585582193
0.14095181410173752
0.13990712150499396
0.14027337536711565
0.14048960984227435
0.1407905594876211
0.14234024266104883
0.14231908809341737
0.14513333533047024
0.14488552838487537
0.14859761957624287
0.14815841995642776
0.1517477524368027
0.15117311228534114
0.15396225386789394
0.15330655943580632
0.15506259389215057
0.15440005250646074
0.15508973297627773
0.15451505164555948
0.1542521107766219
0.15383534175828653
0.15281624107201347
0.15251503733356528
0.15072772444442076
0.15120019606908816
0.15088706733917692
0.1516193961855518
0.15076284841874812
0.15041471076199955
0.14991763500710567
0.14965062421358516
0.14748619811216865
0.14567130953405746
0.1394446792365645
0.13852963797253703
0.12923516540369176
0.12929298072235046
0.11877624154047517
0.11903233287264038
0.11086729897691149
0.11080640000854995
0.10624284810282676
0.1058937277223156
0.10542153921619346
0.10501138139307954
0.10855329382485664
0.10815336233575977
0.11517667357002165
0.11484084758645276
0.12283482691664786
0.12254775515676199
0.1301111191938328
0.12983804609723384
0.13689906424582118
0.13659788728456504
0.14305089547130154
0.14284703690521156
0.14850813985284708
0.14857172254608625
0.1531964524224645
0.15349376881478496
0.15681508014234372
0.15730100437537048
0.15907653504329763
0.15969108355116826
0.15974772553935915
0.1604141550195631
0.1586850481311564
0.1593462836828008
0.15593525013230863
0.15663728337947275
0.15208352495392538
0.1521097057376949
0.1476845922625758
0.14719380584862865
0.1440783317320575
0.14460930387360796
0.1431839003065352
0.143888135184467
0.14489175081222255
0.1452303452458734
0.14813868349875756
0.14790330759760578
0.15229608171814316
0.15180494808785858
0.1573182376728053
0.1566791473865602
0.16132997193449736
0.16053030143105296
0.1637670286035662
0.16285141982187087
0.1644779438692698
0.16356701949515343
0.16356146499308788
0.16276004259469865
0.16122801102891388
0.16059242489835188
0.1577370757222125
0.15730057229465044
0.15340098330739446
0.15318079377968682
0.14856230341948481
0.14855768773827177
0.14356304208455606
0.14360315703716117
0.13857054390552137
0.13844569345774888
0.1336907460556799
0.133409185753395
0.12920663395738383
0.12879911060157584
0.12536217462714996
0.1248715348130025
0.12233163652778041
0.12181030902399675
0.12020396699400732
0.11970911284684266
0.11897975589062672
0.11856677506471004
0.11859058678459498
0.11830121347392264
0.1189652349500094
0.11878025067155008
0.11900778432290675
0.11871119347455115
0.11716827022134646
0.11671461348143013
0.11346925945423404
0.11334450522211877
0.10883736315928196
0.10902039904508672
0.10374420574062755
0.10370814625073245
0.09782495038012833
0.09806477528207104
0.09253287329625093
0.09304326636190736
0.08832484342487129
0.0897005924850865
0.08706253307967028
0.0883159404262247
0.08747573023863302
0.08845635809091053
0.0891098762288064
0.09021064001053375
0.09251182155065744
0.09382089932481397
0.09782614777975988
0.09908947952288695
0.10439060563490525
0.10503698197031706
0.11058557955359986
0.1108393255525642
0.11581478156362829
0.11624388834996428
0.12084897966529588
0.12103463528530133
0.12556931396512908
0.12577356784205737
0.12992258231573664
0.13040378975443598
0.13369193174397034
0.13445632405391858
0.13638095623976082
0.13739856637846726
0.13765783700187045
0.13872447622051817
0.13802842777208219
0.13890902090313575
0.13994772826765625
0.14051469319264112
0.1430395290453895
0.14334258178820866
0.147195924618948
0.14706453562285374
0.15143665944321644
0.15111416776001357
0.15599640765509246
0.15571363320223006
0.16106387620094076
0.16104952104597012
0.16661059372315593
0.1663493520071097
0.1709863758318242
0.17058019529784021
0.1738011618469011
0.17265814142503252
0.17320576485237474
0.17224116006290244
0.17041247098886012
0.16972990320613232
0.1659054015894962
0.16512381668377965
0.15930970088078958
0.15834354297970712
0.15062365165218117
0.14969129893378771
0.1402549599461825
0.14019690940957452
0.12939933663086142
0.13047739216726537
0.12248017286200118
0.12528198692758521
0.1198373459938017
0.12407829239343783
0.11940810573729464
0.12016578586902972
0.11779352194037947
0.1173578693597423
0.11678959106494348
0.11603758520639303
0.11804238305029308
0.11713250290376742
0.12221399721908273
0.1209951699695825
0.12795962140467537
0.12672562603116594
0.13234893097036002
0.13151327554951425
0.1355378185263517
0.135054042487081
0.13767079415636016
0.13751290683827969
0.13873134478698662
0.13882152714592935
0.13869516994217804
0.13897136006800295
0.1376287235676805
0.1380755292316634
0.1355829134558064
0.1361616256874917
0.13247896498179423
0.13235019323373512
0.12849815957967056
0.13010175232419216
0.1280249067663452
0.13056009120201514
0.12996772484226665
0.13342173039254399
0.13452569513513304
0.13923539390191214
0.1422553786783167
0.14837106101802025
0.15298079489545732
0.15553182978235472
0.1647074179596724
0.16489751484854456
0.1752765133330447
0.17637168087252064
0.18223541645856486
0.18216382681849633
0.18406323444999087
0.182915339109516
0.18387361826755896
0.18435543304440907
0.18286118257385772
0.183287682854165
0.18043877348469028
0.18040894220988327
0.17702077014700157
0.17847776707117732
0.17204506288210067
0.17275303662793487
0.16563528418379136
0.1663421659974282
0.15937606906361926
0.16009758973813262
0.1535917928379138
0.15441009926496382
0.14793336780665092
0.14949274146712016
0.14377526435929686
0.1461092085517803
0.14129289522585256
0.1444185277995598
0.14063161878008912
0.14448356398071113
0.1419237383040364
0.14638042435529167
0.14525962796130854
0.1509940328030626
0.15039480307798656
0.1547998669679292
0.15283609783733262
0.15657754947840594
0.1545303335243438
0.15733099826191235
0.15378102273931143
0.156523513580645
0.15339960757117574
0.1584648087507415
0.15455346955378232
0.16462428512890637
0.15537569824052608
0.16331045960405735
0.15544956970582766
0.1588114539720236
0.15100258923229912
0.15450096329684582
0.14902753577970104
0.1525127303025729
0.14771245062756438
0.15178570355761464
0.14803322819720535
0.15201707330991318
0.14907647230875676
0.15252263834849197
0.14965269107525267
0.1503812633654379
0.14994047418618053
0.1506864040331641
0.15084163916583926
0.1515378158864192
0.15275405174942883
0.15444357950113724
0.1565943490284957
0.15922885561868186
0.1629555300323608
0.16591532072734635
0.16780739198333697
0.174153419055333
0.17620362534330647
0.18552622159335777
0.18584485034281875
0.19364642710820443
0.19752143015699067
0.19956649293489537
0.20362731119313657
0.20346423843304132
0.20624909180672546
0.20372536880244152
0.2052725671795829
0.19917965568595228
0.1993434953403108
0.1941465645387098
0.19345029380329523
0.18672141596678593
0.18427801500574145
0.1736690146481457
0.17065933186443039
0.15827355552386063
0.15688000834410148
0.1480842990200652
0.14566919681508322
0.14033458725929834
0.14156342734683905
0.1354052117153093
0.13759351491762878
0.13127989155983802
0.13451362728149743
0.1293429266771594
0.1334500455171201
0.12932461558299552
0.13466564832294273
0.13226991280032652
0.14110117932113758
0.1425420126248922
0.15725413709542782
0.15687418639082998
0.17042832663142568
0.17095520985878263
0.18073290406975895
0.17884036317871044
0.18875081625669457
0.18649673511080786
0.19567314927305343
0.19098293374950256
0.20159397323425224
0.19286534072331638
0.20276539993305934
0.1899084660438942
0.20145135991534582
0.18927740458523046
0.1969985460070892
0.19003488113998954
0.19697131691975522
0.19168790609992514
0.19922899586712695
0.19587568554180332
0.2039838130769771
0.20406984986737284
0.21123873071498045
0.21172701865610988
0.21673051338593977
0.21711017119466144
0.2199274621838759
0.21973223161563912
0.2212403875456291
0.22128735092193474
0.22141801213397097
0.22204457411197887
0.22242690393812228
0.22247895598440445
0.22285910730598513
0.22273256875908676
0.222834328500529
0.222532187103996
0.2220446553965998
0.2216194703845873
0.22016751514520927
0.21992694772095253
0.21668462152910173
0.21611957242552046
0.20807963080983063
0.20506517998536775
0.19062320841488808
0.19082141302165725
0.1798582880826681
0.18021491323840907
0.17107368823665617
0.1727645132743398
0.16147480410321588
0.1610709656379166
0.14850941075799914
0.1494049784865473
0.13703916192862667
0.13861211658662234
0.1268054768655416
0.1297980205774652
0.11780845346677504
0.1212744949134663
0.10914432992233125
0.11216534495454976
0.10196523466859142
0.1020755492257739
0.09248524708594524
0.09442240078233939
0.08742554149196569
0.08933772607122215
0.08437342912687375
0.09019346883212752
0.09133007904437317
0.09490512120374756
0.09481130271654077
0.09599602689725249
0.09651569867379316
0.09675762078103832
0.09954596214459327
0.09908457544860805
0.101538885156429
0.1010795466953584
0.10184178601553355
0.10190673219633893
0.10052542149127591
0.10110932292589626
0.09797897396540034
0.09892617028387625
0.09765991916430428
0.0983962386831479
0.0994285104058693
0.09966048285582296
0.10377590786346781
0.10435497748135351
0.11109869718130212
0.11076809713532815
0.11649084722411736
0.11483850694775444
0.12236876091088433
0.12037940913835787
0.1292928425840179
0.12839335417973177
0.1382481592640585
0.13725214382455897
0.14703144822266004
0.14522278098281546
0.15455744541276814
0.15167812761906505
0.16082693954823507
0.1576068225374104
0.16616924919334167
0.16561266050999793
0.16895618646027744
0.16935459001855305
0.17322809232245692
0.17116596785516414
0.17268103118575548
0.1702639034018906
0.1712365097789427
0.16366466812793648
0.16193594675858572
0.15693349174072793
0.15866589073633697
0.1569219196029056
0.15975126470931056
0.1589729536410014
0.16081260153858193
0.16098670433266324
0.16277492826700476
0.1657176034402098
0.1790243243065276
0.18530726385619767
0.1971700585879935
0.19855143789413177
0.2061932957149157
0.20545131849748166
0.2123545021664047
0.21208835470978593
0.21859010229549036
0.2176341838656676
0.22156610623323988
0.22043496673821764
0.2210963054575786
0.22038133373902516
0.2187132622451873
0.21847780519835458
0.21507925565877462
0.21557776947543364
0.2083178781911803
0.20984059044103934
0.20088353340285972
0.20120320814508588
0.1914167895465834
0.19191277003837548
0.18220355725537993
0.18247735772881726
0.1739433465011354
0.17382970262730477
0.16644906147082858
0.16402814491042966
0.16039985908408835
0.15999991912154338
0.15588714327748573
0.15619338139455793
0.1530598862118356
0.15450953626128
0.15335785167301036
0.15425535872964777
0.15385643951585207
0.15456365139655293
0.15497225452594562
0.1552579647119832
0.15609267380661654
0.15608705165344536
0.15693220566029545
0.1567726991973117
0.15692676032792913
0.15444392621486622
0.14222263748821498
0.13639049190133537
0.12463367991219015
0.12310098610236847
0.11662620536993784
0.11806092197958575
0.11104362583977544
0.11282383408181261
0.10585744833154644
0.10738844779110958
0.10342759646264577
0.10387068463399095
0.10222632642266564
0.10201879859063434
0.10121094083922977
0.1014678327973923
0.10014682592322655
0.10070900362467895
0.1004821806632883
0.10059305452504898
0.10031388837990712
0.10519727967795382
0.1070060700124027
0.10803433088413023
0.10958986735438142
0.11101285749493361
0.111464732413803
0.11535950003592005
0.11511775776255469
0.12017903012966491
0.11936379858784542
0.12437010495075385
0.12378011850874164
0.12747988844244762
0.12715085008210966
0.1276251021247445
0.12557660388488281
0.12668791405106714
0.12493833866028421
0.12539965662435315
0.12264184967216814
0.12548058635931383
0.12154516509674744
0.12730565584496292
0.12221073730266674
0.12885364498215054
0.12380141067380279
0.12918477363176067
0.12650982048399081
0.12910410984453238
0.1294967852980052
0.1307705681930056
0.1318211297991969
0.13444404718184869
0.13588774373594462
0.13487760638307408
0.13421377906788085
0.13515493125436887
0.13121682022310843
0.13531074761121195
0.12957902024072263
0.13576323218799616
0.12928198363289972
0.13513120775843834
0.1301266843536256
0.13411404626876247
0.1319486645624557
0.1325483397809383
0.13257089109185846
0.12914438640203588
0.1276384542522887
0.12794572007493396
0.1275780438271308
0.13012599930514293
0.12981981342396293
0.13181015380314434
0.13118188153286647
0.13211537528618525
0.13233977211018005
0.1318129411817459
0.1326825891575827
0.13086104422133235
0.13147299002318447
0.13054245738422088
0.13010084893699478
0.12934219257233676
0.12887352788838605
0.13041700238843565
0.13112985352884207
0.13080630988629458
0.13186806296640138
0.12671476152745334
0.1297729401136283
0.12299789116462222
0.1264082670583112
0.12089775365106942
0.12220072951660184
0.11924312496116314
0.11795842446865
0.11725930820891069
0.1162925810407245
0.1126072754593848
0.10940951372252673
0.10787762175655617
0.1055652138074164
0.10328914990666209
0.10246685399121468
0.09777420173914646
0.09815724638861374
0.09214345391240197
0.09407116848396424
0.08797517252714847
0.09063798571756031
0.08589727111126001
0.08948723613431729
0.08897761676668352
0.09512711838655559
0.09491290460473677
0.10230092575545498
0.10107483296758844
0.10601131457455898
0.10240551930638446
0.10717342688303488
0.10167876449704621
0.1083965072508347
0.10263372082819565
0.1097565567289997
0.10489127810780717
0.11087025214379781
0.1088307176210196
0.11366680705384764
0.11380222465665969
0.11875674444812084
0.11844256273004435
0.12417492756408481
0.12279319791358345
0.13140540339569545
0.1289481797911642
0.13811410178779812
0.13758098340359962
0.14598133677641184
0.14613523359705263
0.15490928500582177
0.1547331560784112
0.16502650596790747
0.16555482775137872
0.18016066896878943
0.1854206858733903
0.2055929112404039
0.20818279526146125
0.22368454743186442
0.23024229420891995
0.24155848772536903
0.24504122667492523
0.2570189608449307
0.2585236033324329
0.26933025488122897
0.27050908214233876
0.2797950284030765
0.2801800797655268
0.2886117597066396
0.2886187961033762
0.29479247164227357
0.29566601803944054
0.29755108452401563
0.2976657241064452
0.30162564353234284
0.30202344551882254
0.307942391218481
0.3076087286612252
0.3135459863406781
0.3132111262841648
0.3176695530917933
0.3172442158559659
0.3209873209985655
0.32123103024203026
0.32528479749105316
0.3253668697484096
0.33143510928035486
0.3358940120231814
0.3495758639983053
0.35158757926707596
0.35834430069957496
0.3619651255423462
0.3571954724262674
0.35677692600246735
0.35378865695905864
0.35433436562391013
0.3525730941331071
0.3524467900175992
0.34903047021110395
0.349370123370453
0.34415038010771976
0.34330936522582767
0.33530076010962534
0.3296974095167054
0.3141864127383594
0.3123872664569424
0.3018251995476648
0.29556040543991496
0.28450765496574465
0.2814799551770809
0.2695381690377122
0.2685006560067124
0.2571181997988448
0.256477452510368
0.2459190684046856
0.24601749130428788
0.2353409781184528
0.23537913441632796
0.22511090242912293
0.2226248347031453
0.21346800500759344
0.21216302863998004
0.2000815342568819
0.19925447926553863
0.1869747478132245
0.18651677461251367
0.17468842004103388
0.17459336332303657
0.16330756288139375
0.16365304925341845
0.15297583364690465
0.15370692105782355
0.14383807749661784
0.14534796530457653
0.13530411080933621
0.13293736259105218
0.11722219154671293
0.1178792323678055
0.10627298175615725
0.10522744962680404
0.10047647308153207
0.10468935901109204
0.09698854362741266
0.09806541242311267
0.08917147207785475
0.09099100935972483
0.08299743599367836
0.08552219166929875
0.07821913131126852
0.08124954062200723
0.07451545654813008
0.0770615575622153
0.07200453341323286
0.07480201231845776
0.07071887998410209
0.0738069053004636
0.07701477435593027
0.08025317343387915
0.08336756726604615
0.09141094146178823
0.0931840978275328
0.10396932797565812
0.10365479308936304
0.11369452078338471
0.11316488899993137
0.1227676581019051
0.12253599287463295
0.13230934263456567
0.13230447768022582
0.14236177110664353
0.14303972096164694
0.15478773169842044
0.15608314710221463
0.16958211907958845
0.17149416849440316
0.17821109564514828
0.1858046472115413
0.1919311789797987
0.19587127929860895
0.1989551358921258
0.20012101873772925
0.19867968118942847
0.19743803077220587
0.19489441601090984
0.19120151795221862
0.18770233845437312
0.18548454340461126
0.1824342910215744
0.18148796542510015
0.17866989559220747
0.1790855252841825
0.17922764129376792
0.17960270294676303
0.17949852957407444
0.17990520988060318
0.17800352378634363
0.1790376140380188
0.17756381084300518
0.17946948698628132
0.17874834091547578
0.18047304995819421
0.17882851588255086
0.18012880304952608
0.17870151822971717
0.17667630886589822
0.1740671486060925
0.1711623863558818
0.16302305259909805
0.1608378669085173
0.14938678928037738
0.14889502820606948
0.1380033463643728
0.13771935197528043
0.12746675510470348
0.12738548534514144
0.11864228643437937
0.12114908194179659
0.11255536938604478
0.11306290371078868
0.1037068059437609
0.10370617958710247
0.09448672867834891
0.09353242778313092
0.09216414409952879
0.08465032642734101
0.08399276903612862
0.08236767248892614
0.07984996397665119
0.07804430644849386
0.07783770942769484
0.07645963829070268
0.07596790653206859
0.07634445757281928
0.07693419251968737
0.07741710997212915
0.0777003560502043
0.07715642263788815
0.07705255187313628
0.08003561225792959
0.08577533008259279
0.08553985406749397
0.09253963480958705
0.09487141262510423
0.09906488850674693
0.09846832250150901
0.10322788592091824
0.10156319185491124
0.10584185007349112
0.10337132066628041
0.1066099267487743
0.10472596434257653
0.10786313177679863
0.1066024581748546
0.10965201034981592
0.10920355760910033
0.11185808195335456
0.11217332798102585
0.1142129586159284
0.11513228797256453
0.11672696047668425
0.11901482604857483
0.12172939706920387
0.12422000515799937
0.12532021112586064
0.12444481868448094
0.12269209452889286
0.12283210615125557
0.12121950649022863
0.12310549761894955
0.12008008077323722
0.12450185164160144
0.1199596839449698
0.1266024775496091
0.12128353698011468
0.12621414251592508
0.12487817637608212
0.1323876376376962
0.1321457973929702
0.1402619897786326
0.14045794228066708
0.14712706415718937
0.14711923969906224
0.15175065268502083
0.15170169228021654
0.15491621386516843
0.15478389055590822
0.1524158875734258
0.14560294745334937
0.14483675288374118
0.13814853691470613
0.13743464240452682
0.1341708371181107
0.13471680494863117
0.12814579190167139
0.12835167740711637
0.12356203326395022
0.12637208766130226
0.12407890790108088
0.12732148219704167
0.12578433794550023
0.12872571540638839
0.12732889460319613
0.12935063850527448
0.12816934095730897
0.12921662095870226
0.12841702769991395
0.12859841342313846
0.1279675897901116
0.1265233796576016
0.12451696691987141
0.12254386343294964
0.12081683585206758
0.11938216439678463
0.11940187515050234
0.1187162150092811
0.11781519528834115
0.11576649253267408
0.11448327252394747
0.1099336333291538
0.11020869102507393
0.10472970894048698
0.10436413631370506
0.09745422836740882
0.0983514465858137
0.09083741455208592
0.09150674591696051
0.0837343423823594
0.08434655257226266
0.07747471768997331
0.07793870276944528
0.07269083713867265
0.07338736311003029
0.07009440894100713
0.07154960101297922
0.06981259075476923
0.07285360404210682
0.07262779274239173
0.07582181580039422
0.07359417525106327
0.07809300172554288
0.07765349817811253
0.08559380519267763
0.08526670649696916
0.09213164421044157
0.08950827000168061
0.09586702730094526
0.09247354893285843
0.09918340007440533
0.09595681681986308
0.10315611836349552
0.1040663360606144
0.10998759745196023
0.10842736201751653
0.11483805442262253
0.11526953540219613
0.12461913417835961
0.12559776638696546
0.13785968665908763
0.13826517778813682
0.15201239403471473
0.15152739456278946
0.16521875906478847
0.16503324284440962
0.17709165262585047
0.17699399080272024
0.18701233947352394
0.18736571462769694
0.19378493089355572
0.19349757060547249
0.19866179842450726
0.1986848052264446
0.20098725292905473
0.20101180353997983
0.20219940710902243
0.20252054411310008
0.20229162384511998
0.20243058504250325
0.20122269720230038
0.20107297168450797
0.19951149483980143
0.19974840355508272
0.19717748328313708
0.19771600411535398
0.19391231035870746
0.19470570515382027
0.1895378962852491
0.19058403904871213
0.18402673900886202
0.18535966069173723
0.1785681304422471
0.17863919083301094
0.17002653762865913
0.16987357749802745
0.1601725890405002
0.16008205642362758
0.15054104728297266
0.15196816573842933
0.1435817320075836
0.14123444608784183
0.13372850839604397
0.13414895152660758
0.12701279714843203
0.12617732303861226
0.11659668197068401
0.1151455323033838
0.10360309221699182
0.10311465292216875
0.0911590356303232
0.09184043880456762
0.0815856264217847
0.08176617383876851
0.0745329333918607
0.07437530385557677
0.07095338474294781
0.07067437818202509
0.07125951475650928
0.07096351394544931
0.07534355455773849
0.07508849090638949
0.08273855115491449
0.08252461014018618
0.09276743496859129
0.09256360247613081
0.10467334770837956
0.10443674147610295
0.11765103872035798
0.117386626051171
0.13034871021765113
0.1296815331244146
0.14229139820706607
0.14141394899965468
0.15328560715744882
0.1522465796998427
0.16305603839696362
0.16185479617589257
0.17136295720897277
0.16996328121142687
0.1769879561927281
0.17747987721563632
0.1832774915075549
0.183684106225482
0.18828775825528485
0.18878472647786404
0.19154904788400653
0.1906148871181571
0.19127893977202212
0.19069032390960702
0.1914302232535168
0.19156249557271224
0.1910848100128679
0.1911080835636713
0.19200114578275207
0.19204611984183484
0.19295263848356922
0.19257529201737064
0.19291789399247847
0.1923209120167183
0.1917636008786494
0.19098445949990295
0.1891889752932665
0.18825398079792133
0.18493505649887512
0.18396057486117942
0.1789850117038366
0.17808845552143016
0.1714726936103459
0.1707196579621788
0.1626038682373709
0.1620388745304134
0.15266623256712045
0.15231574329205688
0.14200173337994487
0.14187567196826784
0.13097247212261623
0.13103169995258254
0.11989821802594647
0.11985284476475899
0.10883113664877792
0.10861535866780732
0.09800901416466752
0.0976514867405695
0.08770254655339398
0.0872498033920222
0.0781207706555055
0.07763369229642512
0.0695650660582187
0.06857258267742149
0.06266974736162827
0.062455879733468
0.05831965188058183
0.058423185831510294
0.05578173117150572
0.05612286507881775
0.054640007046052534
0.05505401979230853
0.05465363022689259
0.05473253033216519
0.055258708258891176
0.05514285744443168
0.05409255529679296
0.054171647029871574
0.0521787974542261
0.0520303414133457
0.04965699440362955
0.049759637111314425
0.04735489477780757
0.04778416833839491
0.04605845220791747
0.04649597914889067
0.04607078236867738
0.047463499196482704
0.04909144067426809
0.05023328006183323
0.05351477382338025
0.05472776792760293
0.05986363177463012
0.061397358469754915
0.06865265690556412
0.07031828202445432
0.079527952806772
0.08071680870577654
0.09088874566152856
0.09112702985369843
0.10103856638154131
0.10143525500146662
0.10034189437756426
0.1009817976671357
0.1003645781350994
0.10102803583707388
0.10096122029445198
0.1017865654366274
0.10233708771149934
0.1031192496387016
0.10386870409576006
0.10442218982116659
0.10434035869739956
0.10509815665437448
0.10629146064706109
0.10828483884915756
0.10842044699729421
0.11188540612436154
0.11201300639410233
0.117085696115459
0.11698031622239814
0.12337914377461462
0.12310794209004554
0.13051080179094504
0.1302206754852848
0.13834004023097182
0.13815256866604952
0.14688650070001982
0.14664933526877375
0.1550239404663461
0.15456561240613134
0.16227303188590295
0.161013009138874
0.16823807420071404
0.1656741744871577
0.17133281547404192
0.1667804980860299
0.1720408111426559
0.1659416828098689
0.1706022906233734
0.16280904582254116
0.1668155221957729
0.15710447167240638
0.16071951339840396
0.14927480314278865
0.1527135975047117
0.14089466939314763
0.14358017821081429
0.13302758810248802
0.13281798704315192
0.1340160481968785
0.1357620949545319
0.1379287409629726
0.14175755036410856
0.14430275513488672
0.14376709792308295
0.1467490002003111
0.14596910844821273
0.14958957969348133
0.14920159969581334
0.15428178403932605
0.1533003228829549
0.15736808474738637
0.15456757183271153
0.1595011309334168
0.1551787191791618
0.15980293765001488
0.1539100192599741
0.15838594658878005
0.1513729283356617
0.1554525964481744
0.14772264350794992
0.15112688424218765
0.142974788901892
0.1455602824949438
0.13731156577576717
0.13889878220932453
0.13090637470499628
0.13132171762067624
0.12372364684412533
0.12475164582634414
0.11887512338966343
0.12084435676068807
0.11650411883788205
0.11933352107640477
0.116549657277832
0.12039718568305714
0.1192690035664082
0.12134633628615137
0.12489569847853473
0.1274782637192252
0.13614122735378512
0.13851368863477453
0.15151046734477946
0.15157001326298017
0.1660083563171895
0.16710345596163834
0.18105440310466095
0.18230775246974318
0.1893648137158236
0.18977421465550756
0.189388263881433
0.18752851906537196
0.19022388357014533
0.18711513110504538
0.19157675521472942
0.18735207284557295
0.19159731395924437
0.18654407030355333
0.19008907397122923
0.18440957501716523
0.18760603846906296
0.18208518276845145
0.18424481241149204
0.1792190824379821
0.1802708804517705
0.17565366786041733
0.1766488237810057
0.17374766809136954
0.1743545985156032
0.174089547214786
0.17466171265660468
0.17703954213008619
0.17753903806074348
0.18250821834284112
0.18283163543632205
0.19022643127443703
0.19041207298694698
0.198129216988287
0.19695060945547793
0.20432018265280197
0.20201069447349673
0.20878431578694187
0.20522768845464542
0.21110778725880186
0.207009192510052
0.21545413132595928
0.2087500132209622
0.219535260511055
0.20848098224721048
0.21936437189415806
0.20347799840111058
0.21095884977660895
0.19624143074952957
0.19941597251474671
0.18864735211423014
0.1882292061472999
0.1807220007396573
0.1782407168259927
0.17416847506027022
0.17354556643972588
0.17171871771975689
0.17222324847513337
0.1690092455116445
0.1702498169582405
0.16724702740285513
0.16868857524466196
0.16553282951565082
0.16852913287791427
0.16623434227308945
0.17083011736535936
0.16971324864662138
0.17617047809347255
0.1763866716737478
0.18544394694850277
0.18595383085816578
0.19718755010116562
0.1983813768477346
0.21164131864515845
0.2129608789102322
0.22790193830013716
0.22768148297327692
0.2403527856848957
0.24380927171471675
0.24958372081475208
0.25271162508258144
0.2507616693496613
0.25328667150142165
0.24800108850336697
0.2496397381167231
0.24719113712989324
0.24849688582864293
0.2470815203253873
0.24648213896918889
0.243966347510557
0.24169795342408582
0.2359519322935413
0.233216786536534
0.22687611547558648
0.22554077987737423
0.22107079335427005
0.2190867888490465
0.21589069612925813
0.21325797070373245
0.21164205839599845
0.21041751993126231
0.2102834968918693
0.21085796029811488
0.21090839303753786
0.21084978611207142
0.21094235206536616
0.211266671256462
0.21213203167688613
0.21449414161605143
0.21885410296515362
0.2213910948040386
0.22602641990999073
0.22650982623209048
0.22602766279109762
0.22624306732893384
0.2234042430439538
0.22326618616106356
0.2198966854311584
0.2187756907553046
0.2125226073228728
0.2106715505567862
0.19993546389950678
0.19782188321140284
0.18351651135823085
0.1826803192035932
0.16901879153790275
0.16477990651395924
0.15622271226679646
0.1526207025113765
0.15004865132028947
0.14727784451900075
0.14662492197932445
0.14501801711245846
0.14027074200068318
0.13981550182537855
0.13202616487880917
0.13395750233021583
0.12748401461196443
0.12894132278847037
0.12255920562901883
0.12405339126126046
0.11856189588293685
0.11991743303268088
0.11808615760897306
0.11939028261874042
0.11900782408343082
0.12033197313571364
0.12139222038427333
0.12263692068915301
0.12384747529442298
0.12485363873555629
0.12535617400554133
0.12530025277241064
0.12468751465175239
0.12313650646605838
0.12169994985208582
0.11826202251196129
0.11364608180209128
0.1108568476127144
0.10345976149844029
0.10565707543750368
0.10436106835786813
0.10650657489404021
0.105652162144577
0.10751710192070295
0.10327031565193408
0.10334072374090676
0.09811672461184671
0.09837106884448538
0.0927896195306185
0.09314981634382712
0.0879270302313367
0.08842667278713724
0.08405161169671872
0.08399541194939486
0.08020760546212377
0.08015024920855386
0.07667433084330666
0.07696842701531591
0.07469786807151255
0.07635370552168344
0.07535219846623441
0.07882352957753339
0.08591103598216097
0.08898264762733958
0.09222494540964636
0.09393252741556445
0.09425151570208928
0.09395067978540593
0.09355977823739542
0.09277022112740686
0.09099513925500495
0.08985867880607318
0.08809292159126404
0.08637454865553845
0.0850106972135403
0.08428535178993972
0.08411953852278986
0.0843650687643618
0.08480950343928662
0.08521971746373765
0.0854608061344219
0.08594014372897786
0.08567271151647393
0.08640725557488373
0.08667250078571503
0.08825069969009088
0.08996282428160925
0.08866274037552112
0.08762469248808764
0.08619110853865253
0.08459592351078195
0.08278669770199709
0.08160149421954267
0.08140448949712188
0.08006164001336959
0.0798069553920301
0.08011707587168258
0.08042422346452326
0.0806732991538969
0.08064399055657394
0.07945202818480576
0.07970300923564451
0.08074326302800929
0.08179403716667158
0.0839866240040732
0.08689763889871317
0.08797106865111987
0.08654008738756913
0.08829173580520128
0.08445989085620881
0.08061719105668892
0.07569648318186027
0.07493761238648014
0.07174276383636918
0.0741489065885529
0.07303181837320523
0.07564623660924531
0.07482336722907607
0.07795494792707025
0.07721756184581212
0.08182160737748904
0.09008136215611261
0.09734770825777268
0.10382717595736957
0.10460857875524478
0.10598184893420691
0.10405107249067724
0.10732794982049776
0.10689145836297487
0.11186101688476517
0.1112519791258574
0.11480839045610385
0.11344591024815727
0.11548463355822897
0.11355477255959946
0.11481546438003089
0.11286020226426985
0.11374519654874382
0.11248665691769522
0.11341954524046106
0.11331128034711309
0.11370632669885862
0.11410556538739063
0.11431416096538945
0.11436244086344788
0.1143267281319696
0.11445885770512026
0.11491533469831744
0.11506994065885016
0.11600839698576616
0.11458936206203753
0.1142300290818617
0.11196480968793932
0.11002990961593084
0.10767176480674706
0.10874574577314573
0.10606608728826437
0.10768837438940322
0.10459383099235668
0.1064410733104842
0.10245991442793641
0.10481679190653136
0.10073255861206025
0.10332116653936145
0.0993748475342976
0.1020909741991566
0.09895482049257519
0.10130254082518346
0.09681495115582217
0.08977811018445996
0.08255006705902045
0.07607140633842661
0.07541465132980728
0.07405237247413064
0.0753137901720519
0.07354788283493799
0.07397891961408053
0.07316748488564713
0.0743369535464837
0.07628226732496517
0.07669324660034856
0.08067108503870785
0.08064147745845192
0.08540267450334198
0.08577160309037064
0.09036323056916008
0.09099785483693035
0.09475291350325767
0.09558251049295814
0.09874041893009929
0.10462590607092966
0.10862331872128388
0.11085098603208086
0.1140232516212183
0.11453792590757732
0.11435789508731038
0.11556830327969882
0.11605113172481375
0.11670055064312489
0.11715364494001014
0.11707579699618946
0.11572446946358618
0.11631660656437186
0.11608315221247346
0.11766140633318452
0.11845635717655145
0.1205888201420446
0.12259930047456662
0.12469407608516342
0.1259773821951017
0.1274521553452956
0.13099614967741588
0.13213320978466003
0.13724570714511036
0.13734477303219975
0.14299680121452
0.14323916991363778
0.14856939127630323
0.1492986490498849
0.15311951905414706
0.15338579975270375
0.15516711110261058
0.1599865920533388
0.1595694744080294
0.16189730749345768
0.1594551793259767
0.15868316541234864
0.1534916452301507
0.15483324412364255
0.14905878809992265
0.15081765478455175
0.14415746454174305
0.14458683590287266
0.13748751810870594
0.13667669151227
0.13165672891535585
0.13157109321211943
0.12930158070645245
0.1253782670813555
0.12147514493874545
0.12034867448410985
0.11717392301330616
0.11876685773762191
0.11904148304445838
0.1217410950174617
0.12027974789600766
0.12288165370033831
0.12203162924831196
0.12446165814448057
0.1254887705836246
0.12734130495622956
0.127354531066632
0.128370744911403
0.12616121067323924
0.12316119789335622
0.12076395437850085
0.11987418498383244
0.11759335759020932
0.1173808414113807
0.11246240454691797
0.1126206220338467
0.10565891791451947
0.10614334899080297
0.09836578266145037
0.09787554648124051
0.0912250766934713
0.09009791024830731
0.08532384929819997
0.08355969281359216
0.08034527901873104
0.07510038493078416
0.07366231270165356
0.07052062359389054
0.0698305125971214
0.06975695522877355
0.07061260111936296
0.06888798362213656
0.06989710148650945
0.06834399219988828
0.07080144108434032
0.07021139260912068
0.07462230886906031
0.07470299178286788
0.07969154183888554
0.07976073413754646
0.08655955675467371
0.08529341029380684
0.09261978761443705
0.09214606375692674
0.09658276856350785
0.09439808813244244
0.09846784964870363
0.09500847757566605
0.10096331571567857
0.09713635733049941
0.10320836041221261
0.10003698846704308
0.10516762384507804
0.1027831600155918
0.10752729694609259
0.10536619064558683
0.11079781381612525
0.11238486841704683
0.12015488426585091
0.12073264671998996
0.13229052767976213
0.13180531268977166
0.14413023122964186
0.1432380469137445
0.15640045151465157
0.1560263552422234
0.17018545183785594
0.17049343877659315
0.18502617614052896
0.1852740062951033
0.18846543981788633
0.19703886791581995
0.2081112427711891
0.21277678413565596
0.21795637436371382
0.22461113939657926
0.22748138688447048
0.23144948483623165
0.23076890708152828
0.23176224902205167
0.22981368872403596
0.23022262450838912
0.2268503411943363
0.22709252367979038
0.22291051820310312
0.22321691435940808
0.2187807155096744
0.22095767467538516
0.21558448089497564
0.2147405507576039
0.20921519591150284
0.20987670779484216
0.20559395198303776
0.20496907851247026
0.200366268991367
0.19995785491340293
0.193906939591485
0.19376319361165364
0.1877906543396282
0.18874556676161272
0.18349855041268112
0.1840099766535458
0.1794362642648245
0.1844631658517578
0.18665495547531066
0.189865574637572
0.18441067528350005
0.187643348399524
0.18334853138165097
0.18754688674806663
0.17642735313827015
0.176920425210788
0.16433716840166906
0.1643792122898084
0.15088120658635137
0.15123559232808928
0.13788842493676032
0.13815597174660474
0.13494849640699053
0.12661852802854792
0.11701195954287234
0.11201792559984029
0.10683890427443121
0.10072936113685316
0.09710655334920994
0.09283244594282646
0.09200933777715896
0.09052449690417502
0.09026829291680238
0.08965470764272261
0.09049372987312992
0.09022989573488531
0.09191018266235375
0.09163974860539736
0.09326984976374865
0.0898509261456782
0.09035491534272207
0.09045145285268136
0.09271796952504478
0.09133973251861666
0.09588107244346544
0.09596522342009454
0.10166305776738892
0.10164538825023516
0.10812459558090738
0.1081403755289244
0.11487440986586965
0.11433790393747707
0.1216505105735529
0.12177466401343719
0.13033534014454126
0.12533570859624746
0.12944056337590382
0.1255529431300214
0.13396758831967484
0.1316737454509071
0.1331712450143205
0.12960705278325518
0.13638808131429517
0.13683664028594808
0.14695261433447968
0.14799523557566233
0.1606755918515949
0.16031837608673385
0.17305139203810885
0.17235026405425513
0.1857931698362101
0.18581602430182695
0.19627958349686678
0.19683645738707653
0.20617510665479435
0.2064987666814635
0.21825347109356844
0.22256768686342335
0.23989571499848614
0.2430735897708037
0.2642929379121685
0.2654338661531534
0.2867513783199353
0.28709212001642553
0.30700459462521773
0.3068402051151038
0.32524455677323355
0.3250232933264094
0.34273549081250937
0.34274174468614266
0.3602126658329406
0.360478208082668
0.3786423344118708
0.3788941309938913
0.39514583554974103
0.4018348490056891
0.40904288186626125
0.4117218682810401
0.4116198326643503
0.41377609450876385
0.41463592437700925
0.41508286961191637
0.41577565013115064
0.41466405179168037
0.41283690439990234
0.4122450507757584
0.4095303066771689
0.4071496667837698
0.40507197446758175
0.4043418419391938
0.40129854872912846
0.40080361800541003
0.39391641558566565
0.3930095861302599
0.3837006952604997
0.3837292174265876
0.3733993261745687
0.37406407415050236
0.36277109085237136
0.3626581504597815
0.35174972094302787
0.35098259598849446
0.3414029537184782
0.3403821107740524
0.32782278506859663
0.32358919018521276
0.3054699006714287
0.3024991798093233
0.2803760145658233
0.279205667681891
0.25663312141194955
0.2562686708077006
0.23457736342302993
0.2348722030778705
0.21390810070395253
0.21467272720755093
0.19551157163425603
0.19636874988135108
0.17761211975171065
0.18085460371727888
0.16050437907909196
0.16088623025828383
0.14322686600216447
0.13681985272332547
0.1283210206595646
0.12546132861345305
0.12379072207659975
0.12110772996773474
0.11733905206549435
0.11611751494021633
0.11053143094450057
0.11056089468332286
0.10475523668135266
0.10465305996990633
0.0993356569312705
0.09908093804429718
0.09110614300598145
0.09162303736432664
0.09005265902484229
0.09371366531462938
0.08999910823932446
0.09298656557107847
0.09311168583691697
0.096958154135666
0.09499205141010032
0.09528594877005366
0.09823793092209039
0.09926006842001471
0.0982099813686045
0.09811106870006725
0.09753119861300961
0.09804591125290994
0.09868996345460633
0.09949752844081007
0.10052953802363375
0.10183002079672603
0.10341826152208657
0.10529838054956302
0.10746215508793842
0.10988069595644336
0.1124913477449732
0.11514749255141772
0.11763849149318496
0.11797352960966996
0.11981291288603589
0.11907637820463964
0.12016064561525745
0.11714008776625479
0.12115435157782921
0.1213221981230909
0.12568142935079615
0.1260208474243876
0.13110202415442873
0.13156682867619549
0.13736235636282895
0.13766472779870184
0.14390426006634413
0.1439000134231291
0.15021070505725392
0.15039992637782548
0.15635513590928343
0.15671036629712518
0.16179815166996825
0.1623269021321477
0.16965996982672973
0.16935878208970923
0.16999589073950935
0.1662662775024268
0.16949132682427423
0.1679399545434057
0.16970591621919662
0.16588738692340038
0.17006692776355134
0.16939847261001342
0.1687414215368783
0.16845215893137286
0.1704370685265858
0.17139756535653813
0.17236984600182337
0.1726153347870253
0.17293102471395483
0.173198082158727
0.17326249808249752
0.17300056759691937
0.17233085343753016
0.17120893864799394
0.16961871452436714
0.16757259587254544
0.16512917119647205
0.1624823991375375
0.16002632327005564
0.15938296515275624
0.15589946687437897
0.1559629019943448
0.15171553195322407
0.1517960909715053
0.14470313542587643
0.14528969699595887
0.13638416341946893
0.1366462289707149
0.12697400346334733
0.12793744768232748
0.11830294224832288
0.12150847975536684
0.11019211543551287
0.11435040565184625
0.1031388802911401
0.10714290189974662
0.09660050868817667
0.09990657739654589
0.09091698869580467
0.09338311951723173
0.08639568453962045
0.08815683510897704
0.08330794219374658
0.08511849663428404
0.08148696080849702
0.08255001127607738
0.07707622244938338
0.08048900213596105
0.07521973531211402
0.07990066894937216
0.07592103271104732
0.08104516756059887
0.07924740450561837
0.08552458093703641
0.08463749450062945
0.09191666772777214
0.09106354887647854
0.09832465321338348
0.09704772383204623
0.10425528323862848
0.10333164276409978
0.11076065011634954
0.11152757397008738
0.12099137379807512
0.12190451266439344
0.13347692469140113
0.1338473459943296
0.14646094616260052
0.14583121534341378
0.1579666049517059
0.15810620677781956
0.16835718272742342
0.17346834351699728
0.17391246139127714
0.1742643889883724
0.17419956828798158
0.175133196223772
0.1756838723013694
0.17615206207190862
0.17492760922080478
0.1765777830543064
0.17439880363140514
0.1758147899552676
0.17310761502083846
0.17429431910184337
0.1715712604269796
0.17226587138834928
0.16978826651671475
0.17008675083085467
0.16795714078702464
0.16797095064845458
0.16595477136405123
0.16577143396399993
0.16328384673964116
0.16297124627019574
0.15948393553065515
0.1591078548589975
0.1543924564201671
0.1540302384040407
0.14808279934673682
0.14744211058441015
0.14064559478352867
0.14012717208699288
0.13218089338817304
0.13260752751576177
0.12492557163669422
0.12512328221790733
0.11731214618037811
0.1178435410087277
0.11012951160376078
0.10922318320417773
0.09970806026413148
0.09886104039697537
0.08756968847391337
0.08710752903184299
0.07589006401978182
0.07655665069926369
0.06703997570677253
0.06741696320052533
0.06061806418737568
0.056064828197946844
0.060126908315449056
0.06046944848389729
0.0670947172471709
0.06619665528336545
0.07324528253104447
0.07173790002348908
0.07990154213195728
0.07832901022917417
0.08774471814710966
0.08631096880467042
0.09680844647645336
0.09555589757082496
0.10679765906106935
0.10571442471990948
0.11728415585309336
0.11654022383403599
0.12800180183574106
0.1276008698626809
0.13855557393664333
0.13840312298953356
0.1485385175876658
0.14855475409634097
0.15766114244073393
0.15776996350758823
0.16573363680680311
0.16585666282235687
0.17267273684377274
0.17311965416385225
0.17865193729142972
0.17906508570442137
0.18406389290814248
0.18531371076976486
0.18488174101045418
0.18499084683848385
0.18514525676608096
0.18557408173928827
0.18628827246492996
0.18702385072017522
0.18761490408290213
0.18790685273677818
0.18777334382869212
0.18783179727441715
0.18626410338379543
0.18594189840602918
0.18292578796116613
0.1823389714620192
0.17776796612367182
0.17698179751086718
0.1708243679455984
0.17000160180182214
0.1623777610060532
0.1616663349982213
0.1526808194476615
0.1521344964786028
0.14193900520904
0.1415879846134818
0.13040969388871992
0.13027008351355582
0.11839859445191002
0.11847405223605266
0.10624160988467492
0.10650465083207773
0.09426597155037408
0.09447170993308741
0.08258298636482375
0.08265079624898926
0.07144407302413723
0.07141717528223111
0.06117025526182943
0.06110722743856794
0.052015455530584
0.051977740876176924
0.044135178885846595
0.04417748613871797
0.037571983359103354
0.03773106343764562
0.03225288366514115
0.032533669769848485
0.027992804604271282
0.026719493970837352
0.026956282343231833
0.02723843522701576
0.026992404260468075
0.026283399103266422
0.025205297591186573
0.023966685436842758
0.022768949884229592
0.021745044728976894
0.021033362154334
0.02065837735427304
0.020577701146675315
0.020760298870684174
0.021193959725288484
0.021860441483836226
0.022684065074212365
0.023496668862323922
0.025485462138830517
0.028012247775236157
0.030691624665136013
0.033473235623238964
0.036330241440784894
0.03921929891663172
0.042064543425029494
0.04479397848985492
0.04735125728381818
0.04877171489891067
0.05067927255168394
0.052831004981108286
0.054665178466708285
0.05576505504547188
0.05600412498202458
0.05603062052422389
0.05651831514783998
0.05720394948410162
0.05785873762969596
0.058424409605291105
0.05899189184742574
0.05968063252161626
0.060549709618297136
0.06160732638529114
0.06283750811755848
0.06598564740814825
0.0673263257718477
0.06850943314070879
0.06968907829950267
0.07007049302983408
0.07294516263250386
0.07337209001304794
0.07792152446807372
0.07833822393805322
0.08436382677727007
0.08475413035858326
0.09204214685741517
0.09245035841661309
0.10078127698130636
0.10117885065076916
0.11006817661574232
0.11006306679972927
0.11887966871529217
0.11838871669544038
0.1267582507862651
0.12601322689077873
0.1337350361968774
0.13312064725799153
0.13913041738801815
0.1369389512429298
0.14143278615392807
0.147249398830595
0.1537909932145362
0.1509764652472512
0.15723071377597028
0.15455268094322847
0.16087112834820577
0.15946266209843094
0.16602142820223253
0.1639790997672875
0.1694791779295521
0.1690832673079563
0.1738800447101877
0.1752217339200938
0.1767903470510622
0.1775768915322056
0.17841757902844646
0.17872663644709177
0.18097045515579294
0.1802635525876902
0.1825741826161333
0.1811026615969342
0.1831636719212103
0.17968635868886915
0.18216314433532066
0.1805960079087144
0.18369693343354018
0.182610339514005
0.1840171768398047
0.18292983004277272
0.1824884869306721
0.18154548652944658
0.17945934776279712
0.17880348727553363
0.17517070534749726
0.17482957609242014
0.16971486990388596
0.16964276551568724
0.1632422752739443
0.16343672291594574
0.15601202645306647
0.15648926098276753
0.14841139799976774
0.14898856877325725
0.14169531411593272
0.14234748837947345
0.1373420548244786
0.13815645648800107
0.1362578030763665
0.12908994707399107
0.12790277033285855
0.12962096708306717
0.13246605348604854
0.1346145836687868
0.1421341485705836
0.14444767598367866
0.15665118187711194
0.1578685389336229
0.1729848644508674
0.17316030092244247
0.1884560056068381
0.18973945024455893
0.20398623880265213
0.20542070377283314
0.21442102938171861
0.2156235761460673
0.2200757802720195
0.22047485060300395
0.22548278904268304
0.22600183700309562
0.23164213616704768
0.23139265217393498
0.23598445433018714
0.23597159910738116
0.23952947661572563
0.23972279829528476
0.24263809132984512
0.24302371182539018
0.24516615720694176
0.2456948842286468
0.24688800348948645
0.24742823076058384
0.2477265825463395
0.24819193998901404
0.2477610774357795
0.24814162848715948
0.24712522148131358
0.2473964796611061
0.24597097984486618
0.24604920712989617
0.24566082857526736
0.24545502438918956
0.2446812114829516
0.2444467528392487
0.24209362883164484
0.24149660639605486
0.23661007213167085
0.2353597949727757
0.2273173021907459
0.22627220249267258
0.21615438720174332
0.2172094638452505
0.2052657924008823
0.20732291893961105
0.18812020048754086
0.18999254413316768
0.1700333168880409
0.1708385596560571
0.15130641397008224
0.15066382128380282
0.13470559787692468
0.13300402992954288
0.12228765657693841
0.12198634655667497
0.11498698480826236
0.11742634313495616
0.10919663114222455
0.11278190119234477
0.1037733415469787
0.10907803915195667
0.10064425882865234
0.1070489588034242
0.0992757956074377
0.10738245914422356
0.10043252293926153
0.11029295825181569
0.10458940726841881
0.11668390295203068
0.11254336579204305
0.12752294148819823
0.1251390094008193
0.1437214748087263
0.14306326843146944
0.16561651634606142
0.16587748049023407
0.19066713552705558
0.19188086739585178
0.21291584668580624
0.21746401770607612
0.2320608554344594
0.23547362146502035
0.24356504959688227
0.24518193394006413
0.2551498103003568
0.25655305625550656
0.2694072927304528
0.26941696849679725
0.2818770770143419
0.28009872920792095
0.2893561230767448
0.28478211851265095
0.29249586424176494
0.29106440193286803
0.2991284487616485
0.29687933823077844
0.3052887505418319
0.30485429080703935
0.3115747739963368
0.31162213051952087
0.31771845214126526
0.3182480091412287
0.3224101562178859
0.3222875532941067
0.3241907224447996
0.32425118067755454
0.323966776914498
0.3246500783165553
0.32032954187756874
0.32292502105853077
0.3206456093097082
0.3200696722987381
0.31495097429480656
0.3159332190286149
0.3060363937014875
0.30527192759556904
0.2942720822003048
0.2936834634457313
0.28097888359007955
0.2791669974193158
0.26238985333118975
0.2604802338617014
0.23920392661789272
0.23741715712542288
0.21390497807246386
0.2123616196299619
0.19248125513269268
0.1875130682727878
0.17366168426902362
0.16990979428664021
0.1617658597226904
0.15974919530802434
0.14931812222198385
0.1478986006134515
0.13595568069338665
0.13730778258214904
0.12841723566759697
0.12938529733436574
0.12252980304413387
0.12309201060893281
0.11784960263001383
0.11823139221208336
0.11506779814733013
0.11523014095758126
0.11453678808399843
0.11454903883778254
0.1164548212514289
0.1163095261391963
0.12065510261204808
0.1203629531492128
0.1267003579757281
0.1262894757655761
0.1339434708435797
0.13361621317105873
0.1420408315434523
0.141407775936678
0.15157315216988027
0.14917463089277513
0.1545967168835078
0.1557847734669839
0.1650808446485146
0.16517925110038384
0.1799907475714789
0.1803304649483941
0.19475216653741578
0.19392183850121913
0.20635543029291348
0.20692917295499821
0.21851944187218672
0.2188620602979077
0.22972516844102467
0.2301872256884779
0.2402491819515538
0.2404551652215621
0.25054146675138395
0.2505992383227645
0.26189374963574613
0.26240963244097165
0.2760021288681755
0.277060629317756
0.2936291235192274
0.2940089346220491
0.3076363989434661
0.3105765196440047
0.3159600607963388
0.31742450272623984
0.3215887178576105
0.32261812766435555
0.3281379729861105
0.3281882208443725
0.33338785617446415
0.33276934820317755
0.33664795593481817
0.3361566705173968
0.3381420660580217
0.3381222435802989
0.33782947537486413
0.33826568802381557
0.3356267204882611
0.33640323996284494
0.33172802277226227
0.3324038886692961
0.32652222164344114
0.32669550050913104
0.32010805595510256
0.3204834315969361
0.31308024703443327
0.3124956598742551
0.3010120559102534
0.2994397584949365
0.28437529998796834
0.28383796409985806
0.2678897076416365
0.267813011638289
0.25265848711665667
0.2520231158127418
0.23804431950400884
0.2375180824756873
0.22488219284405433
0.22469104255553762
0.21299924057226416
0.2131656317774717
0.20218187395868645
0.20506967042475566
0.19447283527942574
0.1972634248792858
0.18355239560953793
0.1855042375168295
0.1690246867786084
0.1715255997965857
0.1567364766393564
0.15542077897250045
0.14549938710755136
0.1459807254676667
0.13606858724904786
0.1372722297843152
0.1248204366932102
0.12679862172655393
0.11323071280363212
0.11588616787235374
0.10255629060962224
0.10382049866232279
0.09886507668110038
0.10492788182646935
0.09538438050259755
0.09651828135903277
0.08882097707616293
0.08966216293171327
0.0826982487329849
0.0828997822044709
0.07740168449719569
0.07720670022869029
0.07274432946016975
0.07204328088599912
0.0705066659119961
0.07077918415510574
0.07088625019439392
0.07154298320741569
0.07256995513433463
0.07397818690721981
0.07745397953011131
0.07922437965941269
0.0835731701652044
0.0839690751310166
0.089352802568839
0.08977638314170867
0.09603221570268822
0.09611873013877574
0.10295481067110857
0.10274632880527029
0.10930813305190705
0.10640922793619374
0.11171313349287704
0.10842986706240941
0.11456421573630793
0.11162997291324374
0.11696665983008131
0.11466188235723364
0.11821398460013516
0.11547617038636267
0.11804150566291476
0.11559392064400069
0.1155918901863376
0.11317739866737354
0.1136376236475588
0.11148753144217925
0.11180092981675326
0.10909349048613552
0.10926076301361115
0.10875092576628814
0.10227833535747345
0.0977412058876704
0.09824834764415781
0.09792947734618829
0.10021067555845152
0.09946935524781682
0.10447690003174305
0.10481006748222373
0.11239283284553599
0.11318186262589287
0.1236715368697433
0.12393568039255236
0.13481541582534443
0.13392491234374942
0.14461210328456356
0.1440785032516493
0.15355814284837063
0.15314780525788738
0.15781704711040254
0.15782576719124505
0.1590397411012692
0.163694111944815
0.16508042009357482
0.16702884130886375
0.16552853208254706
0.1662709456763398
0.16186757363279144
0.16286442507044338
0.15714918688406262
0.157395150251872
0.1513171689532644
0.15120156720436687
0.14570170904705407
0.14632895772094176
0.14363381366339537
0.14445125549278254
0.14675099870331573
0.14825736747270915
0.15177931220885685
0.15428288765182305
0.1619653450915198
0.16313702034608465
0.1727546552523956
0.17319382763891267
0.18451663976942798
0.1846991577574115
0.1959913043955911
0.19570673430019517
0.20463255261384364
0.20396986538199813
0.20929677454305437
0.20977431800486826
0.2102382895054731
0.21385192277077633
0.21349854524223377
0.21512449981900209
0.2103210496100171
0.21040586102312928
0.20158126719689573
0.2021359358723462
0.19300492213230033
0.19328026084403446
0.18422045419736333
0.1838445402956043
0.17506340620137037
0.17475443939481505
0.1673222419628935
0.16698506290473233
0.16441243126641633
0.16077547112723956
0.15818359101690774
0.1572158519282208
0.15872132876732267
0.1588412110090088
0.16446554442985917
0.16393458174557132
0.1714170868829147
0.17103694113028825
0.17862210601086928
0.1793220637439257
0.18541027520846146
0.1857866814814897
0.18801180208160798
0.18771896054130796
0.18477955002355803
0.18433115784982165
0.1800623504188954
0.1783115475682777
0.1727933557386618
0.17216578101888347
0.1658035593503079
0.1654071453533361
0.1584779209994638
0.1582983984020413
0.15094576158818454
0.15086932485543356
0.14338600610274502
0.1429330757194704
0.1360015085277467
0.13494419086692405
0.13111413044096332
0.12694639963211338
0.12242968123740199
0.1193587024832819
0.11687839792294992
0.11549575653885265
0.11484904942513213
0.1136943680564526
0.11207362288621416
0.1118754410009734
0.11021976802367743
0.11032944248941272
0.10995864422662179
0.1095874780641287
0.11167529878061803
0.11205368641689795
0.11559183636970631
0.11573932214112542
0.11954843873897579
0.11875740343968093
0.11857810649639816
0.11809526028860667
0.11542559387488825
0.1153244927124158
0.11298337194583312
0.11334440203283129
0.11199653512230746
0.1112462746404006
0.11097476674020146
0.11001289912515301
0.11082130837259375
0.11055579914155582
0.11161580310547796
0.11028618470229169
0.11348382607095725
0.11278954897849712
0.11624736702283117
0.11549505672069256
0.11778389860138834
0.11723191735946496
0.11879910684484273
0.11884764540088993
0.12075121161868535
0.1204060625779876
0.1239051052779037
0.12391750760444487
0.13286746048636286
0.13797289365425244
0.15568260874232917
0.15870189529493425
0.17228887129365555
0.17898102464218
0.186247654769913
0.19043142850594189
0.19939844049103303
0.20132841656176267
0.21008986433514065
0.21145505556747413
0.2192325977268368
0.21975878261884663
0.22699207974277089
0.22711873112391134
0.23156640042858
0.2326498466721905
0.23039103213990988
0.22987889123554361
0.22868368317695176
0.2290217438575619
0.22932030756324698
0.22936584428851095
0.22989565730827696
0.22955621569546794
0.22866488422328213
0.2282909576468518
0.22659785173536354
0.22677029521689632
0.22532685505809913
0.22527822719383275
0.22687017414694033
0.2311156265917725
0.24391054701023449
0.24698926821088618
0.25559994715376644
0.25972095739729445
0.2582611494120977
0.25831881530419587
0.2580974720410321
0.25864892319706984
0.26038031200183076
0.26038260015411263
0.2609218151665746
0.2612750260068248
0.259749053668675
0.25913461660522075
0.25346606737222294
0.24835843500198243
0.23158536335596913
0.22968361312234895
0.21549408788100685
0.20920399338583973
0.20117498550543933
0.197776851431709
0.18855948531816077
0.18735099584182854
0.17847797142703628
0.17777437677734212
0.16978779217304737
0.1697223448525801
0.16165963338973346
0.1614440474627677
0.1542445019761459
0.15144609806878498
0.1474214959958535
0.14695262225438038
0.14023483218537197
0.13911277198016514
0.1325388678896384
0.13193272471637613
0.1258238875449985
0.1262098261506738
0.1204394343213742
0.1214105345083149
0.11608196872047433
0.11767190434215385
0.11288907201702769
0.11597037180082709
0.10973125889452551
0.11014087662107985
0.09500314537690019
0.1000594290856222
0.08848014109265433
0.09104897846703291
0.08865612200467132
0.09336225030308488
0.08894675340549628
0.09354056415121753
0.0872060886509914
0.0952253545922959
0.08951095434876223
0.0983267007106418
0.09374792109469697
0.10278275507631217
0.09904807737331867
0.10672121435983158
0.10564430055916703
0.11161473660828719
0.11192879343205954
0.11752605129377598
0.12087761566972578
0.12998248926717285
0.1329200071904659
0.14721004417355565
0.14853637403337325
0.1656441282476243
0.1655471811560826
0.18213148240003296
0.18175155281773284
0.19800459519145622
0.1979792323000897
0.2142081115507456
0.21406214023494466
0.23021869205089937
0.23089220238387007
0.24914112334996855
0.2504871848309222
0.2700508438809813
0.27169379144413563
0.28491915093968234
0.292613117576083
0.30030663110408923
0.3048875696669638
0.3057259208729383
0.3080725146520399
0.31095051726942285
0.31108740695141057
0.3127817249431655
0.3112577588639996
0.3099545094442357
0.30837670495665054
0.3071069910684844
0.3058269246407626
0.3055444701150128
0.30488137287005757
0.30266414721909524
0.3018875763675773
0.2953195341406426
0.29484882302087706
0.28739286128265223
0.28763515576569354
0.2796863152848312
0.28120571051453214
0.2749820028190264
0.2764914517336822
0.27142783593465686
0.2726343368103491
0.26710223295164665
0.2662345510459394
0.25649803156366036
0.2560523876358545
0.24094220151407586
0.24227823102039428
0.2243158185656089
0.22721831808625573
0.2099078475009967
0.21347667199711987
0.19680210406992185
0.20037290444893538
0.18513551760003774
0.18717111432134628
0.1716125467251313
0.17123433859980738
0.15454095965354572
0.15436744431194052
0.13494865062647146
0.1349998607727779
0.12145081583246319
0.11570969094937851
0.10694580955766887
0.10420171353096087
0.10142287642574731
0.10050256979862149
0.09420602143982522
0.09478680623686625
0.08727085929469443
0.08870113526310752
0.0819239445126743
0.08265921386144942
0.0769520347841993
0.07770255470920394
0.07463740128136416
0.07908926567147313
0.08305584661289077
0.08601865252806355
0.08701035225944298
0.09043453530615754
0.09393682907310595
0.0967794524718212
0.09638816192229516
0.09613576617749274
0.09440893464679051
0.09215205694135237
0.08990380125034392
0.08890329999041503
0.08853769979547377
0.08584825310845341
0.08632671056918285
0.08393349545401935
0.08525202739364555
0.08346662891971539
0.08561701953067637
0.08460189032898584
0.08766435336712021
0.08531568046615871
0.09091787864569846
0.08811594138996497
0.09301311396366474
0.09143264986666925
0.095941143790697
0.09606995335291156
0.10144371237335165
0.10143715727722462
0.11015392124357798
0.1093936777114753
0.1199486781620391
0.11849818874671185
0.13048309528086102
0.12865964731598764
0.1413339899772564
0.13927662974369354
0.15194237075296843
0.15018339372898912
0.1621517820688775
0.1611208471141097
0.17162992623012682
0.17135124654112413
0.17990268873054638
0.17968390276287285
0.18481804125991178
0.18066131687803336
0.17844145732811248
0.17553357159257432
0.17882089567813328
0.17694527776869473
0.17931429572615662
0.17636363169727257
0.18228742895218283
0.18147990485373763
0.18506794980257088
0.18633866432436338
0.18751564096712162
0.18691288298462935
0.18853024416657582
0.1902478988747822
0.19162229845732162
0.19246014738448322
0.1926735362075198
0.1922275590905429
0.19111075111410672
0.18932522145973782
0.18690016697282943
0.1859654939471308
0.18078692114797146
0.1802514169481133
0.17465225201211873
0.17427122278875798
0.16904834408318872
0.16896262727122277
0.16275471559881932
0.16231334665345754
0.15394460495686157
0.15330385736711924
0.14363585040418705
0.14471427688435143
0.1329956521981851
0.13279278091579735
0.12107627149366323
0.12158720975298531
0.10950850374766119
0.11052246594699305
0.0985431444918141
0.09917478582397192
0.08864103246805961
0.08899210746975394
0.08042916341105014
0.08104826695816052
0.07480305857012205
0.07639008952265354
0.07234177344402416
0.07537991359958253
0.07030081941635964
0.07345805825882117
0.0663500604679
0.07245633347259473
0.0661026004189166
0.07270925516463791
0.06880371761656244
0.07561855549966813
0.0744149777805347
0.08256236874261162
0.08095971405343874
0.08757738170862887
0.08583310889983292
0.09145465451929614
0.09034800343028075
0.0956682860272034
0.09502285128186662
0.10191023034607151
0.10339777080332084
0.11387829327051126
0.11475318440623793
0.12727388261499223
0.12729550175939053
0.14008381118842866
0.1401831415488833
0.15156021557815388
0.1518101683293004
0.16096516456194906
0.1615056780101887
0.1686089485896699
0.16871874950524124
0.1721312136987271
0.17302402937097613
0.1759186492215332
0.17595515784420326
0.17671123438285116
0.17682676296450736
0.1756674391795681
0.17596400038933213
0.17518932848307547
0.1760729184295551
0.17509955408512742
0.17639568531193184
0.1747951756726179
0.17639154569866367
0.17375109976180525
0.17560068321052727
0.17170075044157115
0.1737908881791633
0.16854737878669943
0.17088675864476463
0.16435987343841865
0.16697224390727247
0.15937265531418
0.16227758610792475
0.15388324182718235
0.1569587847602175
0.14833625828536243
0.15080770794534284
0.14320823738660698
0.14436842729700253
0.13740893281813363
0.13748073976377317
0.13148802846241706
0.1318215613133071
0.12492212405624205
0.12361113756809984
0.11351394197211813
0.11328830306441245
0.10092051416038117
0.10280458090603478
0.09032349032119585
0.09348321740320399
0.08237964740523455
0.08677318836055813
0.07775794931895916
0.08350239038797752
0.07687179640406139
0.08421271570536078
0.07986602495800486
0.08878225061861243
0.08640387416860619
0.0967639055072982
0.09592484850478135
0.10745001262808064
0.10772555773551358
0.12015601954702428
0.1198967470047525
0.13176366743701304
0.13153035708822536
0.14270773046010596
0.14268922587010033
0.15297111035267963
0.15318012658618382
0.16231753786067174
0.16272567636822427
0.1704775622457101
0.17105072695028434
0.177234130374424
0.17790855477074838
0.18243359362242317
0.1831174853807873
0.18601556450791276
0.18667623973118438
0.18821451277209778
0.18864672841562477
0.18972403752179123
0.18913700383653095
0.19036710797938938
0.19077074018811216
0.19033251871946036
0.1905597340582086
0.19139582587227763
0.19256107430801458
0.19377200859250562
0.19470534714464674
0.19514133608326248
0.19581563119219705
0.1945247394596212
0.19466822154470578
0.19170947963439502
0.19156670000144105
0.18686434639531346
0.18604001629447467
0.17994167979955392
0.17908676558135417
0.1715468686893982
0.170752763076734
0.1618630295880782
0.16119487789838924
0.15114604637724086
0.15064432867189173
0.1396984905891307
0.13938537084758426
0.12785033001071391
0.12773034245400344
0.11593521378719146
0.11593982780184181
0.10421908713381656
0.1041186086978765
0.09280640835339284
0.09256072688444543
0.0819944704499111
0.08162586374036103
0.07215707580155052
0.07170289789963531
0.06369444313975688
0.06320339612982014
0.05697347916402459
0.05650196817282288
0.05224732499635404
0.05185353480050312
0.049618047774310704
0.04935457404362615
0.04902853231342813
0.04891960509953263
0.050277922828901034
0.04973216793217209
0.05438493741242557
0.05383669869105708
0.057690148742106935
0.0559639463658577
0.05994299697201796
0.058291577135005684
0.061984620868725616
0.060765904058886544
0.06502923712854956
0.06418105500849876
0.06831739019283346
0.06796742203312826
