48
0.24973973999208424
0.247081388935907
0.2472322969502715
0.24522294481457765
0.24338947911371278
0.24001416154270072
0.23624550951281378
0.23196581641471495
0.22851342503187286
0.22940060101839635
0.231291676165176
0.23318340228205828
0.23413907224679129
0.23352963442599428
0.23089238057508876
0.22613424298017126
0.21967995791890652
0.21253753171970113
0.2058056459495949
0.19991134664061663
0.19499103736128112
0.19426283378410591
0.19359275115508198
0.1948784497350596
0.20097904429103952
0.21177109645648765
0.22360621248428605
0.23075879301840718
0.23074493614975958
0.23116191901338823
0.2299570116027707
0.2254730874753665
0.21939136659641742
0.21465836776211225
0.21096614988544685
0.2083383808771683
0.20681138058686857
0.2062454527036084
0.20523055933769696
0.20505950799671183
0.20580524338863052
0.20681744526475085
0.20673008225296927
0.20473771099688465
0.20239706000304425
0.20009431394241453
0.1980220226248823
0.19655526281683058
0.19620665463878026
0.1974408356886617
0.19763664687544832
0.19535524455106493
0.1927429280078391
0.19018954300279053
0.18793152039241523
0.18621053221242354
0.18497077098747194
0.18364096651589498
0.18137742868770032
0.17793254364946678
0.17392644783079117
0.1699880319428296
0.1665626275104331
0.1639251463949767
0.16203984349836623
0.16051020377805092
0.1589028064033081
0.15732060281743757
0.15590992657662278
0.15470681239505582
0.153821779560507
0.15170066484527392
0.14585474272296514
0.136275555335165
0.12576505553449216
0.1185135854590727
0.11676075119908728
0.1130560714182482
0.10985047339197578
0.10935050996316831
0.11042421562253309
0.11061971877786782
0.11051564894059229
0.1100823145593281
0.10986722931915045
0.10946020623020798
0.10943545508906367
0.10884146520254878
0.11127008380977432
0.1163451531258819
0.12160605058601452
0.12578374004660467
0.12743039425680525
0.12676990261906787
0.12372208154852636
0.12023773352711747
0.11823273988876004
0.11777176446970332
0.11817412570338921
0.11999585113130808
0.12132720325388896
0.1225886390182145
0.12377371511450692
0.1251546244827639
0.1270373215463179
0.12942167460997336
0.1320292520949486
0.1343796373778887
0.1358809273123292
0.13640164891531137
0.13638641277942493
0.13650991268232598
0.1374322576580665
0.1395577209793481
0.14287178228655673
0.146949836057517
0.14997094909488815
0.15354886253748265
0.15706216511559723
0.15961080734747077
0.16089619845391706
0.16127704537852885
0.16115741039174453
0.16074626282854415
0.1600360820575287
0.15845658445980168
0.15636667262819384
0.15363139496153397
0.1512585412085371
0.1498575814482206
0.1497941431231627
0.15101277098494056
0.15221705352213447
0.15334107941909328
0.15501419250405674
0.15715791936520448
0.15686533927984705
0.15516296150096845
0.15407310539832972
0.15511849321610097
0.1563684739863295
0.15440906984426467
0.15881554775786905
0.16518211023407944
0.168622787725228
0.16980034647083228
0.16909362138636067
0.16659074303396396
0.16525424026207527
0.16583660224815747
0.16773268561454244
0.17033196533707054
0.17201263354982613
0.1720397435402803
0.17194925698346228
0.17193819953245135
0.17239776979111218
0.17344705513899258
0.17463634958512111
0.17544929453467195
0.17538961024295274
0.17423081409261343
0.17196712721261062
0.16873607072775013
0.16522271416311543
0.16087706602682786
0.15641487110863075
0.1529677596533845
0.15085966572821743
0.149617940570855
0.14868949465581427
0.14775129412372692
0.1467671463407644
0.14636838325267185
0.14660515365663798
0.1476405570697672
0.14838658033645072
0.148317504917951
0.14705035399505625
0.14507305205867008
0.1426690457437082
0.1405304406185168
0.13913948291753073
0.13846779987627206
0.13791860792271465
0.13691533396476094
0.13523160415319485
0.13084326605446134
0.13652125940625534
0.14927545995334526
0.14783979506474973
0.1476552028194064
0.14981315257879532
0.15079555539660608
0.14973509072659566
0.15129878353018755
0.15264870890149287
0.15211811841810474
0.1501950794603353
0.1474463910087794
0.14536315389620216
0.1446277318653031
0.14374960248074628
0.1426753803080328
0.1405487646348683
0.1384157071979839
0.1366570117936082
0.13544678746625946
0.13496186720729278
0.13520092694384264
0.13610076694714443
0.13759021092080811
0.14040502208697098
0.14329943374421786
0.1461027164013308
0.14857764364762782
0.15060016496847678
0.1520353551152022
0.1529047940997382
0.1538678383150399
0.1553216064415374
0.15741742802948225
0.15970143914718282
0.1614790907728094
0.16378636981411296
0.1665723639450721
0.16937437859200968
0.1703954948461018
0.17497391193706746
0.18399611017949427
0.18387395326310466
0.18517990434154982
0.18293750425642372
0.1816094359634753
0.18220155287537243
0.18525275598108834
0.17785171748003137
0.16717990646862024
0.1648685742467076
0.15890034087677066
0.15199458577712496
0.14729317693417857
0.14624841821594411
0.14498608858954662
0.1433580127756218
0.14112442532457195
0.13917319447774937
0.13710393812951788
0.13475754376736213
0.13260362045377924
0.13126625264917918
0.13083078810439683
0.1317802015168462
0.1327959639128881
0.1334724836993435
0.13351643178575942
0.13262930759122585
0.131500502303475
0.1303077269449089
0.12912139719152224
0.12807911161044686
0.12718169368598584
0.12620413543779777
0.12514022184319148
0.1251662488332906
0.12445233171414781
0.12781614910637337
0.12957934268000568
0.12996755563864584
0.13091229733818543
0.1321458685882281
0.13297533310629386
0.132198917602352
0.129911867130768
0.12755942774108367
0.1269585033950971
0.12269465961230223
0.11365816778336008
0.11337500682637199
0.1113500668631016
0.11261606894223668
0.11285847752904093
0.11183956326544486
0.11005380609768907
0.10958145737072199
0.1093458195467757
0.10967673574942687
0.10993067763951048
0.10959267786650863
0.10915542263466706
0.10870226986956943
0.10803846192058127
0.10706888631800687
0.10653016257919788
0.1060839540717277
0.1063586103173158
0.10732781398341144
0.10892948878458203
0.1096325485185949
0.11951645843340124
0.141933915003892
0.15046376673367115
0.15728723841689238
0.1620053630400075
0.1683544812109717
0.16842576740292284
0.16888483149260836
0.16952716644347945
0.1694057731153206
0.1685557275511487
0.16770673511334208
0.16688541544693866
0.16482664668898392
0.16361064536353506
0.15873849974980683
0.15546389008339986
0.15325840425676776
0.15004637604013385
0.14607829032956016
0.14292599417068572
0.14086197700086064
0.1399194745978077
0.13937272609418813
0.13877111301723274
0.1381668249124623
0.13753988872983627
0.13676870946646041
0.13580057642944462
0.13472634366029526
0.13363776730390417
0.13219409339987773
0.13162202633156903
0.13222246531176435
0.1326012304222638
0.1338754816338381
0.13430211658073551
0.13569345717992867
0.1370640137727038
0.13826880369755076
0.13957430566880977
0.14130138006380796
0.14346016784339333
0.14547911280759954
0.14671122193184405
0.14708599603424566
0.1463261597895721
0.14561235176251902
0.1350071811021906
0.11144755347794673
0.10191962290073962
0.09473965014294072
0.09048291791102679
0.08538193538728268
0.08633968765016031
0.08643053441839708
0.08602883035077878
0.08625101593269387
0.08706573362567611
0.08791910162783577
0.08901843524474973
0.09099452229632748
0.09374089285343312
0.09470095449747845
0.09892453834948768
0.10059755690898242
0.10503585281873414
0.10720729169525624
0.10753398923345515
0.10836929963088444
0.11027417262998244
0.11136704961689171
0.11138515282823598
0.11187873047153858
0.11258401973671235
0.11336194553217015
0.11385990245556661
0.11396518688041761
0.11359172924974936
0.11348219964047679
0.11259622280907917
0.1104777940517798
0.10842899069359563
0.10560302606691961
0.10400280938454713
0.10207344681591074
0.10044989376695086
0.09925728259269906
0.09822551508520148
0.09706179167779162
0.09583489808519892
0.09469319187374114
0.09422564947033019
0.09881069995247387
0.10276261412928943
0.10625391352211279
0.11004829563624753
0.11183221372603737
0.11306452213884882
0.11359378062330693
0.11309913455161115
0.11199241849932323
0.11089648524114189
0.10992881737754716
0.10896969319243317
0.10788916301618855
0.10678011365342877
0.1056795334569328
0.10437126046577168
0.10253988624760339
0.1004767787875272
0.1007061305677515
0.09821669816230105
0.09886702554890324
0.09711235493357266
0.09767248630195946
0.09947909665214172
0.10007955505677928
0.09931165648520883
0.0993420632514969
0.1009985786701984
0.10081607738458818
0.10782792917932248
0.10929767202921277
0.11305662970857912
0.11529455885122404
0.11588061346942481
0.1160356852487456
0.11853939197163858
0.12103776406050017
0.12193842186760216
0.12351954568008505
0.12499780061441773
0.12628294959691486
0.12704581097285364
0.1276828291638692
0.12792337406227608
0.12807803905994697
0.12805244684396808
0.12776961542347137
0.1267952522967509
0.12116860912824529
0.11681446268564716
0.11344442274337908
0.11008602384830259
0.10885083431397319
0.108051310559943
0.10762426588077169
0.1078081201784697
0.10855094344044582
0.10936716904058107
0.11498879121615181
0.11705390039314362
0.14332015267359685
0.1498718435958162
0.15633266093398432
0.15676737254849063
0.156544497565667
0.1554102368424725
0.15377398899028458
0.1520350757650483
0.15013154574469711
0.14815247441439716
0.14631722321909804
0.14487338045056777
0.1438766871789299
0.14304571225267493
0.1422838029593166
0.14121444169511949
0.14185980630234712
0.13534659628276063
0.13416733791263344
0.13097653213931304
0.13035268113446197
0.13198323098495054
0.13310574544603146
0.13122102119003062
0.1323228370126691
0.134330793638354
0.13372589914442026
0.13352474154792013
0.13351415658314292
0.1340558202678772
0.1342217135702716
0.13451600711387254
0.13452253467019396
0.13442887607884954
0.13443811509773876
0.1346506106774584
0.1348146024420094
0.13477398487892903
0.1346207702692412
0.13445244882964863
0.13435188593014216
0.13420028114257773
0.13392700888267517
0.13361475811007922
0.13302607298024968
0.13216444316818507
0.1262146345988455
0.12351319981073373
0.09629257158337261
0.08857738604455258
0.08104109239168607
0.07986349993476945
0.07954271197058477
0.08012079346726148
0.08098288185385609
0.08150867611911065
0.08159319983673462
0.08122905938745033
0.08051699970815342
0.07978325151812707
0.07913766470658644
0.07844427750613685
0.07757139544097619
0.07645373539182816
0.0751006814889723
0.0736547799573151
0.07244542275085414
0.0712041913587247
0.06912299475630841
0.06685210929973076
0.06591760488255359
0.06559026968478618
0.06259534452056706
0.06002474880061626
0.05939215226983762
0.05840211755628269
0.05787245116475634
0.05749685012318578
0.057448943285747955
0.05734539161608876
0.05765043089571544
0.05817851869150057
0.05866472622285995
0.05900395794439007
0.0591693185795083
0.059131421679826546
0.058898169872350636
0.05850733900023158
0.058009001172295814
0.0574877805663987
0.0570219192967586
0.05666622491675416
0.05646401387697264
0.05645349578818792
0.05667866310581763
0.05719458873015332
0.058048942988603934
0.059153804842451314
0.06020947036624651
0.06093446122416474
0.061431245282421665
0.0619241480794609
0.06258327802332743
0.0635481240811268
0.06486757630068807
0.066466892493948
0.06812106029924608
0.06940545109688033
0.07018296692189177
0.07093391016111096
0.07189940795517726
0.07303886912549047
0.07422698159970736
0.07529358797402005
0.07615731443396086
0.0767700060723467
0.07740623317610106
0.07744291690109288
0.07864666512232656
0.08640707537277696
0.09655486283272806
0.10245803395372266
0.1118104982830177
0.11429538387365908
0.12158493460017916
0.12289054798635751
0.12338326710085262
0.12434093528539976
0.12459671225311303
0.12431935367574332
0.12425666162569428
0.12459641676063148
0.12418363913612741
0.12376240214708867
0.12332877082691125
0.12307697666200755
0.12309393917464924
0.12301274417349883
0.12280962717659331
0.12242756049574627
0.12189020880152336
0.1212312272298896
0.12049414464187784
0.11971018571104354
0.11890567520963025
0.11809857944507392
0.1172936273377949
0.11647925081226244
0.11557623983567278
0.11444498717988005
0.11304799294356994
0.11139835145032928
0.10961470532745356
0.107874840111763
0.10637440448637382
0.10528085649614999
0.1046225296181823
0.10395221844020847
0.10305744169740538
0.10201777756269742
0.10097134752363596
0.10010281290940741
0.09951836183742467
0.09929292499119752
0.09915076790473355
0.0995144692762992
0.09823639886254444
0.09006363841968378
0.07981106489941782
0.07585940290618155
0.06951376247011797
0.06864126090494689
0.06145047121093227
0.06044560397458648
0.06013791308000927
0.059205823963882666
0.059398966453004846
0.0604504907849845
0.06161254052070699
0.062473363072204725
0.06399447485079053
0.0653551490454846
0.06653548552653553
0.06734937902063129
0.06769954260175988
0.06789729244723315
0.06791664100313795
0.06781176606527085
0.06764184270262034
0.06750570561238789
0.06749836933336095
0.06766722844325974
0.06800357439635933
0.06848061793268129
0.06906225665451692
0.06971536688028075
0.07043827043571863
0.07131403825392935
0.07238563632947988
0.07358999653501432
0.07478544627741039
0.07586139816435115
0.0769218302825473
0.07802330024011302
0.07905756191944034
0.07991975186565477
0.08056686647869943
0.08105032698073644
0.08129028324262184
0.08116778263419948
0.08063038428386578
0.07974032143880651
0.07873298531063469
0.07784542105813262
0.07734147902240747
0.07750553578763107
0.0773191636420784
0.07555796896220604
0.07279590640980042
0.07142494558198689
0.07091528586257172
0.06963417895694438
0.06875850065441179
0.06923100151943044
0.07012707575245256
0.07040519688788621
0.06915323218365672
0.06760989248525648
0.0671664577227131
0.06765247482699309
0.06850330567633034
0.06951872450330228
0.07080367039624864
0.07191655181212657
0.07270399589069727
0.073265479800759
0.0736931757892771
0.07399070635273168
0.0741214581589374
0.07404217149478905
0.0737218657357336
0.07315381857731029
0.07236530408081322
0.07140763796030335
0.07031872627100842
0.06905747944459198
0.06761429895103585
0.06606384338761152
0.06450944508239585
0.06302259506532246
0.061488073392433916
0.05984916894360067
0.058232796121068
0.05678739155958168
0.05556764939875828
0.05445854522230334
0.053483082531069905
0.05272428798669935
0.05221956772909614
0.05191883850606476
0.05164132819415836
0.05127710472457481
0.05079661190520492
0.05022345280165725
0.04961916212719305
0.04904030205695401
0.048518555662112134
0.04808278649434827
0.04780441959909879
0.0478057484601788
0.047559621442515604
0.046330179700862915
0.04411454709323876
0.04216975858079525
0.041678507598705956
0.04169400532740556
0.041021724515443836
0.03987082890105562
0.03874914728192993
0.03780167392170179
0.03718066828334272
0.037189612453743755
0.03755858787299098
0.038109130701566234
0.03920216855448847
0.04113588353281109
0.04318459132290826
0.04464654171342267
0.045953908809913326
0.047174109278768916
0.04823355071722729
0.04913867507582626
0.049796981692716576
0.05015507414055457
0.050297117582546985
0.050566306093870556
0.05115416030101307
0.052038578633360394
0.05315068751380997
0.05439191271658365
0.05566424804404695
0.05692643201953967
0.05827391603016189
0.05973770890963632
0.06118988588803095
0.062451151322182215
0.06345969304128803
0.0644674459746891
0.06539493858982981
0.0661156709524174
0.06654490115858767
0.06677169071525568
0.06685307020012478
0.06673031283227278
0.06636326847013906
0.06573262610206458
0.06485635675495018
0.06410123845026984
0.06363621307318094
0.06351047700187634
0.0637250616137785
0.06415505112774586
0.06461190732323614
0.06500818570554093
0.06531571736964369
0.06561363649231475
0.06592146979259825
0.06625337801970811
0.0663495656850182
0.06628057439812753
0.06635405886557584
0.06651645481079056
0.06613552323840886
0.06474421904600568
0.06325503020436243
0.06237893970514275
0.061657959229489134
0.0610007689390836
0.06045039973911836
0.06004178364057727
0.06003660748715348
0.06047835613799873
0.06125125516218885
0.06201038944748147
0.06259766432990505
0.06312610569877485
0.06377009835789267
0.06456944259983528
0.06534361626026362
0.06568791092907479
0.06535861544923137
0.06464045272524559
0.06391759912228596
0.06339636010388365
0.06316090470818397
0.06285508409406076
0.0625330763679337
0.06236731307342866
0.06229585637743817
0.06205788785193168
0.0615318156584149
0.06110286134882315
0.061247989147901166
0.06197198846189083
0.06319063024545062
0.06445566464122894
0.06558645664560404
0.06659700690658905
0.06743596993781423
0.0680202707145258
0.06829821423585947
0.0682857580007488
0.06806158993952369
0.06759108244966817
0.06687863041871213
0.06591304011629369
0.06467187628354924
0.06322852059266672
0.061713410671514875
0.06025623016300932
0.05897884817457174
0.05797360792006523
0.05701784461461192
0.05610100781698824
0.05527235447327666
0.05457499190549489
0.054043073740566376
0.053622554365749135
0.053117992737641194
0.052508369899176295
0.0518029882232516
0.05100343946141175
0.05009450907268704
0.04900558640073411
0.0476434904077562
0.04606477829713417
0.044522833577551595
0.04340819863836042
0.04274145949109836
0.042281485531212436
0.04173031431236795
0.041016330713943304
0.04009922994589886
0.03920124835865
0.03838929533426806
0.037670387162828355
0.03722894028197085
0.03723245150779739
0.037704983187257686
0.03828128458399233
0.03854338853026237
0.03856358324584839
0.03839166843070408
0.038061363418827675
0.037535548680079286
0.03671268099036082
0.03561439819816629
0.0343479576920075
0.03305921219977162
0.03203350693547841
0.03146664338312851
0.031414093141419706
0.03188316099255168
0.032778637198703296
0.033884395361786265
0.03494794249793598
0.035851124484873466
0.03674414105272562
0.0377295434599239
0.038806780462942406
0.03992089899778412
0.040990109267236854
0.0419313629113553
0.04268449597980922
0.04330509411661653
0.04380835240361485
0.0441692920235126
0.04437088520241092
0.04440439305407779
0.044267180604605126
0.04398028327233536
0.04361931007544406
0.04327132592585623
0.042990861564065536
0.0428115414616875
0.042754944298432795
0.04291348603320313
0.043191539128846185
0.04361780340643101
0.04422803863920041
0.04503293714858203
0.045907998615236645
0.0467986038730246
0.047624431370358294
0.048299247715813474
0.048751397778537285
0.048932377382840835
0.04881919113816502
0.04837244400243979
0.0475469747385363
0.04645437217388385
0.0455047090446159
0.04487544763784392
0.04462318944758897
0.04477838238033757
0.04534180178609415
0.04625307184016203
0.047227723039041714
0.04796985065080626
0.048358799049221586
0.04836730289999158
0.04806187519638105
0.04760551866991249
0.04718584282824761
0.04686443606840097
0.046464604019660426
0.04589659291688439
0.04514232619965394
0.04424515062836848
0.043334811010409195
0.04256181543202789
0.042021795474880184
0.041670792154349295
0.041494945931942605
0.041509525468162105
0.04170903302883477
0.042068494964293664
0.0425476653269691
0.043086119113331274
0.043635901492782674
0.0441410416396541
0.04453775900728852
0.04478530364458134
0.04485628268614831
0.04472589189914927
0.04436224113696466
0.04373060264737297
0.042851649698368986
0.041955422710382974
0.04127352025259958
0.07320057663031619
0.07920527932368317
0.11499495235099337
0.12145583575312097
0.13150496802784012
0.14280040625147467
0.1513860534448034
0.1624146907385808
0.17172778541216674
0.17566356930262292
0.18254172582223768
0.1863741477987796
0.19086268906626228
0.19513167620265623
0.1995999043092438
0.20586788081675086
0.21517503229425552
0.22441060244420416
0.23154059379281977
0.23666378048898395
0.2437226693822706
0.2467112264968564
0.24940536116034506
0.25065091572529336
0.2546728933678469
0.2595060913223302
0.264032537428074
0.26916291732728076
0.2740305212372963
0.27952781135677496
0.2853379751178366
0.29213869391805913
0.2985633792991675
0.30338078123958545
0.3067585016258489
0.314245281940686
0.3232505811873166
0.33451887721356255
0.3464972040244916
0.36121889629646203
0.37256937325341427
0.37715928979899754
0.3902260404557188
0.3977168821475399
0.4037278507820385
0.4087381400859756
0.41437633107823957
0.41812281537006
0.3900146090098356
0.38895601980088784
0.3575843680579614
0.3571306279301325
0.3495640257558426
0.34204837332019106
0.3346408689076464
0.32784567030125666
0.32336128660889685
0.32446236131858125
0.3229828412656601
0.32600257743541133
0.32600522019674943
0.32519604197357693
0.3230929362728355
0.3214358987524613
0.3142114365262885
0.30676018415725986
0.30043951791726786
0.29699911903974413
0.29278956273572315
0.292683043665317
0.2935996642243801
0.2971390398472241
0.2978617875586393
0.29739125312989595
0.2959323496552031
0.2938121553194796
0.28967793707476047
0.28774154427007603
0.28741396912782075
0.28651146214966455
0.2878080841855372
0.28822278795457223
0.2898761445773757
0.2910753589548845
0.28619498580310093
0.2839385945146261
0.2792046760135505
0.26691144278751805
0.2610656614001442
0.2593187592479822
0.24943380946732033
0.2454845712436148
0.24446894196511226
0.24501770735108797
0.24615837427982848
0.2469626493390571
0.24566848990968804
0.24173264291836652
0.2420846949330111
0.24048507405200362
0.24294576589984165
0.24603835359225368
0.2495931711194768
0.24936966420684933
0.24716002944935192
0.2471990802321886
0.2438786127455903
0.23882882494854488
0.23487734903651905
0.231905619398967
0.23008467342212022
0.22719612953138688
0.22657634964579795
0.22661997699730588
0.22876800378442816
0.23007103474110482
0.23086877621435353
0.23177470054926494
0.23046830151054065
0.2292057575334413
0.2275041378008029
0.22662674481809705
0.22733504630807255
0.2275888084688011
0.2305012625488677
0.23072813465810957
0.2289130080617312
0.225291376098535
0.22032123047347482
0.2192898323132421
0.2166559179783968
0.21162109048862313
0.21124020803276614
0.20545897368361243
0.20155965669231804
0.20156874850800077
0.2005683605298206
0.2072737503418708
0.21531740685943312
0.21593509424208612
0.21498949197087627
0.21299883188735022
0.2091991264858577
0.2080086580909504
0.2076050574225208
0.20836420330609393
0.2050118415557434
0.20132679223650837
0.19648764254985027
0.18972321473122158
0.1857390363486954
0.1829121946185478
0.181406540748012
0.17699481645652762
0.17561636111646792
0.1785311305875177
0.1886862256316265
0.19580160499177193
0.2028090331462913
0.21083905974393827
0.21708409237751047
0.22118594123597454
0.2209188694944957
0.21808142678672826
0.21602466539167522
0.21353356836066262
0.2127496454208542
0.2109201622923855
0.21087870253562027
0.21119657696422767
0.21127526805870142
0.21265019237814609
0.21287483617966307
0.21293822978625176
0.21786614637636456
0.23189776567892315
0.23879922872489015
0.2430835426889383
0.25490161215319246
0.25548377570387637
0.26465728850507614
0.26629883437204627
0.26516505848699673
0.2644874270895133
0.2614954567452023
0.2535966547269672
0.24481982521158233
0.24255376628490113
0.24115752662437806
0.24030065209748494
0.24028589491653518
0.23915797744655806
0.23931083383010662
0.24255668301127933
0.24623423656465526
0.24991938439215955
0.2523049896170404
0.2581542361624738
0.2609298049395909
0.2653649972263123
0.26606383034532394
0.26786918985321073
0.2673478108915562
0.26384484586933166
0.2537382387335722
0.24673604771058352
0.23977174033560208
0.2301770332121179
0.22320727432190857
0.2191352528142743
0.21929097052770688
0.2206960358566947
0.22020973417501746
0.22016399666414152
0.22053139582305606
0.22073801844497473
0.2197528973501138
0.21801348398935008
0.21590124220770937
0.21263622429439158
0.2099646025035394
0.2074929450782135
0.20061591970789328
0.18622930632385107
0.17800875682265802
0.17098133750536992
0.16370796412058078
0.166734773168992
0.15746357034251637
0.15615516020608064
0.1591923124205992
0.16020471677624956
0.16093001015240796
0.16194532844267065
0.16195230563738658
0.16231625101839725
0.16223034802931602
0.1628088963602888
0.16339853231544402
0.16366776984009104
0.16354708085919187
0.1616459364403158
0.1582696883916517
0.1555044267712529
0.1558685864964013
0.15277063270782898
0.15317712177900433
0.15028750585705214
0.15119483995582175
0.15033974634479205
0.15107706096980342
0.15023667171791044
0.1497616309383533
0.14926585537800807
0.14909560722031806
0.14942448287905677
0.1484657905910965
0.14904801323731007
0.15837079753365238
0.16477363988620833
0.171425833547853
0.18065380915344095
0.18396310962059284
0.19076734710774976
0.1923409616665216
0.1948463641285424
0.19394874201571197
0.19523495698954543
0.19539048200895445
0.1959797339357133
0.19604857707146886
0.1958460302779771
0.1964552815550911
0.19658319392271462
0.19341261802564455
0.18997052862582375
0.18853203800194027
0.1869384962584778
0.18292542420479133
0.18099261414383735
0.17972310737389607
0.1780684479863548
0.1759911419929622
0.17432594137272264
0.1730341801428614
0.1719502698251308
0.17090745429747486
0.17065421993717567
0.17108177115421194
0.1738261011062182
0.17375621984656076
0.1749073886040323
0.17192938328536192
0.17129554179221676
0.17065708863479298
0.17080444014834953
0.17083620404147562
0.17170340036011034
0.17294990820196265
0.17431568578113088
0.17522410032112432
0.1760833642118138
0.1758130786793041
0.17672958626961643
0.1814421830741492
0.18132154883466034
0.1727657596942205
0.16645455954383578
0.16018245331837036
0.15081361576833396
0.14634643572231237
0.13776971628343745
0.13466795783800573
0.13106701283919547
0.13194990096625528
0.13118639150440273
0.13056439690081895
0.13719758696967635
0.14963312322960454
0.15683588714425853
0.16241875750213666
0.16509959600680754
0.17040630982875382
0.1699353112405576
0.17095189280181045
0.16949564616514676
0.17011398422502935
0.16969243330519634
0.16969410691639017
0.16995401641150754
0.1710569279197136
0.17234735549588895
0.17277674335426185
0.17189811698493881
0.17112620709294327
0.16985588855983294
0.16730314347690464
0.16142292659394747
0.15960716735524283
0.1567373954393882
0.1570469631596771
0.1555958048591981
0.15380431815630155
0.15297699929200545
0.1519767152095894
0.15494950253703996
0.1597318431082179
0.16196552996526653
0.16581556538280026
0.1661327362554434
0.16843527849326048
0.1688743271875064
0.16484122157279973
0.1624294872706721
0.1595280426796608
0.15918638177357963
0.159683818417644
0.16065903885958435
0.16106477280405965
0.1709076662716803
0.17599560460235772
0.17842735595895645
0.18095486715671713
0.18155043007019708
0.18302754998390183
0.17617827121853855
0.16336806444981825
0.15576440354155974
0.14897614633720363
0.1459287114162869
0.13863032822955945
0.13676314940443682
0.13905400919961625
0.1486910828028205
0.15321469819571593
0.15859960240073162
0.1596762502017484
0.16233993263680405
0.16269842985970606
0.16257398737718617
0.16128955613870669
0.1615387462408204
0.16010792604835822
0.1602996428725275
0.16085889150160954
0.1636716537838009
0.16980793383896467
0.17300570361189985
0.1763629947040967
0.176813550793118
0.17624534381519
0.1754207991007587
0.17454506140395198
0.17050087107494358
0.1652253919689778
0.16287013180062812
0.1596063310682266
0.15983190976021866
0.15986098206754693
0.1611171048667481
0.16115566812435736
0.16158209309442623
0.16139553564510906
0.16063613155297007
0.1588421870296414
0.15714354609114567
0.15670439747695683
0.14768470430773575
0.1435074088194069
0.14276454255931945
0.14173948164072822
0.1427432743265938
0.1518191391246283
0.1579774382318095
0.16273832042597314
0.16533530305925725
0.16711143201797965
0.16772190238992513
0.1682046827754272
0.16765921424430866
0.16295805874331035
0.15486607378141665
0.15185301596395334
0.14799053114007754
0.1530111137941327
0.1544373913870105
0.15683612467587535
0.15914408631340152
0.16073714985951612
0.16219108394373738
0.16362401402222662
0.1642238656830063
0.16458306104582215
0.16211704935394822
0.15598463632776804
0.15291780909628386
0.14947085955773148
0.14928256668163695
0.14948054372603733
0.14984981210000634
0.15078762365997136
0.15087754044360316
0.15034818275239678
0.14958865420514986
0.14848853384627714
0.14736274764836674
0.14560641281487038
0.14374483107601102
0.14402996341381027
0.1499901950788709
0.15929245093512429
0.16471201115815653
0.16977682103567948
0.17170673194995803
0.17687818102568173
0.17741189944331193
0.17865023830167123
0.17604902190115276
0.17467694201175032
0.17141320191455275
0.16204344779557894
0.15592176348911743
0.15635217054591247
0.15582302959554548
0.1564679508079776
0.15563568467798952
0.1540528434584344
0.15352777845485802
0.15260628414375427
0.15078754329910884
0.1478818306601423
0.1465148465017523
0.14030224035987096
0.13602470025724653
0.13555453129960618
0.1349557382717828
0.1343634868578458
0.13184758165904553
0.13053437964318806
0.12889569519069202
0.12711899807885127
0.12601107206973763
0.12585976883495334
0.1260502395126099
0.12692019314303815
0.12791976042714195
0.1284518005296614
0.13246698671446164
0.13392179490937672
0.13406868073803885
0.13461733792693167
0.13597109071447971
0.13657981778500553
0.13691232354702068
0.13646903151823772
0.1352811214396179
0.1353781561414962
0.13132826600240266
0.12302926390539747
0.12357105417730395
0.12548638910894214
0.13368462407150525
0.13598412791685668
0.13823216748829167
0.13760931305212296
0.13938869699914136
0.1390746796182226
0.1398593870171754
0.13834608962997832
0.13722538539791562
0.1317081733037829
0.12928284270946597
0.12659276183980542
0.12678546502628846
0.13559257785525042
0.13973595530161476
0.1434399106277867
0.14500067358848132
0.1443275540593302
0.14368234818134437
0.14272428229336453
0.14098413494432283
0.13701728635305988
0.13400142021478398
0.13355570226420824
0.13475974241501174
0.13638942957230316
0.13819117264715658
0.14072772600254901
0.14222427750015945
0.14369446638632885
0.14499234793465451
0.14510085525487448
0.14363305240231541
0.14241361193629196
0.13746653575328516
0.13558506585204833
0.1360173636018894
0.13677333478500528
0.13691006613614878
0.13917464733970972
0.14935220735678395
0.1542192454754884
0.15739886622165225
0.15929041453305773
0.15846416166952032
0.15782279433772184
0.15174559778449467
0.14438982563050928
0.13361794793660708
0.12566217731270482
0.1225349537726896
0.12180864043766337
0.12163153885584033
0.12181255559518807
0.12376210330113417
0.12552758757888507
0.12682206736848126
0.12765922891665937
0.12821761670214804
0.12840538355635814
0.1275046081239328
0.11829006452206543
0.11425389027834047
0.11099434599900626
0.10973095407080062
0.11158397404024308
0.11399593535415392
0.1308727693458195
0.13889283332766236
0.1420627431822127
0.14267599606657827
0.14251441336039083
0.14134189093657504
0.13938252742873602
0.13717831044358206
0.13488385813153642
0.13421834186124654
0.13337240353910032
0.13273669946379693
0.13321554300511526
0.1343571242763886
0.1354851546791702
0.13788159577913048
0.13875326465068263
0.138694258644088
0.13782566655954515
0.13631589475854192
0.13312787162825365
0.12185343160402601
0.11683823462158617
0.11443748388442816
0.1130366061733822
0.11353163415597367
0.11643063003930672
0.12156313286738707
0.12235679096003338
0.1265837469093455
0.128893541616571
0.12989568550034206
0.13004265242539695
0.12940755529461492
0.12801306797956594
0.12489623546819906
0.12323320421187384
0.12224143061519738
0.12133331279022518
0.12143564394761203
0.12278318470326548
0.12713445662596937
0.13016098042917354
0.1323471294644929
0.13327233666189361
0.1336272792325776
0.1323638883817057
0.1300898152383165
0.11334891019570496
0.10636626614070331
0.10450215871613822
0.10529438000412143
0.10667756601359675
0.10869509452034964
0.11222890310903115
0.11552270782778112
0.1162918544884124
0.11802440458589146
0.11822909173950123
0.11806603672556325
0.11673350120071085
0.11538248961808184
0.11395761208717821
0.11094253135385267
0.10956091120181626
0.10886393536434659
0.10892649367544298
0.11013431167173322
0.1121539356553461
0.11281626654886455
0.11464518363853173
0.11662552446302561
0.11744099874090812
0.11678160614281136
0.11367725422070968
0.10910168199064285
0.10972930078517977
0.1068812241257663
0.10561369050127561
0.10571792500707013
0.10578782820634863
0.10561874680830184
0.10585027057444535
0.10880046321664862
0.12458672788342988
0.13076290211795244
0.13733480045615676
0.1369102861208296
0.1379967177544804
0.1334456865988191
0.13066888891078446
0.12753490469676557
0.1260771633975361
0.1254910964216726
0.1258210118186906
0.12666917836291827
0.12805443625571944
0.12923112468456008
0.12996881118726053
0.12981995802798638
0.1301255088177866
0.12988328213357597
0.12875964836175033
0.1277561042894884
0.1286949336565684
0.12772284246867013
0.12713183779818762
0.12591917705873026
0.12638886434978594
0.12791028875106128
0.1302166819732644
0.1336898006455722
0.13813699088358938
0.14266604678009878
0.1477330546186267
0.1512689453018683
0.1524986519936043
0.1538124559399288
0.15283261479126536
0.15077850890559757
0.14858244029489662
0.1467728119505755
0.1453057023266063
0.14433098726342056
0.14380211885379654
0.14338306666412623
0.14290171805596152
0.14275202766803954
0.1433164185646057
0.1521102153301371
0.1559439385706489
0.15681110641905308
0.14303991114215833
0.13776326768721894
0.13170036349558542
0.1321876021284501
0.1310184839680358
0.1332243179060484
0.13490123973356893
0.13708826245532105
0.13908062365105975
0.14124371901696692
0.14332007879825262
0.1463141703255079
0.16006854787595468
0.164345638790751
0.1709889832524001
0.17657906010366498
0.17838782906447612
0.1802384679500453
0.18251104730486614
0.18359222356958035
0.18387452898633194
0.183564107428721
0.18338481822148953
0.18345263667115075
0.18315424904973568
0.18209902562827648
0.18095977200323385
0.17959855717360865
0.17887269853999588
0.17688559529592243
0.17419872351040133
0.1718534786159596
0.17004564495216537
0.1693149898359739
0.16836991598784426
0.16745285361059414
0.1677492975399778
0.1693896384913408
0.17196081607906719
0.17397923681989858
0.17556569571565117
0.17722625628932567
0.17943602237439726
0.18083030699141064
0.18036572383383673
0.17587301457765556
0.17675134183510255
0.17860670717830718
0.1796538561848129
0.17984030614784133
0.18027435435682973
0.1803821494675393
0.180261754684183
0.17955125187817003
0.17859113769640023
0.1770093536070441
0.17551717974348102
0.1736485951141157
0.17158553761946327
0.16857585627399066
0.15459849729342032
0.15081160164180016
0.14568983536669836
0.14083914843054265
0.14008165795596797
0.13848038674280536
0.13536980661180806
0.13324524297709725
0.13154434908745752
0.1306386713866852
0.13092293865420418
0.13224252454448895
0.1337327486658396
0.13536960618563923
0.1368834046987982
0.13802393926708292
0.13717170231163262
0.13693539617383543
0.1350078230618069
0.13566187704870925
0.13562574756191534
0.13914965718827477
0.14071870808470166
0.1418748095629346
0.14298402812300745
0.1430973509978998
0.14284662561907946
0.1422801196442935
0.1412320350445923
0.13939926653043969
0.1370006933843624
0.1348559058531401
0.13411015909234547
0.1301830874294588
0.12653823547691548
0.1233637777237595
0.12431131595253875
0.12647206744132672
0.12862584186678472
0.12971705277548465
0.12940174036775157
0.12833669525577918
0.12758515647849064
0.12812958060994267
0.12922857864805096
0.13068975212087086
0.13261746418436907
0.1349903650195548
0.13723552340449638
0.13833661838137798
0.13790540094121592
0.13821456271084312
0.1380348994412038
0.14239584668395652
0.14990296265980163
0.16351730863640282
0.1701272788077146
0.17741784127297952
0.17928234085245284
0.184445975447043
0.18512692258983446
0.18658266143157176
0.18680602072765826
0.18612923306719265
0.18424966154697178
0.18146869040987904
0.1794308352209657
0.17602347781564454
0.1753681333076228
0.1716295548500811
0.17009811072752065
0.1698420339597098
0.16968964961723823
0.1785535340426957
0.18261079961146465
0.1845211424173175
0.1839466557990116
0.18574380315164662
0.188638187228771
0.1910082433040624
0.193839687208163
0.19617839192849637
0.1980758037548558
0.19835831579089255
0.19481985412536773
0.19148795884511094
0.18919870346354342
0.18899435060528932
0.18976224032849942
0.19290200831604176
0.1965221947367314
0.20489791705011143
0.2105118881485402
0.21551741241456815
0.219123432462227
0.22251750606197904
0.22279068619452716
0.22320794989695414
0.22121828087041143
0.21949021528816615
0.21736123011939487
0.21087973551818076
0.20243873737425125
0.18906542694745618
0.18353274515622245
0.1771214533686479
0.17611007577832682
0.17076245450668812
0.16918033222336523
0.16720001847665847
0.16729188384467497
0.16835573566065073
0.17001125388190427
0.17430488628800075
0.18309625195665333
0.18614616283712893
0.18785066336137038
0.18916252271513093
0.19004982765690384
0.19100434816152487
0.19245652157391283
0.18576276293290386
0.1842102373901242
0.18488585449096753
0.18784526433238782
0.18908758755002472
0.1880261518150916
0.18603942830897122
0.18344790145664489
0.1814484467289507
0.18015932192576764
0.18150445035664767
0.183020905402423
0.20547496965595738
0.21667208094409676
0.2255011045154757
0.22698408215708812
0.23035252773348433
0.22696314100457105
0.22235033690783848
0.2163805799706019
0.2100272309332335
0.20441530525220494
0.19831245431711564
0.19428478788340084
0.1914393808422367
0.19167554473429818
0.1912939997060152
0.19161204614916524
0.1932978211360743
0.19443793312329613
0.1954114570258547
0.19606375932698084
0.1982546569236953
0.20208386367208386
0.20476411540984454
0.20799644404850634
0.20896568404971447
0.20686814362882514
0.2045350829915845
0.20239518913630314
0.19935126899601818
0.1936771126135641
0.19439031318563657
0.19652224664789067
0.19965728972743865
0.20328152591638948
0.2046419328149234
0.20386837064187224
0.20122067910945485
0.19872907971703144
0.19724537879031315
0.19733606142464366
0.19916482676223013
0.20209947009803297
0.21497523274502303
0.22765024453259997
0.2328501239442029
0.23859954926683624
0.24048453209264345
0.24223123543817515
0.224186520115258
0.21352371466541756
0.20370812648488792
0.20255367205602612
0.19903034501546776
0.19902524982909417
0.19650351444284805
0.19816892160068098
0.20024530590550796
0.2017126800547303
0.2029078130866412
0.20467039220649408
0.20511904354042096
0.2063393476738288
0.20918493471921037
0.21175205686965484
0.21404170227886551
0.218351040219969
0.2208737205435103
0.2242071212074215
0.22592581779333518
0.22350298752693631
0.22137951376687795
0.21935544193168507
0.22066880884242834
0.22527805527202216
0.22921745514205613
0.23243600284882512
0.23323933807381916
0.23141026558449154
0.22769969998678719
0.22280981609554015
0.21750584258638758
0.21308059659081516
0.21131427127712046
0.21322443066474583
0.2179358840647416
0.22190425648069145
0.23494348798691148
0.24479666889631313
0.24429589822179576
0.2473983909381889
0.2390727417948032
0.2318439787252057
0.22779861133693077
0.2229923720095743
0.2198800300790127
0.21878625453965214
0.21654727973182678
0.218327188066238
0.21865969012680497
0.2181203463675214
0.21575348361921068
0.2157125960419292
0.21488160948340093
0.21313317927563727
0.21159173111622212
0.21041430474595846
0.21018426494351658
0.22488351998062184
0.229342115734499
0.23038306566518552
0.23292443536615484
0.2342606208282448
0.23416519495830648
0.23060255631342194
0.2269270708924015
0.22182005856583367
0.21661684647940527
0.21343034956850646
0.21130119993967164
0.2087565904196551
0.20535813019243673
0.2020263943804038
0.20010957883684735
0.20189091419261992
0.20662274475998296
0.21023884622924668
0.2147500585832203
0.21912392219540386
0.22303038045387139
0.22517557389087683
0.23032025464224873
0.2386635314464569
0.2433067571147832
0.2410643109788474
0.2342379895927131
0.22328423029412356
0.22244028802936777
0.21734798653360307
0.21986274030620864
0.22058061475910382
0.22630438297166824
0.22865570907389945
0.22976199501623526
0.22951711379573378
0.22744066590774067
0.22685815336669854
0.2272695090553942
0.22677682473287253
0.22679619498614956
0.22662085683408328
0.22703379385428066
0.22863502550459994
0.2295112523168502
0.23056472539404235
0.22977083448311608
0.21403534920370107
0.2094006832321619
0.20740235918508873
0.2034909934243665
0.20050329685219606
0.19864654773306376
0.19846125779657775
0.2000863066389108
0.20261194042922956
0.20521934062587996
0.20763747927951884
0.21066656181363733
0.21429177324498408
0.21765816502220858
0.2196829698640915
0.22237910359529153
0.2252083530849839
0.22226447181793776
0.2247910933625448
0.2244005619753504
0.22556559267934853
0.22459552128165353
0.2251372859208056
0.2183047885375391
0.20793538015126578
0.19792096426765796
0.19545993047794394
0.18826765044456698
0.18888063395671906
0.18934900311123914
0.19110116830585766
0.18763756493138564
0.18495856046881917
0.18072003484268706
0.17886037150931636
0.17825201072653463
0.17800468239687192
0.17867079066175795
0.17580438001497603
0.17333501194531453
0.17189222630919687
0.1719116122549262
0.17344907968099152
0.17426911444775484
0.17538444533773445
0.1777123406419627
0.1795749546203619
0.1822422064076149
0.18537498692726748
0.1872475388622946
0.18841237189703589
0.18892751095668803
0.18934087368744032
0.19007960185496764
0.1904441790744812
0.19048452991339002
0.19796768319174518
0.20406195566459917
0.2178480568526381
0.2280278837681172
0.22970811927889978
0.235770409148815
0.23678348098516147
0.2336613986703949
0.2280278616015413
0.22594669121834143
0.22078799214850256
0.21781770881826198
0.2145399410048405
0.21325076182370703
0.21049203989474988
0.21099487911402146
0.20899996227145431
0.20883481791227068
0.2096778181680964
0.20956565435284588
0.2081595467000864
0.2058720906741139
0.20362321636806313
0.2015940546189039
0.199139936054649
0.19635018919427263
0.19345674440431215
0.1911447421883957
0.18940769836465468
0.1883852104558018
0.18779452643527358
0.18756741424211554
0.18733409087339695
0.18669044977065244
0.18561672404097937
0.18451239862292823
0.18271140182175863
0.18070617555778004
0.1793728750729516
0.17874687050628238
0.17765855135622263
0.17864624445450838
0.17977228023082958
0.17919939723352044
0.17801248365543731
0.17657103368245788
0.17545955334930471
0.1740960600235614
0.1645425276072952
0.15647156380817157
0.14170613933702994
0.13063866404360125
0.12732389802512653
0.11918420760755459
0.11689864107997767
0.11777027899959218
0.11897216645538496
0.12075686634126163
0.12219272825827031
0.12332735701460239
0.12300696779862529
0.12306390894886692
0.1236573138790017
0.12332717944850606
0.12256662323493513
0.12147462277434484
0.11930837095085733
0.11809409576840768
0.11757611459213933
0.11756736740348502
0.11745406415212951
0.1181312164222489
0.12048161206890966
0.12649456902988626
0.13071161626916575
0.13304729928146886
0.13592449180706695
0.13868554673186442
0.1424736755016478
0.14621155285072315
0.14817244538097046
0.15048972911923655
0.15205453829008825
0.15148916365254286
0.15056759074958406
0.1491185989868651
0.148318603337272
0.14789503432299642
0.14817262335734943
0.14727581171350726
0.14631143494610246
0.14695477131669132
0.1474260118810963
0.14726407246367404
0.1465522338198117
0.14559164487781331
0.14523655992936405
0.14523561855035041
0.14434469426020077
0.14259415468179212
0.140497298953888
0.13810118396558055
0.13545643876233884
0.1327719201876515
0.1295437599899143
0.1288842631242382
0.1309886681429495
0.1325416589636599
0.1315574273001718
0.1317885469927146
0.13358490603417592
0.13627717314614377
0.13945540798159903
0.14276431049553967
0.14468027549587617
0.14573495483062132
0.14548859061502528
0.1437935493769659
0.14130154085933597
0.13782929979297515
0.13333760901272113
0.12623293509107777
0.12192628284824053
0.11971513769233265
0.11742767322858051
0.11602755653012882
0.11457481670619822
0.11396844231705015
0.11505937517791233
0.11511884800908845
0.11571731316717143
0.11822987963381477
0.11962429019538945
0.12119387717063516
0.12279552958466926
0.12289928268824189
0.12657448149756978
0.13859904384165886
0.1457401115966153
0.15671799373074116
0.1684935017027865
0.18031710099871212
0.1862265135005704
0.19909786813070515
0.20131679917105647
0.20490717368025468
0.2056698598326325
0.20618092179524009
0.2064174869368286
0.20718548337789325
0.20708841018668514
0.2065620716270881
0.2060468493517068
0.20339559763795187
0.19854267459229502
0.1950979091329196
0.19517457211884795
0.19435437902895078
0.19278873557507784
0.19130343322724816
0.1903973019559785
0.19026085929521344
0.19194670799419003
0.19388478339211548
0.19538389575878834
0.2015923030524975
0.2219426035270724
0.22985174131622396
0.23753712247597059
0.24503199327474665
0.25054786129082923
0.25322623304524106
0.255570983234931
0.25657283569379713
0.25680742651239236
0.2563052887025747
0.2549516258604786
0.2529260867477131
0.24999313264466813
0.24643379464996887
0.24340107647754503
0.2400325664992523
0.23603627720353546
0.2331103621602106
0.22651753511592998
0.2117393602367623
0.20257965311478562
0.1903601271370076
0.17845272009696622
0.16728694435266403
0.1642319175335073
0.15588031629574908
0.1574565092511103
0.15917374805500542
0.1625771908981108
0.16428874489401535
0.16577859334890252
0.16798074748016967
0.16959101709915114
0.16980880488950004
0.16963732797082823
0.17022836486409687
0.1700820295711886
0.16897274548063568
0.16770677434227
0.16659856812367055
0.16527881824826787
0.16454726563472796
0.1634721198980373
0.1613359716365683
0.15834648385907577
0.15560975024087595
0.1536846346635422
0.14756649180204814
0.1277622219918144
0.12130410195100576
0.11523791516497393
0.10890726476565186
0.10531679446717902
0.10360150849253191
0.10494589102751313
0.10594237673986777
0.10655309914921578
0.10690048409402407
0.10714328884089812
0.10708090789932195
0.10698625521318249
0.10692581624399233
0.10709863364637791
0.10739124304999219
0.10763016189804266
0.1077252550332909
0.10763693253406321
0.10737930763565508
0.10704948143405559
0.10668008104245669
0.10655191050121093
0.10698811150731634
0.10618233396018756
0.10396551003269262
0.10243802011191722
0.09994065017754578
0.09842246219733448
0.09927716405424138
0.0991285759151561
0.10359137767475272
0.10442033377080757
0.10821075073000656
0.11125607051625773
0.1110875064861306
0.11125380153519278
0.11297874763452553
0.11410374352716889
0.11441582593012843
0.11514786661723601
0.11499318824565942
0.11516546232283999
0.11591148673734046
0.1166474675967502
0.11628529629274677
0.11603453210553301
0.11602771732907789
0.11602277122405767
0.1153873636657205
0.11480202744750628
0.11469222013415575
0.11379429663246687
0.11351706854157363
0.10990438955890443
0.1075045055103589
0.10726695419472952
0.10700844457591759
0.10740960884322302
0.1085512100712448
0.10983811398180333
0.11118756310102768
0.11226249163019025
0.11275495383906281
0.11274444776330513
0.11246068649225133
0.11205496679294959
0.11148156695785616
0.11053979144118688
0.10910933988791295
0.10716191050163842
0.10477449376517249
0.10221989641760193
0.10000690645594514
0.09809260519364232
0.09607127310633816
0.09504213842818925
0.09403717204983708
0.09855780984991915
0.10250200907629708
0.10360652416171175
0.10246988146004458
0.10105664241445077
0.10077957615434774
0.10095981947207078
0.09973640388698225
0.0986335359239539
0.09822812492442706
0.09752277284113035
0.09667642766266431
0.09536392385920041
0.09398485051053868
0.09250396976377
0.09198369877083944
0.09159905015403207
0.09129848951337771
0.0914414169253347
0.09234566236525038
0.09357060007083341
0.09530042936790416
0.09896899310256817
0.09893995828482395
0.11565698970780246
0.12096559538537467
0.12242955774955279
0.12453925474736553
0.1273377954945006
0.1274508530487896
0.12745222147362542
0.12786320930817463
0.12881178088257295
0.13091368628703878
0.13371507651650352
0.13636106575858528
0.13829820233178325
0.14001387356725206
0.14152661771034167
0.14268144290067122
0.14335894601363977
0.143652286824008
0.14395601596871274
0.1445409389721384
0.14584165302709387
0.14684920293781095
0.15178299666148476
0.17249711215036767
0.17837737206926074
0.1811501115096303
0.18640754482228353
0.19546666204179386
0.1978829874404293
0.2004726641212157
0.201216302004376
0.20077317271970108
0.20084295700664587
0.20070341964788477
0.20053980067931845
0.2008249466996349
0.20123460946895125
0.20170803302390516
0.20212007140082192
0.20253789862141205
0.20302044754516133
0.20362718182246342
0.20410971951533707
0.20478384324284574
0.20572896363867754
0.20619315024131732
0.20724919654253324
0.20905864581433084
0.19365789194570468
0.19141249262295676
0.19101964202371138
0.1897904356169822
0.18755246075349888
0.18651524772433756
0.18543996404824928
0.18412934125447467
0.18253328408153827
0.18031715855904873
0.17790107403267771
0.17604669161526398
0.17530908874636184
0.17548354018227053
0.17661434167525816
0.17840387615914335
0.18027725751333334
0.18364921979309504
0.18747024656687541
0.18817137301742656
0.19208778848533745
0.19453282017276596
0.19118883965435993
0.17146066628566373
0.16191849554507923
0.14923479737424825
0.14097930241382375
0.1291213033067809
0.12483339299144686
0.12142107641221833
0.11957266119795719
0.11949264496174537
0.13662249475626517
0.14110797820382476
0.14612571426073848
0.14683210909172964
0.1471754595522119
0.14740268761236874
0.14791393662869876
0.1485697444310341
0.14963983539136716
0.150544676837651
0.1509599234975162
0.15020490277035783
0.1489149950778378
0.14678892931893048
0.14167363153670268
0.13901129060783377
0.13648019263749728
0.13169723990470186
0.12736603786298892
0.12431524382569294
0.1221199351995816
0.12200745631437508
0.12320502111032244
0.12524044821569508
0.1271190548353134
0.12804914988451793
0.1311313148948033
0.1326019391010104
0.13313845726809037
0.13257285709929328
0.1308797371839359
0.12842052808308949
0.12609001231103945
0.12274427094155749
0.11918389169619016
0.11852308860181908
0.11370627271548206
0.1104004585251692
0.10867010617564656
0.10881903488697352
0.10859140632526955
0.10875730014877512
0.10909150238886521
0.1096707777961954
0.11006465455232482
0.11004902360227846
0.10979437022502869
0.10991346473556152
0.09324903439015246
0.08967935232902575
0.08574560287078992
0.08603079992710387
0.08734748712937056
0.08925083302390753
0.09258080044268781
0.09359414764970884
0.09316315681200771
0.09221366611962195
0.09129448064382056
0.09019211136536459
0.08859477144125688
0.08769104024622136
0.08726203344805444
0.08754231035769745
0.08838929473503403
0.09010659556174187
0.09219642532506588
0.09407344904392206
0.09483179188580658
0.09396076670690427
0.09563580438796047
0.09558231064652771
0.09481795714270258
0.09457694002265445
0.0920209381136781
0.09037527183738091
0.0888788653758693
0.08784565653453658
0.0874758405455635
0.08806624432869437
0.0894543639158213
0.09105873428366824
0.09218999099869214
0.09248429574423835
0.0925740826424294
0.09359819534198617
0.09334049738973516
0.09134073925287312
0.09011592110857812
0.08921606433477103
0.08863017765604904
0.0883009155083639
0.08845951213228458
0.089189498498588
0.09029551210791432
0.09110727757454917
0.09216387562172633
0.09357304920194072
0.10594201979207911
0.11061351654809846
0.11165711067375757
0.1111991801668775
0.10758742030393183
0.10542623082089314
0.10396734776503931
0.10232995971663218
0.1008726525287801
0.10033232185407359
0.10069172080123467
0.10115255720079928
0.1015211011851551
0.10201199005640678
0.10290315685488054
0.10374079215224837
0.10390009202792938
0.10307853072618485
0.10299224885124669
0.1039998139446164
0.10170683920012262
0.10049608044576135
0.10002217370473769
0.09981528949066852
0.09977975895335932
0.10064517229624605
0.10238620984586409
0.10428391856021302
0.10680532214760907
0.11030275353037206
0.11102795475842366
0.12087255275884816
0.12558312333427157
0.130045617495598
0.1326603796559517
0.13173641164985977
0.13243104493762756
0.13246238831413754
0.13220593784996068
0.13162647054685786
0.13092516016429848
0.13045396514827642
0.13032155493860353
0.13044822005711795
0.13059520813005168
0.1310274360077298
0.13158562048268696
0.13243491435988738
0.1216471612077384
0.11795516318716033
0.11664182961305247
0.11575531890104478
0.11589000711875819
0.11604611751863698
0.11564105749232306
0.11579176508821769
0.11618011426755144
0.11665533427309584
0.11690286526728765
0.11730974087838143
0.11788083150919532
0.11942648837938702
0.12716610671478937
0.1287224006034335
0.12747056764202438
0.12602958391716879
0.12502473334738448
0.1243351891495787
0.12339259910136352
0.12208906011668556
0.12080430687293858
0.11989771160111802
0.11926470416963343
0.1185922597581704
0.11794580294521938
0.11758749077055579
0.11672862087918467
0.11515517088723043
0.11419841113351102
0.10757905120108957
0.10710548896158528
0.10396555477498055
0.1021641800779623
0.10239446748261515
0.10108581443990498
0.10073614487314458
0.10118290866938369
0.10243807047596186
0.10399964661088312
0.10519478340777272
0.10590082425281365
0.1065037219735976
0.10638435978401962
0.10675991500006891
0.10705333430224129
0.11847285516525934
0.12256361699176628
0.12468054475417632
0.1278356404546278
0.12871806861226578
0.12956591306759999
0.13023890833016102
0.13102413066403415
0.1317331882335377
0.1316579081015324
0.13141005146516505
0.1309376612671513
0.13030431375874116
0.12955287077055194
0.1277821330546469
0.11965006842153536
0.11777507179883517
0.11863926935901138
0.12066628178628706
0.12297599592075163
0.12390415594924781
0.12549121700637114
0.12740890109421407
0.1290177305450583
0.12988433207589525
0.12979249784910288
0.12920196893737776
0.12856373654291628
0.1279989391605217
0.1275333034743851
0.1266158772069267
0.12739452238131618
0.12461794963131895
0.1207037294183697
0.11959307087173388
0.11905276988880138
0.1210199943930942
0.1222678059935366
0.12273784059087832
0.12294931301363503
0.12189819528829011
0.1206482750251721
0.11910629029897918
0.11752266854825712
0.1156732998983905
0.11462407600574383
0.1130994968849847
0.11101427004427374
0.09691028044755602
0.09079578759272339
0.08739549709297463
0.08386412964270208
0.08342027637718287
0.08521008773003841
0.0864944965874039
0.0876636122686086
0.08894893303394648
0.09065382222153577
0.09207972128372194
0.0931228148720613
0.09347405342869385
0.09321792840499106
0.09212472593820348
0.09024120841304034
0.08832383221523477
0.08730408381479837
0.08645639271479853
0.08542455654339616
0.08606622527498242
0.08700076041302691
0.08876353006982833
0.0900206985888488
0.09479626022675118
0.09804274086664146
0.1011222129455709
0.10284476918320279
0.10420453062862105
0.10387788122989876
0.1026058975783823
0.10053321009933373
0.09766554811028422
0.09493981255497148
0.09281054414246763
0.09102486291570061
0.08733785921609528
0.08548343061250864
0.08446989757368284
0.08376813581935767
0.08432909486742275
0.08537575116396877
0.0872319077280156
0.0901866936736715
0.09244007534478961
0.09447448631663474
0.09625220363864002
0.09755291224678653
0.09855916843944178
0.09916574197582016
0.09916258508418209
0.09834324174242735
0.0966421425490094
0.09302799686598329
0.0911275539547436
0.09042158427354428
0.09023982374749061
0.09052130060702895
0.09111658123975598
0.09211179114616819
0.09356517015302075
0.09499083385024465
0.09690312670685879
0.09910246215025342
0.10755797272468887
0.11189813753808021
0.11526728212982741
0.1152703201751306
0.11485088784404744
0.11200536874912433
0.10883015753010622
0.10658444321186593
0.10172304927743941
0.09866378650409831
0.0961485211434719
0.09442483719606631
0.09254893895244069
0.09187864839918082
0.09198623578282032
0.09304204055555958
0.09488060171304934
0.09707150779013797
0.1001090719039604
0.10399251930134013
0.10626084969133652
0.1148075913911812
0.11626536194546971
0.12117821513095221
0.12339466309596092
0.1249548218061714
0.12446464175274592
0.12307956846886549
0.12297865010578322
0.12352618212511411
0.12436265231495441
0.125515430877241
0.12641956219106873
0.12744009158441735
0.12848811360548276
0.1290441913397772
0.1304656719592369
0.1320547425841932
0.13314367776467276
0.13409307942137638
0.13535284987884552
0.13606349069833465
0.1477221553563321
0.15654974850937878
0.16133387779192862
0.1640233457834069
0.16645857260621733
0.16613375680099565
0.1592499137753013
0.15579744721446856
0.1514442035947748
0.14986244836512172
0.1483648546979015
0.1486182794387046
0.14824273501122995
0.14814513173928603
0.14763081700493444
0.14769983384839813
0.14791174849741992
0.14839022489115428
0.14905672022898434
0.15034825969647223
0.1516237671304829
0.15234598745791408
0.15369277786514438
0.15420454189238808
0.15765894535633004
0.15636110070810852
0.15881221356241562
0.15254309458725715
0.15144056722940813
0.14587995662464673
0.14320148340272726
0.14135309504238877
0.14178501012849157
0.1428088688273317
0.1437233080390479
0.14496783394934745
0.14637447361374714
0.14709080386167844
0.14827984313895928
0.14897654233055985
0.1495151380240768
0.1505845249487975
0.1508441041273691
0.15208750035373328
0.15460890771420435
0.15725929298751995
0.15968108960466176
0.16705115442282362
0.15497283145690186
0.14867507011301578
0.14506729333610333
0.1443278168894036
0.14521848244062072
0.14854738644828472
0.14889502870845625
0.1489779715421284
0.14895240274720145
0.14827779364078744
0.1480457675575294
0.14746031946470656
0.14736655715783206
0.1477210493576441
0.1486414050344622
0.14932620010029538
0.1495200864264075
0.14953553784725315
0.14946864766700618
0.1490462859259844
0.14890608710219172
0.14953306137638253
0.14962650623630444
0.15150364747880188
0.14949530209318754
0.14895240929722373
0.14670573236971066
0.1460665342910528
0.14754233567350106
0.14888988629418784
0.14933141803791825
0.15024685693010184
0.15134240596081794
0.1525056014818084
0.1532743892218851
0.15346753385041761
0.15272757851547286
0.1515567309539775
0.14991371697548328
0.14841582507718395
0.14696690904494603
0.1456299537781631
0.14511014191704527
0.14429178931602887
0.14271901378457613
0.14112859151409882
0.1393857059600636
0.1343146961649079
0.14402533507624782
0.14596538530793746
0.14548622206977996
0.14471784379881944
0.14213137886828484
0.14144689444599007
0.1412524788832206
0.14161161038022668
0.14263250244267264
0.144467660651968
0.14580957429094846
0.14852899894146462
0.15033437702540747
0.1522819212774795
0.1538606318606713
0.15522181981570363
0.1564449058765781
0.1568951217300658
0.15647289525556834
0.15553706044838028
0.1541705816968094
0.1521606274953037
0.14965048427630498
0.1458703601683574
0.14258421622486622
0.14306665898111623
0.14923855131986713
0.15233749282235495
0.1522830471051225
0.152509205549273
0.15679825711407092
0.15851502093011594
0.15929348504757637
0.15858590253051535
0.15746837909900632
0.15542270786355958
0.15289999308519428
0.150547597951546
0.1483422236995788
0.14723789511230656
0.14734790709649653
0.14860321118095868
0.15037915426306234
0.15207108888235452
0.1533469978507466
0.1541923338227564
0.15454498748751025
0.15356422550531934
0.14523978522051526
0.14252770445149016
0.14336441533331234
0.1427423003357224
0.16063530056266964
0.17557411618657529
0.18243817843820145
0.18506489515640123
0.19292860825543093
0.1956599472833268
0.19784236986276157
0.19727173443644552
0.1981658688396265
0.19743576518839365
0.19717450626724606
0.19618952500732081
0.196213578075124
0.19641289855126418
0.198586214022358
0.20014990256054033
0.2030599618440911
0.20534970591946333
0.2087111657778766
0.21240955040316686
0.21791493909088414
0.22209657055184737
0.21879813561922482
0.21613412707640842
0.22129637021062176
0.22979533446153613
0.23042115794792462
0.23221808516236017
0.234868145869247
0.23558566309281467
0.23573812032702043
0.23743867951720987
0.23967823017536774
0.2424685937529889
0.24576923934436454
0.24770980222000571
0.24759771367549707
0.246480847403349
0.24406307085504764
0.2407072695091423
0.2371922872712647
0.2335844537881926
0.23019786409519158
0.22708645353651305
0.2253231321476072
0.22316141003033377
0.22158208422869663
0.22115977547269475
0.20265620435459816
0.1973346287132253
0.20044416192925132
0.2049325329743241
0.20392212482749814
0.2058928484283927
0.21052631181230427
0.2115725876026062
0.2091633289810236
0.20909147884661702
0.2077670961595485
0.20701318388077772
0.20579885656198058
0.20542855969174034
0.2040202397237728
0.20333935277509807
0.20194201160136652
0.2018770290560085
0.20133991152302774
0.20021830962919185
0.19816816584744557
0.19581527561096035
0.1962192524941813
0.20150086328234784
0.2007294629099423
0.20084198979769494
0.206749529496423
0.21566413592741032
0.21593191674843173
0.21951157548316677
0.22368305077917838
0.22495478636214986
0.2232399636278057
0.22230470217501205
0.22159757547345635
0.2217179905974517
0.22327173504868258
0.22507078832259594
0.2274608442947861
0.23023810115319324
0.23307941315198877
0.2351485469726674
0.23584040366503548
0.23570218359610695
0.23520495604971592
0.23465062861978325
0.23434359424615994
0.23439012236731074
0.23654879746554744
0.2356792665301759
0.23553427298632093
0.23755629308451223
0.24233445020137798
0.24753273690510946
0.24934232309549875
0.25338909111819113
0.26888532351001354
0.2719421371199548
0.2771216520179688
0.2778926514620005
0.278377530406194
0.27844722613707634
0.27762086926130275
0.27730056311704926
0.27617887132097624
0.2748611468631364
0.2733173394733817
0.2724996640134065
0.27082248709674367
0.2714093882462469
0.273600646629059
0.2725511183488823
0.2744405369058601
0.2874503025218052
0.2861735533073974
0.27846228593831984
0.2788684770624466
0.27631596335160263
0.27300028322805453
0.2751312012444876
0.2783800963003307
0.2767717853617658
0.2754189525916718
0.27478903566628793
0.27403638415685033
0.2730557525084725
0.272375601448249
0.2716677635276655
0.27108386249012
0.2715355638785598
0.27262515637337825
0.27404807921470375
0.2761105232212351
0.27810892449065977
0.2782608616646134
0.2826324664461632
0.28299725046410124
0.27427596456756576
0.2666216920986157
0.2571185664136905
0.24951735017261456
0.23941399135604935
0.2316315983879754
0.22645121058174392
0.2156577495496724
0.2121301547930969
0.20789142909759237
0.207028465486503
0.20757486461957067
0.2073202722393801
0.21050184720425577
0.21271763227167437
0.2136356914864492
0.21548232294607292
0.21713417263241072
0.2203901930050043
0.22472601780517146
0.22328639668969896
0.21632136127372406
0.21091109162863894
0.20444752593067825
0.1837565202721506
0.1757365285302045
0.17125499974554895
0.1663969882178171
0.16368582161269843
0.1619900679237751
0.15664512040557577
0.15328505736256462
0.1541822373072532
0.15448880708402976
0.1541922225444128
0.15412669809666116
0.15489703043433997
0.15644488927876746
0.15812932230240453
0.15944436059815895
0.169569139845834
0.17458315964507806
0.1825254322512311
0.18488403147756496
0.19348463959099638
0.2011109957012245
0.20166216823541652
0.20176605717601923
0.20588712650599594
0.2044417588500873
0.2077075056699251
0.2063494421526139
0.2091263567227327
0.2096059889708225
0.21066043960579384
0.20784105754783574
0.20828746164789
0.20785413925852095
0.20880163056116863
0.20727515693084428
0.21071930118578164
0.21302100598588902
0.21463734792152125
0.22221066269686776
0.2222581506201123
0.22205757266225964
0.21952158290944399
0.21522854343165934
0.2123099675786647
0.21190612118639718
0.2105477512416212
0.2087701964233528
0.2059659494716426
0.20400636536058772
0.20284388283951307
0.2025537242809744
0.20279591314739964
0.20275162133245747
0.20164848605714847
0.20881095374069547
0.2178051040644935
0.22613255690754772
0.23332163890817473
0.23733115824700224
0.24313574302383908
0.24350187051034586
0.24123609027643786
0.23820899566912723
0.22671596897211943
0.22022104832745326
0.21087002609496874
0.20673869510569584
0.1961036203770161
0.1883152740051761
0.18410822087032694
0.1830720504835999
0.1805256043359117
0.1873083091416935
0.18514433633677296
0.20688439503140657
0.21395576719689413
0.21859102877002012
0.22539414872117458
0.22778836736423588
0.23192761003532222
0.23389835726878874
0.24016057964590684
0.24091478820964576
0.2382308378253066
0.23306270567055964
0.23142499086782198
0.22491858186667132
0.2249007856450389
0.2256635989599545
0.22620673077698264
0.22592895266595117
0.23015741845806914
0.23896940030519434
0.24118525631074025
0.24219457522668145
0.2447474435160268
0.24649476861775502
0.24841351458970118
0.2496305333736525
0.24982863932975166
0.2494708957575691
0.2496384120652754
0.24075977792843395
0.23071473920082042
0.2215544124107074
0.21345882378771108
0.20866172813629222
0.201342122015292
0.198017476440956
0.20217145144765755
0.2103047961196635
0.21456330295163925
0.22700735040210498
0.2312232638347439
0.23579798227585014
0.23755630646083473
0.24280710456460275
0.24098380369394176
0.24052651137382408
0.23501833126438956
0.22695604574338937
0.2244199784280639
0.19978851662093788
0.18953557102845667
0.18366848618272305
0.17514734504947627
0.17944166352298066
0.1855539704105341
0.19201632575945404
0.19158292257167722
0.19411464652769173
0.19925450173732126
0.20124784319534827
0.19919704095728638
0.1972748939260103
0.19521730028913153
0.19236608690137158
0.19017759665875653
0.18934558958699135
0.18634682476637687
0.17898491325125587
0.18020740615940076
0.18331090082420765
0.18547360997788123
0.19345927181853395
0.19625765163516026
0.197536668449768
0.20147239673099296
0.2040065571480242
0.20659066035778154
0.21242454703191815
0.21711319472426596
0.21833943660919863
0.2198211988816914
0.22059723764003222
0.22270969353232742
0.22528308849619602
0.2232320354823334
0.2177169661827072
0.2171175090092913
0.21692614397146168
0.21727234953234706
0.22447557004953525
0.22626116851490363
0.227853911356343
0.23533071717130394
0.23907430786440573
0.2411163886862188
0.24327250782734952
0.24715395432841517
0.24967408865106186
0.25073675429789855
0.25190903132602405
0.25286999366814183
0.24650715265825104
0.23781938882590822
0.2310546932921891
0.22681528843486332
0.2251746789546418
0.22048034635304936
0.2197625549783965
0.22125461793359905
0.22259215347769898
0.2229812332005482
0.223346892815843
0.22303345138153255
0.22219642651594493
0.22143501302364157
0.22079562867483485
0.21931694238941635
0.21585473356275695
0.22218740279607152
0.22544878420825123
0.23157831429215525
0.24254801036134957
0.25431901288307707
0.2671241769303222
0.27868644700413275
0.28196079108391514
0.28514424896563134
0.2881469770172
0.2939987642601833
0.29745049077687213
0.2985686199839923
0.29804672344758293
0.2984661158219601
0.30415272408501726
0.3300581327030877
0.32996751385552753
0.340538264595875
0.34189900016257696
0.3429477256098837
0.34065041583721833
0.3399754871248604
0.3348586714975881
0.33448953761892714
0.33306673275776383
0.3315337349779039
0.3298838731691968
0.3305041941712372
0.3303886325335149
0.3320705466487836
0.33298685271191436
0.3317660533237468
0.3295570897623468
0.3282589098788912
0.3284431969419012
0.3278288174530784
0.3270651406533572
0.32595327342240704
0.3252195735931777
0.32556585385811293
0.32656987979772834
0.3293920844744295
0.33502084196546256
0.3419118773700098
0.3453508114056793
0.3604019787808154
0.3721913276027093
0.37365014299345556
0.36829493621145826
0.36310042005943943
0.3583358296383324
0.3465718735710033
0.3362339812738453
0.32346333161369806
0.31825046634043924
0.31310733197732443
0.3116446695994181
0.3085706577963346
0.30676764797449413
0.30638170329795994
0.31303944150670754
0.3138717213805567
0.3118896506757227
0.28364726157512565
0.27698962153407763
0.26660947881731223
0.2561688871977893
0.25219348490582844
0.24770474836194514
0.24263056540386033
0.24394954237271785
0.24386907832964536
0.24308355189853034
0.24185695356046547
0.2461048331321176
0.2520562524570763
0.25358033694454535
0.2526669463224809
0.2514229207774032
0.2521524888603435
0.25316197456074013
0.25314097656598894
0.25254257568564864
0.2529055320005637
0.2536346696848884
0.2541009401544834
0.25421812608263555
0.25363577824115063
0.25496987823443484
0.2677610079263196
0.28434074421989125
0.2849011645363071
0.28768993915574137
0.28533376418463435
0.28495471160010327
0.28097400809433015
0.28116126449059126
0.2827153886514467
0.28166726396442765
0.28883911844178406
0.2923458039498216
0.30105115096674445
0.3051411559210105
0.3069776532708753
0.34060627474009525
0.35060661147184397
0.3565948115463371
0.3555386290720865
0.35592968276148285
0.3534356010933109
0.3527791859255552
0.3511580285474
0.348768116099301
0.34375053236201075
0.3427585356667496
0.34214092942223945
0.34154346597054186
0.34329899164632355
0.3548673868899372
0.3609218216763204
0.3776549884906988
0.3880783661855081
0.39219146244088887
0.3879968837070653
0.38609556223909264
0.38566384004835214
0.38461093368618204
0.38303079683977986
0.3824213129578904
0.38233246022455075
0.3824088432131494
0.3820498408815207
0.3813953991242553
0.3820559155052601
0.38334603878270657
0.383579393208963
0.3803299924047731
0.36465902498676855
0.3428808972128203
0.33540423980512873
0.32870000949289185
0.31514880678787777
0.3038359725972592
0.3043187318636888
0.29862709330234083
0.29419269412549615
0.28647223069340494
0.27376832624818087
0.2643318023387702
0.25468628236551394
0.24740770413775512
0.24309170345246578
0.20641494069323815
0.19191441042220614
0.18306083729295164
0.18106062479115673
0.1720359116788802
0.17016841914505101
0.1642095862482756
0.16385193262598016
0.16115451048212162
0.16185657985398844
0.15990420193987306
0.15926195364357704
0.15818537999187712
0.15371385393072431
0.13886797232262568
0.13083627925820424
0.11277224108163046
0.10094543450001993
0.09058773405282337
0.08617254734435557
0.08379367816362138
0.0812868981041572
0.08010837569434424
0.07884429965721339
0.07733094865206357
0.0753868151547371
0.07334646318151178
0.07147785502677237
0.06969194223192825
0.06669441556136016
0.06339129006301913
0.06149611507321106
0.060609474688744926
0.059294708798155876
0.057731345656096104
0.05628710348547678
0.05469424175081741
0.05313668184563413
0.05154807019343718
0.04236029503926772
0.03942609236651732
0.03536450761959995
0.03349486553000806
0.03272213631097036
0.03250536385460927
0.032140667044659794
0.03339043691569652
0.035366662846635845
0.03796357320255829
0.041290972614425235
0.044744057646589896
0.047374991987661715
0.04802842582534481
0.04858348634092772
0.049235870182538326
0.0492393969663358
0.04883372365610745
0.04858723700247163
0.04858991568086659
0.04873536728666173
0.04905475292692458
0.0496846376059239
0.05058928760041037
0.05155391923298391
0.05249083177876634
0.053400903124427405
0.05430240326762906
0.055194259005924284
0.05605124818223987
0.05685982013998192
0.05767354460350598
0.05853553895809386
0.05945448825499874
0.0604776254942532
0.0614741417953702
0.06240591444057808
0.06324574819644296
0.0639818581129604
0.06465124210248023
0.06538426725990983
0.06620983352256146
0.06710380636328943
0.06797283002401053
0.06887628314819239
0.06979022459175704
0.07071757163919806
0.07159880445303368
0.07226098739399724
0.07281670572754247
0.07434174022741032
0.07757998554431757
0.08232941391263351
0.08694512064833403
0.09092544300469109
0.0932631035455041
0.09391376649423934
0.0947004010496701
0.09577689630665692
0.09584809216571306
0.09714705566331387
0.10127135655297685
0.10539702453891032
0.10685528500282793
0.108591412919384
0.10932994791685702
0.11013850179973221
0.10940423587711713
0.10927609198533939
0.1091371648246397
0.10920572298016477
0.10935163842614486
0.10960815535031872
0.10998041821696967
0.11047473350456206
0.11109559256411672
0.1117699842615581
0.11239604402140164
0.1129914572436642
0.11356244464439015
0.11400783635752647
0.11425821986795742
0.11431580832112274
0.11427050239943999
0.11423066074584702
0.11424950862654876
0.11432813823820885
0.1144087746286964
0.11434767818797613
0.11412556213074947
0.11381122585133373
0.1135416776878842
0.11324936059540912
0.11293428609039242
0.11269768828509254
0.11294801035515815
0.11422961533745453
0.11648876153434595
0.11820394670483007
0.11828470649062395
0.11716754637492055
0.11593419433555108
0.11433603814164234
0.11289553841012594
0.11119900671231521
0.10789887793738284
0.10359987471054005
0.10013044683265977
0.09589573097459558
0.0906571601070071
0.08551761851756955
0.08291279401364234
0.08011253978699062
0.07829574404443755
0.07626518755542637
0.07572561790583257
0.07469665650837548
0.07388231754877685
0.07294349142328921
0.07191521159047769
0.07084590617626779
0.0697991472124753
0.06881619021113097
0.06792807139832976
0.0672449355565387
0.06690065771619234
0.06677703067929242
0.06692376234807808
0.06727933611600018
0.06776619681744524
0.06839010966435018
0.0690926521770316
0.06979331674319857
0.07049088577338043
0.07127286683516618
0.0720914596087853
0.07287009687355721
0.07380226010696346
0.07483748584601281
0.07583447943991707
0.07661280589440268
0.07693536883789236
0.07670611671140103
0.0766681725552541
0.07705368849633025
0.07750263176820944
0.07775228103578287
0.07791091387803874
0.07745802701521515
0.07681135628604639
0.0761008595364226
0.0759787320804384
0.07756017927432039
0.08016803086439395
0.0830897663313467
0.08587960444296573
0.08928313548483396
0.09130106648142228
0.09338081704619183
0.09520865427995656
0.09780486902406536
0.09918368604464851
0.10134022729879127
0.1023353212969229
0.10280574144993883
0.10306901119928118
0.1033647802050714
0.10381693915582195
0.10429256144103287
0.10494032323923365
0.10565963462976924
0.1062671817258326
0.10688539684125385
0.10751355408395896
0.10808047004477105
0.10831046126646199
0.10840829577333257
0.10852093509945333
0.10849297956596038
0.10828190056181641
0.10793418670715872
0.10746673921287087
0.10682048231548913
0.10605378955900324
0.1052482650772706
0.10422527996533298
0.1031159537206109
0.10210915891069865
0.10137956798170226
0.10113393118016717
0.10129928844612389
0.10072746006621158
0.0988505188028672
0.09623639043953237
0.093966629972714
0.09248080663870432
0.09186069767679987
0.09149523570686045
0.09165201447724568
0.09253358478583135
0.09264587642460366
0.09254038453793594
0.09129680656475098
0.08892404829069396
0.0865329305709176
0.08545633482804164
0.08407374512449169
0.08293020481513659
0.08077166653243367
0.07953766715451215
0.07795982430145858
0.07771274160092331
0.07825273074406432
0.07927681664190041
0.08050706850762887
0.08166720788700889
0.0827114018995193
0.08345255012135029
0.08424631934101529
0.08514101817890594
0.08574632393596138
0.08582554141336703
0.08555334408087871
0.08533506834406505
0.08516137258671024
0.08507264066181597
0.08514728630619768
0.08530520966744555
0.0854079745703683
0.08546599038767626
0.08540007003376698
0.08538689491940891
0.08562847348996405
0.08605337980100264
0.08640042243231479
0.08672768598030439
0.0870526779484096
0.08737751277896616
0.08772503617765055
0.0881132898066818
0.08846894966199324
0.08850912755120048
0.08798498748233863
0.08674615649407026
0.08487848686216654
0.08286049477022887
0.0806869248116416
0.07768230249215623
0.07514394180134987
0.07312229810813588
0.07204424981390041
0.07232564347014898
0.07227418671285864
0.07226483763404394
0.07243722989646018
0.07286708459175727
0.07405223698786177
0.07607229508295384
0.07820517573230744
0.0802673296630382
0.08165960600783483
0.0821260297315462
0.08200422575036313
0.08133574574887042
0.08019915960776987
0.0786502392581538
0.07691445856549572
0.07510165554620644
0.07350938703830484
0.07228325333185968
0.07128673237086877
0.07018443024549231
0.06888762082438744
0.06757598338225959
0.06629696617624456
0.06507478262822185
0.06392623403166027
0.06277764285680977
0.061972829327507854
0.06164138578861633
0.06162032739757725
0.061893741968948535
0.062442246357281045
0.06290448115993466
0.0631076215736054
0.06303794884095333
0.06286150276709758
0.06269798398440334
0.06259140940276436
0.06253357361168947
0.06256104677209379
0.06258395613279631
0.06257587172433103
0.06258020188592203
0.06278438251413372
0.06341456773388092
0.06404326114158929
0.06451427526417247
0.06484154141548594
0.06517340269188558
0.06564248457676246
0.06658539851211702
0.06821169827230726
0.07019521664374505
0.07186813278923944
0.07266643157396367
0.0731627923238636
0.07465788939251393
0.07594226204346481
0.07694924379117961
0.07869978141852747
0.0811693066928749
0.08493261354241827
0.08797979283244158
0.09081241178947745
0.09679760125972413
0.09974373178032792
0.10256355441000575
0.10530989258904726
0.10900117744529536
0.11285713297190031
0.11547254580513068
0.11694872641508923
0.11815696649899109
0.11934217975041705
0.12080633846857848
0.12245860307359295
0.12402002151597374
0.12536548859309485
0.12654845538584344
0.1276160195874544
0.1286412235732642
0.13016946389691655
0.13197954990876
0.1334547930528028
0.13438839323690469
0.13498674763073082
0.13515720659006367
0.13471345095087442
0.1337929730924273
0.13277823079632098
0.13178933560865952
0.13072127656728944
0.12937425489421425
0.12776275325213313
0.12598920968148192
0.12412987609380603
0.12220545733292658
0.12020687201293286
0.11802671536532505
0.1156635565177218
0.11335429048313468
0.11153046547114982
0.11043463938589783
0.10936962412181861
0.10741703233395629
0.10630224933586264
0.1061898479435086
0.10573208383940517
0.10490842649930472
0.1029615366886128
0.10207208280503043
0.10116155247889753
0.09668336745646477
0.09479092921349737
0.09268350008574944
0.09047357492570496
0.08725936400348017
0.0838443276682473
0.08140843486516881
0.07990583269805644
0.07868929875633976
0.07784248052052262
0.07707494903005106
0.0761540081681918
0.07501664694271563
0.07371415350027448
0.07221759666264717
0.0706065909155182
0.06901972967978472
0.06713936915216069
0.0653872755088491
0.06434370660847873
0.0641276718647303
0.06443477434107377
0.06522562027909169
0.06639804937661785
0.06798572076055874
0.06985956822435781
0.07212038260918516
0.07482671981870397
0.07779357720682391
0.08082666360389155
0.08366620584174544
0.08598694329052736
0.08725895316207549
0.08779998265778988
0.0876356875439464
0.08750943430163537
0.08726015897004537
0.08681223972848316
0.08589906265938442
0.08450505695321893
0.0827410309786291
0.08085289604460964
0.0787546069989349
0.0763076661333846
0.07355601720675874
0.07118706737258411
0.06940853571603149
0.06839100925299392
0.06802167479005018
0.06792808807262024
0.06787145926653605
0.06791230743315638
0.0678988179592437
0.06769256345131477
0.06744931434236533
0.0674330839456452
0.06769706917703028
0.06797109422947381
0.06820551135276985
0.06846497279251872
0.06884687909704316
0.06938986586474047
0.07014204210257326
0.07115278365969067
0.0724643409457923
0.07406543014395495
0.07581948936052403
0.0775629128925674
0.07918338045021521
0.08058669286923574
0.0816059491845528
0.08197082488864031
0.08261695703991194
0.08383973700385298
0.08409746138245801
0.08290380328633355
0.08183446870648776
0.08083105737075823
0.0801743535115824
0.08016745847486267
0.08072669950617668
0.08195194452576228
0.08317187193083754
0.08411477003378875
0.08612345967890539
0.08853812007007628
0.09126215639718106
0.09417604426230382
0.09766029621548
0.1164710527732148
0.127930736692884
0.13858207192476082
0.1481900651918963
0.15585995109797368
0.161138455826431
0.16462042251972767
0.16812909230093165
0.16900840564536332
0.17171222151787366
0.17701128912656552
0.181538716304504
0.18602838612418895
0.19277914337609428
0.19794371538822633
0.20515749754032886
0.21121548344681554
0.21871273385763268
0.22558394819612124
0.23248061053926453
0.23567076586293545
0.23821775126174086
0.24094219066803899
0.24259088029254391
0.24491436057696103
0.24679288130034527
0.2487312628836681
0.24982054400775688
0.2511672758863399
0.2516534805423222
0.2523250536251522
0.25227204692144695
0.25085721478612644
0.2505659848961913
0.25181753301001575
0.2530226435369742
0.2544618275781621
0.25612803126849165
0.25747192677698644
0.2587074832999116
0.25924274784866014
0.2591896157765377
0.2591417783207587
0.25990745019001354
0.2613867508061106
0.2622499073614836
0.2634413451076226
0.26312517547249575
0.24695935629517077
0.23706419858438685
0.2271862549350772
0.2188091947862986
0.21284591079899698
0.2089379094376647
0.20652099300456117
0.20429726135444326
0.20547523784641067
0.20568697916588152
0.20410705573449797
0.20367297327647246
0.2035652553404587
0.2055029305655545
0.20470766320252584
0.2115678054631661
0.21726872992214485
0.2193925438553986
0.21731334694627127
0.22144109872770665
0.22621667603717535
0.23216686677649387
0.2309633615811663
0.23193774622399552
0.23009162147458437
0.22813186278821196
0.22690752318655424
0.2267815444732425
0.2278177776197601
0.22888353542831344
0.2301551159706252
0.2309829472833009
0.23118225438032547
0.23012511253147128
0.22814288993940138
0.22571800300350295
0.22259625147502138
0.21894628573328323
0.21528272683170227
0.212066400719631
0.20958468445726944
0.20835806304927626
0.20726451600883752
0.20430132869774142
0.20054936779113233
0.19807817393974317
0.19619094379994992
0.19611550453516957
0.19729369353142268
0.20005697641018716
0.20315477385077554
0.20637851957405529
0.20836712058572796
0.20878037758077017
0.20869266844161738
0.2078782121512546
0.20663305943826746
0.20479294158410813
0.20186923509028354
0.19838603979312172
0.19610570510124256
0.19065524179925153
0.18920220933964335
0.1772050575391317
0.16655418990241225
0.15916454469145064
0.15832170420693892
0.15008290054802215
0.1440468590498485
0.13725079029828158
0.13674810179594646
0.13543650891345618
0.13700463956491946
0.13997702761960532
0.14130812673842671
0.14223140247562346
0.1410852283719198
0.13936845000439635
0.1370975201821852
0.1346949307402198
0.13472400524580813
0.1352584038328129
0.13643820346149485
0.13755447801211249
0.14026748445689144
0.14271769663148376
0.14453123797530298
0.14597194890244472
0.14700025353688248
0.14735073224677184
0.14918354450216703
0.15150132130501562
0.15337004421226882
0.15496307406480284
0.15580477205587165
0.15529892812481713
0.15285956309937845
0.14899558709932673
0.14524330775325767
0.1419070888035765
0.13959444217882885
0.13889170338934634
0.13860665606277137
0.1389180147378383
0.13951117941069505
0.14070393268130593
0.1430986764998478
0.14667670191081808
0.148575676477835
0.14969863157392227
0.155052607453113
0.16366223114189948
0.17041465982241877
0.17972186821040914
0.1778156495116726
0.18192195284733506
0.18648881671041906
0.18853586336180914
0.1900108915220173
0.19265515143442014
0.19019499657643954
0.18638215005323241
0.18404117817023125
0.18188683518603177
0.1810344145900424
0.18188993073972418
0.18358900761214916
0.1865428257794239
0.1874944014969799
0.18880995300046902
0.18931331107825264
0.18901713340856408
0.18675991929887023
0.1845024122713401
0.18278519498347198
0.18138204613216183
0.18024444300567474
0.17958532726138465
0.17721689944309238
0.17406810942610687
0.17082460046175285
0.1670277644136292
0.16318761320198713
0.1602608466347534
0.1588368328462593
0.15889430557156387
0.15999877301870188
0.16083329726650855
0.1617680876260522
0.16330889027247358
0.16634097481157212
0.1693419279342059
0.1703837369602511
0.16892918363367768
0.16725316828838957
0.1649902903334718
0.16377550177672257
0.1622913498542069
0.1568466136353595
0.14903675042978223
0.1430741691669233
0.13280236534611223
0.1315250044505374
0.12473447185553937
0.11784622142774341
0.11399270181444725
0.11086227677060297
0.10582718783328172
0.1040918956175295
0.10307403780031964
0.10156934575885529
0.10018450003408853
0.09827030159861912
0.0965970329178981
0.09542367165273218
0.09428485362279776
0.09399106351705745
0.09392652522532609
0.09468717141143995
0.09650321308883608
0.09865927035458638
0.10066515873922251
0.10273680299023796
0.10473833108937415
0.10625299273005538
0.10701623289533542
0.10842638852438415
0.11305564746045409
0.11844385476030404
0.12371635411876124
0.1311093840068743
0.13574623164647578
0.13868691953284232
0.1392918380595716
0.14271726836313728
0.1435433578202861
0.14312673174770948
0.1411271172427634
0.13823455297184656
0.13359557570824157
0.13020014461457713
0.12852368488704521
0.12629097822060392
0.12415359370395697
0.12191427938106482
0.12022572470388239
0.11900797048730481
0.1178929155010406
0.11777349003100158
0.11861672253620477
0.12000060069558129
0.12200618076089241
0.12401627119980856
0.12532618166300943
0.1268698935267368
0.12883768691147796
0.13191778346628116
0.13447450535197797
0.13604175196587737
0.13622601558348316
0.1427509338436295
0.14883040094188557
0.1536652599680055
0.15575099480093124
0.1609974083305742
0.1623566672669681
0.16933785299136672
0.17398479941006892
0.17987055871588434
0.18337354351445742
0.18615507920180566
0.1892254637817781
0.19046108000150033
0.19396110795788893
0.19482056293538993
0.19165062073425534
0.1880632634233308
0.1847617811826372
0.17952773473301764
0.17695918075635506
0.1758073414562441
0.17640321871229733
0.17369798667364555
0.17294684014113282
0.17269306138929955
0.17291860081241503
0.1721142689665813
0.1726829510130705
0.1732486006918199
0.17337680389801005
0.1745787436661587
0.17893217841597386
0.182552930915145
0.1863631430412164
0.18976105486452144
0.1913286947259948
0.1913069528124236
0.1897749349005959
0.18921627989166437
0.18663999916798588
0.18464552769723122
0.18287523437894881
0.18136258155409601
0.17877291245636084
0.17580650207780846
0.1726747236577262
0.17016767979924893
0.16881259556605588
0.16117593669645874
0.15394215532464697
0.1477161985478374
0.14415138577716985
0.137643192316423
0.13495967856297766
0.12673806701380533
0.12120153612152958
0.11525177443394886
0.11243826705591847
0.11089274348724103
0.11042581765148331
0.1107870929403867
0.10811225899857964
0.10766239295676062
0.10815069161692753
0.10851420823163872
0.10854787499311058
0.10827544740629574
0.10789885635801734
0.10725344673879361
0.10661610479655281
0.10567816323675365
0.10485165325097767
0.10425946098841156
0.10391596468390464
0.10366794582629747
0.10308792000313764
0.10245161826497233
0.10277507238662244
0.10237533715169755
0.09870998119466202
0.09517866998723502
0.09111194984943029
0.08760278431567482
0.086075899108099
0.0859845315899207
0.08591172143701542
0.09118707126336807
0.100647469811757
0.10740167334468133
0.11068925324504414
0.11703886000985501
0.12122156404925967
0.12442843973564101
0.12660990081756693
0.1282722592528126
0.12932681963760906
0.13057853848570103
0.13191599255655156
0.13311209826579876
0.134197586283156
0.13504592694357168
0.13554080410143374
0.1358749057220629
0.13573427452246742
0.13482795869224343
0.1335328201398724
0.1318514013004997
0.1288508113688854
0.12732424008070178
0.12739271340842467
0.12664608645750414
0.12716279505982447
0.13632700797535785
0.14522841443256224
0.15449370804229703
0.17036137397790943
0.1836551291128015
0.20330114350915537
0.21337238606103204
0.2278286558321169
0.23793737634459103
0.24632864890694248
0.2533334577539017
0.2617659439439488
0.2669332513499893
0.2708788344855402
0.27357649378156995
0.2824131668513291
0.2849236537369071
0.2885804778222381
0.2904109885423261
0.2942561176523699
0.29433640424339197
0.2986684461529718
0.29372806926658773
0.288001991749997
0.28241057721084195
0.278868876683796
0.27617534635355356
0.27422450767559753
0.2728609804264568
0.2719388829580221
0.2720112400195797
0.27235210683944566
0.2724120136363664
0.2721299273687163
0.2716975136434509
0.2711828803942617
0.27073135593691106
0.27042831415311686
0.26992880230382815
0.26930008819513557
0.26880096901621603
0.26831290539573427
0.2676839863779997
0.2670814965598766
0.2669915226262533
0.2675930859309373
0.26971322021341443
0.2710140341399792
0.26255823963367
0.25465490295760457
0.2511861742911426
0.2390624482287027
0.23220304116014642
0.2149055052936442
0.21276109049762085
0.2009028068781944
0.19710752629126618
0.19258588109289257
0.19316361119945083
0.18830338781805778
0.18653974137232499
0.1846112494030893
0.18247414158732408
0.17345164913555636
0.17163610676736993
0.16778693555234217
0.16551688606545858
0.16087375307341834
0.16022375055905255
0.15636421042655135
0.15530713884497047
0.15252607742583926
0.15227782317539956
0.1557564361155794
0.15659232863676237
0.15784000660898526
0.15761353718127186
0.1582045033745613
0.15832077726213453
0.15882738143978378
0.15951556220334748
0.16018515919690243
0.1607997006387479
0.16139314999875506
0.1617581782600596
0.1616774906095705
0.16123679372045593
0.16072163100024298
0.16028788970390132
0.1599151854469544
0.15953201805154302
0.15935040009429297
0.15898339058966732
0.15820257826633177
0.15665379856876252
0.15416599019632019
0.15363266704009323
0.15898391452822688
0.16180443896938781
0.17023402231163384
0.1746001027527049
0.18001147184151103
0.19417970481475252
0.1940241754968095
0.19806139776539644
0.19553748745280444
0.19583569113865137
0.1943558250044355
0.2003870717898714
0.1992518599834666
0.20409202941303337
0.2056549865600833
0.20983663672436603
0.2122493219910805
0.21617218010159253
0.21764667902615872
0.21700821357810127
0.21742818510778628
0.21681231368002704
0.21588481874722598
0.21971688985606427
0.2170702054427612
0.21475036604683603
0.2125714690024584
0.21535579723422896
0.21847768876839427
0.22128131110813576
0.22369244826487514
0.22470838222074183
0.22440174502253937
0.22372176769160915
0.2227646650482957
0.22165463535285082
0.22186981276207263
0.2232456257111202
0.2525536063774993
0.25746506258750623
0.2646768106006568
0.26537534324377354
0.26880844366566425
0.26845920793630246
0.2690394876664985
0.26952334537688966
0.270290609144533
0.27098284162717445
0.26753117946262644
0.2596088321749105
0.2475628355285839
0.23689436995299196
0.22895336046768924
0.20675010770376165
0.2048333849391981
0.1958388999939541
0.19752188549844732
0.19019611949438806
0.18970439477262868
0.18557684534465643
0.18815354517005214
0.18312912892534328
0.18122518908382332
0.17561329822665492
0.17344071608007985
0.1706462623229216
0.17133102006085985
0.176199611069657
0.17852884066707075
0.18268766788915744
0.18520608240228298
0.1821230282367902
0.18165852112931288
0.17932252622896325
0.17984264513081505
0.1797954316177912
0.18263907811905353
0.1956584696796455
0.19870632788284526
0.20078011963415088
0.20329127255236376
0.204234946386032
0.20477508790470603
0.2045429083305955
0.20362214408605941
0.20282348039374407
0.17499593894759058
0.17185531363277531
0.16726139398669784
0.16848732072010755
0.16641881053934884
0.16752417539302053
0.16695649403039617
0.16612054291780576
0.16545863035734462
0.1654286669294089
0.16634118616469523
0.18005861974710466
0.1846707688446659
0.18865617608055393
0.19020340991638432
0.19173217951443589
0.1917093291713038
0.19010142971681723
0.18733638830707577
0.18679620110132725
0.18631129343237363
0.18576900540422994
0.18657620849580425
0.18881980626837716
0.19158864756127392
0.19265859584915754
0.19181106637875675
0.18973810020265605
0.1869713972790151
0.18310928150600625
0.1821713395287136
0.18068113600607796
0.18851934479716234
0.18740864085622896
0.18768849084633157
0.1873106172654941
0.18566701333513747
0.18135539779559873
0.17442576409334057
0.1581770609028641
0.15287693178729755
0.15053678501887843
0.15027425969525185
0.15202666753752217
0.15420332375800924
0.15594421282590978
0.15747437397029582
0.156953326288386
0.15564010247900692
0.15505310571742867
0.15448072976937932
0.15755278844639167
0.15774574844650283
0.17227999883823428
0.17676004024971823
0.18372141660368724
0.18793428634925682
0.18915242217666095
0.1856222278078151
0.17004250185163902
0.1647557516907758
0.16123204301540217
0.16057342819121623
0.15924113329423903
0.15886712892708696
0.160688156935235
0.1614309766612167
0.1621187564654981
0.1617858857492631
0.15772378051980915
0.1537660715522892
0.1509315857096213
0.14882296650527652
0.15061100175353873
0.16475450621506466
0.17288373534396703
0.17689579309938572
0.1783803206683999
0.1773170821191614
0.17524633952473256
0.16492438355420552
0.164529258106688
0.16371375929057866
0.16408637570499815
0.16587710144260318
0.17011201931341702
0.17410478892901404
0.175972697461245
0.17641886092163994
0.17494604424054447
0.17173271665949885
0.16883224989924325
0.16648739861423417
0.16596316634265681
0.16606360899391223
0.16781588270489026
0.169782741942075
0.16964418834864223
0.16894215334751458
0.165683484273256
0.16498407879627452
0.1493656952545255
0.1438419574858628
0.13575391309033386
0.131060499892772
0.12882746755330862
0.12938722415899961
0.13389297123391355
0.1372826996253673
0.14205731285203424
0.14864948852739707
0.15069574306620845
0.15161221911076708
0.1506003941175002
0.14851372425380935
0.14733354264006907
0.14729823352179539
0.148133758455425
0.1501036900648045
0.153456856484185
0.15583352556349572
0.15431153760995092
0.14409564669339534
0.13780384265670156
0.13491297889349438
0.13254677483784175
0.13021343307559635
0.12838301197600566
0.1282827580748465
0.12825082907073965
0.12881240980374983
0.12952490945778655
0.1296418721117326
0.13317314523790377
0.13300480001705808
0.13476775368747354
0.13438763575402154
0.13415623270227647
0.1337188108097649
0.1331870187885451
0.13281180317657618
0.13283478010337274
0.13234646209799486
0.13215377908604034
0.13272575246143303
0.14048956632177148
0.14220579986393891
0.14094502160283412
0.14002982641042958
0.14059671296914017
0.14131202128556783
0.14157481198016555
0.14131390915437667
0.14030820713393935
0.13880829459197483
0.13546558446546966
0.13337772269439066
0.13107341667552566
0.1249598967696288
0.1288353513930591
0.1317240090638235
0.13474957262535417
0.1372733341024092
0.13887062460459734
0.13804628513879866
0.13637908688299324
0.13438430479629987
0.13162123167582881
0.1298399638921619
0.13023774906349933
0.1278524599027026
0.12703087531853555
0.12671568249288226
0.1293243812400206
0.13184152430011167
0.133650893864505
0.13413428754117607
0.13344248535373096
0.13249153266773703
0.13092069160344766
0.1287832064666288
0.12101980107804593
0.1167803563345338
0.11222571287026312
0.11076651845049153
0.11097213149618246
0.1160915435229601
0.11974077051111837
0.12074003545580546
0.11980114845524593
0.11964621963704315
0.11855951575880808
0.11670968943589126
0.10896394946870236
0.10721105253402317
0.10840867388150753
0.11000718868866272
0.11077976641851327
0.11265451878191328
0.11743095378499135
0.11960433547451359
0.13331837127018684
0.13851320709395687
0.14593831724373835
0.14640116566556624
0.14520412723033516
0.14741456995187152
0.1430214366423674
0.14029207932654472
0.13771872065511018
0.13694370020592336
0.13616903693646
0.13678388341448416
0.13764069198198467
0.1375692149308716
0.13752153277163973
0.13709675253842338
0.13903009042680525
0.1394149791465635
0.14092633177502323
0.1414052034935059
0.1393569602394576
0.13776037567356997
0.13676953556562263
0.13591629084183818
0.1355172402287739
0.13571452994575148
0.13649963269144302
0.13752291154491256
0.13867095702339893
0.1401325964121878
0.14250197198124445
0.1456284056153279
0.15319975608039527
0.1513500563126626
0.14937103452102388
0.14885296872018702
0.14978028585914072
0.1494563577171437
0.1484521301717486
0.14736998162082426
0.14617898596297582
0.14488979221482487
0.14367465899185652
0.14273651246122673
0.14186171509038223
0.1407576003784411
0.1391470692224544
0.14125710503017305
0.12838374359385998
0.1317515291245476
0.12854811301498317
0.12959404079790796
0.12949802440632305
0.12898620161052274
0.12859139370482828
0.12852448095938737
0.1287784986866932
0.12916832027801345
0.12936421850446933
0.12922661571486999
0.12872213582529402
0.12785696810246086
0.1262597574098803
0.1250537673976707
0.12187674898264839
0.12068493937968473
0.11930182619962314
0.12442995781464644
0.13075396956148908
0.13570220934514257
0.1388372246714361
0.14261326156624263
0.14493803340238048
0.14589503238295265
0.14663488680768813
0.14644756202286277
0.14614044767362963
0.14516939718653246
0.14332594383953362
0.14058017784081175
0.1328720900369276
0.13045569727250503
0.1295820577839911
0.1301524111745093
0.1317256143946401
0.13376005282362044
0.13454057843271341
0.1395555481837227
0.14476945421350992
0.14713868284411166
0.14911294695762206
0.1503841598970377
0.15169287414622334
0.15251722144713248
0.15124589269939762
0.1483256984004731
0.14794133190990574
0.1387778805006862
0.1327258732376127
0.12844646123371395
0.1253026185999828
0.12167596244253343
0.1205755135300028
0.12028476861779679
0.12031861247342072
0.1218944718662932
0.12465084172670417
0.1272160230710303
0.1300298840216211
0.13177710810015716
0.1345983064814663
0.13671751283098688
0.13909209466929853
0.13967006031272938
0.13938677050665202
0.13253990245013436
0.1251881928503443
0.1198997001165174
0.11787369747333831
0.11646541380278434
0.11644664285436902
0.11776866281968906
0.11918943890711858
0.12084149243980291
0.12215680651421207
0.12311177488529086
0.12362765067288967
0.12426815852733829
0.12463675178738186
0.1246657499821419
0.12416179120760651
0.12520007650498896
0.12791720115767566
0.12783713310649267
0.1297377674846183
0.12593307097634088
0.1217673541456984
0.12109526555407561
0.12003458658663996
0.12024586372901809
0.12087675846689476
0.1212900487521259
0.12209115392468124
0.12313303050446733
0.12453149838334261
0.1262557227876596
0.1276902960785238
0.12863645547955319
0.1291168174567344
0.12925129909513158
0.12925810040810226
0.12999088179420148
0.13147392769745284
0.1313005667859861
0.12928370823321322
0.12805180477341585
0.12847252906960646
0.12892658570825613
0.129004286186176
0.1294861345264029
0.1293544759022092
0.13013841131944645
0.13106330855695902
0.13245988756003937
0.13253611832438633
0.13223168066760724
0.13026584284913995
0.12750507345469317
0.12557815469451647
0.12371485180826243
0.12163808352650529
0.1200661409462005
0.11880394904355984
0.11797742698444187
0.11756075848131524
0.11725463408418961
0.11752718161743951
0.11886814471104855
0.12126243125079478
0.12185008791848782
0.11955872633078289
0.11859939271273578
0.11915609855681954
0.1259120509045683
0.12894155416937367
0.13103303436811983
0.13329823240572078
0.13553234553576
0.13638867027896656
0.1353368138070266
0.13509710330889765
0.13492888601757894
0.13507049307253918
0.13530566773127237
0.13612616604499986
0.13697977899043146
0.13731148741567717
0.1367625892094782
0.13520610448791312
0.13284191372469925
0.12999961647060765
0.12802116035928676
0.12770517005926663
0.1279824934796824
0.12724272471325523
0.12839762357348397
0.12905576480319964
0.12956586808898865
0.12986306425245767
0.12859427462349815
0.12986233173127412
0.13247649253647445
0.13479031770446226
0.13887488746412882
0.1437511904492533
0.14617127825144452
0.14713331669313914
0.14882065177498632
0.15082635262002755
0.15396763816477696
0.1573040546779627
0.16031660626103642
0.16327966981319855
0.16521868140552795
0.1654352363067544
0.1642464855438596
0.16153576531390676
0.15786537599086695
0.15441162298081965
0.15223512923915447
0.1484254654049383
0.14003162362322485
0.13589780525574824
0.1321523980143427
0.12895955470822018
