-0.2478671612600245
-0.7031723077864346
-0.7474818383771249
-0.8267501840098249
-0.9283438387031209
-0.6509585578804078
-0.4153071850857897
0.406913131469433
-0.31807788227282785
-0.7920703613426314
-0.5641549849017725
0.4535099124535873
0.8337879996856574
0.8539459363931687
0.8587672163319469
-0.03420026584012814
0.7347024181879522
-0.5887510997987778
-0.6919637552990213
-0.7651354846733638
0.2782233306259463
-0.7850482709282288
0.6069471918870617
0.8675614310346793
0.9262880339872792
0.16147457091862716
-0.7928610714035385
0.6139551973753661
0.7643923758506128
0.9070838468719873
0.03824663135586026
-0.37837106549624333
-0.6228328609470585
-0.7167019930571398
0.20077596903567252
0.53410971414137
-0.2538485279391969
0.7350683624232848
0.8156337128543187
0.9059440385253397
-0.28260859952669737
0.7364682649520087
0.7751205897814915
-0.11482971053732616
-0.6444939618280379
0.026663854071235615
-0.7166773991536483
-0.5173729314995001
0.7962714716965866
0.7305796687855626
0.889358227207218
0.9081965757170436
0.02008125929993554
0.0832137581300596
0.6363889510133811
0.7691040900623087
0.9121677222065054
0.8572588232564486
0.9141771380687742
0.9214035910446281
0.8886730400026259
0.22136384198556103
0.7695289234612273
0.8607183077409055
-0.5647863909823144
-0.7899935011538165
0.6260652365431847
0.29580262362115106
-0.8314349930713807
-0.6633183592232378
-0.886596204677987
-0.8832081509058016
-0.8857582610704656
-0.882332509515388
-0.8686421776955677
-0.35876951081844055
-0.7491596035504707
-0.45478132196780474
0.29934210131077177
0.6245424298275823
0.37932580596580756
0.6366409288708801
0.8793355791525976
0.9261554051201242
-0.06457935156553951
0.12998992636530637
-0.8040270543102238
0.5318538890116571
0.8562325663441759
-0.10784913323300871
-0.6824153590455178
-0.6990935698259165
-0.852226701665504
-0.7466648802082614
0.43030701166704866
0.612235854936074
-0.5992981333593445
-0.7046642333022525
0.07887436173374773
-0.785974696982577
-0.765788697220439
0.5529127391827293
0.6810394771018076
0.7646449676273632
0.8180733529363686
0.8335853375506814
0.6738398197819486
0.7351143289593041
0.8007143243727155
0.10271100948866918
-0.7553035378507141
-0.8928693916379824
0.20370599570148618
0.5941111854521428
-0.19114263531259845
0.7371761629472746
0.826838154838041
0.06288116135291677
-0.025148429256153904
0.6518952249640222
0.7441973099042682
0.8042715840857162
0.8318107418536744
0.22858382458616533
0.5848619086961424
-0.7224826193752057
-0.7841237597318913
-0.9150278084659441
-0.910513677930629
-0.9210156330767358
0.30592343375795483
0.5957650312327583
0.20567684641131811
-0.8021054264994721
-0.8922558595410841
-0.40716124616879523
-0.7229369031191452
0.5608182710115122
0.6998405521660245
0.8744951253773721
0.06327836250253949
0.7942290208390044
-0.5622116443673997
-0.6885845548726037
0.3376943215967174
0.8146406974609759
0.9263760050583532
0.9081290291739839
0.3734961519633333
0.27202009410134353
-0.6838426711358818
-0.8591415331376013
-0.909667924730922
-0.909755902674803
0.05641535513884954
-0.18651252142660302
-0.18105608136603735
0.7148464352160637
0.8060520075010045
0.8761224686105953
0.2947404531718283
-0.2951582278244378
-0.6141560524797577
0.44016531335131437
0.6158141865442093
-0.7632416760828347
0.6340537806124495
0.09321800762635668
-0.7072920389791064
-0.6554510789021027
-0.8715992548295006
-0.8574269365150227
-0.73009374413188
0.442763494267576
-0.7863650810886318
0.46459993405237965
0.652041022400597
0.7480123818367606
0.8573925939874854
0.9251425103533992
0.025828291304758944
-0.13466071601164353
-0.6700760950251674
-0.7526650281416075
-0.7834598733280681
0.5717122618710198
-0.25485537942127445
-0.6552063439465569
-0.8497990350540408
-0.9091768697193789
-0.0671893378752546
-0.6715473670603124
-0.8275466741797081
-0.8519004042927437
-0.5528914883564298
0.6136310789097288
0.8723422780324448
-0.4846888813702379
-0.842893562240489
-0.8697608555780522
0.012014830489333495
-0.7137321534851444
-0.7797882673443582
-0.756455866373574
-0.9109919200846769
-0.896504451051493
-0.9413305955274693
-0.5300189613346686
-0.7733033442097205
0.48411509620010085
-0.4669813320789107
0.7777639514135166
0.815949819413718
0.8716472670358613
0.9168546422732358
0.9194941733855524
0.13232115868045935
0.7549581341942564
-0.6300141379667786
-0.09833594116089306
-0.7589045325168006
-0.6196621519560006
-0.7565281339523491
0.5061456239812951
0.44080391906849425
-0.543400754832899
-0.7646417654024599
-0.8976184951902026
0.060648136245075035
-0.7492165392616476
-0.8201173686616146
-0.927935401812846
-0.5985880986843606
0.702308665762525
0.7685304382076459
0.9053142955333668
-0.17827347211259892
0.7419097521827491
0.8568704737917963
-0.4744491182300965
0.15395108538266578
0.6478895784897718
-0.7292308871400502
-0.7699743127886398
0.05253110217709267
-0.7374678804087059
0.28112443433413836
0.7675322512571516
-0.2646811276087173
-0.6840849695453458
0.6696651905881201
0.7664553947473762
0.8297975281323748
0.841687597459079
-0.39017120105993675
-0.7142734512389962
0.05110480351330238
0.6444311795311637
-0.7244092854238274
-0.6939388758432793
-0.7831944738264808
0.38931851352338454
0.6159044657386241
0.7176950728999927
0.8501839757007841
0.8697380646828652
0.8692188083602761
0.45301096839885835
0.8037331823700566
-0.557673489018175
-0.41804034507742927
0.5932601684586238
0.7177951985806135
-0.648995695986003
0.4081507776686948
-0.2737870762095165
0.7586472900927386
0.8347953065790565
0.8647690159013379
0.869037361613858
0.49159832639286316
0.24233449120739992
-0.7919336013877547
-0.8169393736518785
-0.8852271974232455
-0.5881432989015378
-0.004353213538327072
0.7573865049863349
-0.6558179288336855
0.5701127900784102
0.8369326452116566
0.8868201024640041
0.8901508605392019
0.928528564636955
0.9202748670980068
0.891737327628058
0.8989995131291
0.6398663863379097
-0.48396687404400995
0.5335309368636936
0.6910825309260513
-0.066698047335916
-0.7926165914776493
-0.8334675329217268
-0.6349915951772105
-0.8269833598593535
0.5750025721445167
0.693280087301654
-0.22202415841890888
-0.6043867836728969
-0.8740626928438019
0.4911559106604142
-0.5133225893201547
-0.6035846216858094
-0.6966153578839842
-0.19804584792065816
-0.7906886247489227
-0.8124415787471568
-0.853941566904702
-0.8818163705524643
-0.9156798301939211
0.5239519908369443
-0.09860264720077594
-0.7840852329202835
-0.8908903106979493
-0.9135897249945562
-0.9312278928443238
0.3258964997167344
0.621610228631257
0.721141762008517
0.40476401826905817
0.8030401911771139
0.8371242380052615
0.9273127490068438
-0.4008523090492593
-0.6085794703673812
-0.7955248160751451
-0.5941053265271604
-0.7753955653698462
0.6393027477856963
0.33201616971503123
0.5837713561650069
0.5199952282023323
-0.7871241553106376
0.6272430136313183
0.7693401318754618
0.8094145045085783
0.9087524966447647
-0.1721612794237275
0.7556088575552731
0.8122246878816677
0.8547476933528069
0.8824771357555465
-0.5740723819289617
-0.6859111070239754
0.08963966256732236
-0.7787916875684157
0.46185280245901117
0.8094487437099125
0.8974282782850871
0.9081892497565849
-0.38122685135478673
-0.7825746178392564
0.37415218247994475
-0.7728122531573907
-0.5293708172842124
-0.6694554491856561
-0.8792705073152507
-0.5812195902768531
-0.6907979408237587
-0.528148442890239
-0.7419791067487642
-0.778686067429656
-0.8547450673145324
0.29639071258853966
-0.8112985063852259
0.5340211595541153
0.8160673397456639
0.3323102391419692
-0.6411898200675313
-0.8489745601381143
0.17917886411110007
0.2414754777803192
0.6209641515121125
-0.6407917445679782
-0.5193279507119595
-0.7474203950482907
-0.8885489799363148
0.5327916022234258
0.15800100837944897
0.7509864481401443
0.8252249187398766
-0.44732299248880625
-0.6462682307342393
-0.7315072407501282
-0.8301913918107746
-0.8326309970040409
0.36880439845914825
-0.2586719500735919
-0.6142515787066459
-0.8615108099692774
-0.9291906038147744
-0.9211562527499499
-0.8984747898879931
-0.1684191145101912
-0.5619388853966436
-0.15132656611879658
-0.4615953611411221
-0.6482492948863261
0.4947053207631429
0.6483183752413186
0.7378628845666158
-0.0133490778062606
0.37271970026752643
-0.45607054536836444
0.7539422533023719
-0.09561502846063719
0.7883461614389358
0.9108147894367384
0.9307705289630825
-0.5119824182275177
-0.7459621092924603
-0.8143576386062868
-0.05909707837322098
0.8096379446709072
0.8162404634553231
0.7156443139049218
0.7667425095749607
0.817853625117372
0.8570971324129313
-0.008053555102364385
0.8118698431557854
-0.40483658721601734
0.5976804480173206
0.13185579888012322
-0.7765547483605756
-0.8346910889672466
-0.5124155269056538
-0.7564975662805787
-0.7744625549785278
-0.04301095864361981
0.689822760353239
-0.6670016916779831
-0.6502494716280459
-0.7261375680068372
0.4137873828329828
-0.01965910278697458
0.8169827328443584
0.567185886673764
0.8248063615425569
0.1735641612548764
0.6721910874615733
0.7148443122720369
0.7799924189398606
-0.5207529118064622
-0.8553810863062461
0.1481664290351803
-0.7867733059629575
-0.8307415727793166
-0.7128450227185845
-0.8618863273500308
-0.7863929011233656
-0.9119416043317664
-0.6541565768787064
-0.8051078552325447
0.04182745452076286
-0.7370654149931064
0.15819486791030646
-0.5942216630246079
-0.7846471507433653
-0.7941231829618621
-0.8462732283202368
-0.8912709672794155
-0.7136597938230663
-0.831819944552642
0.44949375284179816
0.05574276886852125
-0.7602471832681574
-0.7989203554754225
0.3196302493285923
-0.8355676835733827
-0.904048098541821
-0.9403301460965747
-0.9617740785175534
-0.6328779178554065
0.6211243287554304
0.7176667116816651
-0.30085972910457004
-0.6433006170320834
-0.7400145266382525
-0.3925871464428867
0.791625541409835
0.8823435261295969
0.8611431842172697
-0.006421453934673638
0.8117760640732268
0.8918714356102964
0.546506492346361
0.020565434196531562
-0.716829012763735
0.3083852711261865
0.6076472444415137
-0.31936266635607313
0.8265469735594544
0.2596837829880363
0.5904796104073773
0.7145179218907871
-0.6399943899990463
-0.6178009973589134
-0.7086794674400203
-0.7584698006896152
0.33937525788168044
-0.8133352112225039
-0.8884488717040198
-0.942842460938262
-0.9257773435500624
-0.8946747785520147
-0.5562488867118306
0.49612397435125954
0.6701752333111801
-0.5284457909380413
-0.7882145076298869
0.4660644509586014
-0.650244100437549
0.3623310633715906
0.7318630638983121
-0.3787068289733406
0.5053998744101178
0.8302493593214142
0.1453975900691462
0.7695378318352004
-0.20168340955037412
-0.6663430180684407
-0.19891569839389378
-0.7293302986618416
0.04406620154290297
0.7031670891126947
-0.6989977641535939
0.6578026357721378
0.30485646899841545
-0.29199608684850387
-0.6063135229971717
-0.70589826209075
-0.8199361295159151
-0.7131039972628137
0.381364018539772
-0.7598080199376015
-0.7948679764154226
-0.9153615928372036
-0.7866238202790818
-0.30954944016909813
-0.7715533730727122
-0.811935819142223
-0.9136200074099353
-0.5378356855947128
-0.8367029950257303
-0.14855560872968732
0.7639977853406061
0.829702668853161
0.8696411215379327
0.8625565325803604
0.8804086468798751
0.921734874146356
0.8806087170749723
0.9323217224528819
-0.27409668465722214
-0.7767147542027764
-0.09308479664997682
-0.7047492246907845
-0.5995925564777456
0.7472275265056965
0.8185150314590284
0.8796455131538878
0.9090399269649483
-0.5035192120878107
-0.7788193477561897
-0.9118103483861982
-0.8856581336329314
-0.8805271847544824
-0.835733562261144
-0.882371257887148
-0.032028277412657236
-0.7110276010420332
0.6328617823135163
0.7403892640214078
0.7916059276481846
0.9130411312815738
0.9074297504503352
0.2562001419047777
0.6020930107965108
0.42223489958138516
-0.8396334678643272
-0.913610378473836
-0.9490105416360324
0.4325653817071933
0.8357557191798888
0.8640699530811999
0.18629171547428647
0.7693098257062445
-0.6007535771588887
0.6710940291765737
0.6901541090392906
0.7726894550645187
0.7602507235405955
0.012684590436212284
-0.48199734461724675
-0.7461272957310899
-0.7818733813221425
-0.8678600781393923
-0.10567734198103484
-0.7933493440006099
-0.8134791190489516
0.13335423798041623
-0.5895869755949713
-0.7360063626851181
-0.771812948650173
-0.29450877578841084
-0.08562406758061902
-0.6856698600710909
0.44875661445298043
0.3119993705956159
0.6016919131540748
0.7225539852929534
0.3630221188344849
0.768946616234635
-0.029905907029863288
-0.7862534061712512
-0.9135674349474425
0.505984360139395
0.8060671881530195
-0.26367760300657417
0.8375873920613839
0.891473150488399
0.9010559243887739
0.28862856786332025
0.5845205689848418
0.8624748662983963
0.3551467361517271
-0.5611927550783532
-0.7887856138935444
-0.3559782661094988
0.6124559483327929
-0.7208649230992307
-0.8882732045531115
-0.8861495493783685
-0.3866177494254599
0.7242416227801272
0.9109531435162581
0.9086304087880026
0.9027132724796192
-0.5397388601882682
0.5771069186887914
-0.47283826852926514
0.35947140790443743
0.1552004096372792
-0.6592646410695264
-0.8916117929476174
-0.8703571487696571
-0.8585552443507481
-0.9407594586054453
-0.9495006499670242
0.048173221843223146
0.6874069491509172
0.8048834351190024
0.846367967856493
0.9273699331428431
0.8882791770353147
0.45303637837829713
-0.75420891053756
-0.7859947481486067
-0.8485308194395936
-0.9376453628021083
0.19441015170637677
-0.3800382206031587
0.7336524425789093
0.9016445408386304
0.8735449554299763
0.9277797255788678
0.9154810161415958
0.8930799630886512
0.9307919208936282
0.913760629718209
0.928011379073193
0.9279668756114772
0.9323990534553861
0.8895086995148436
-0.4832644111022626
-0.6647941682573644
0.2821918152704883
-0.7906925316041383
-0.3252065184778379
-0.6032364442452209
-0.7740752976373748
0.6238473931895276
0.7611204788030053
0.47181797603801723
-0.5922654629165458
0.5439973662882576
-0.20417660078937816
0.6174798230454206
0.7275256707149795
0.7880794595177183
-0.6389828936077346
0.725741412206697
-0.4630388481806298
0.8111776040987588
-0.49728834047432224
0.5050443051015878
0.6604054216769168
-0.008180081152633134
0.6858984304883093
0.7784164051692
0.922804381373715
0.9303700298833695
0.9014276076396279
-0.41757193510057067
-0.7124916566537381
-0.25537239451654936
-0.6610432808023333
-0.09611530385972555
0.04260561478946201
0.6861710508998176
-0.10616350853260781
-0.7105282649931067
0.4415788063078323
-0.5710376315482749
-0.7276971392483013
-0.7620959250829696
-0.8435872892402492
-0.9306997391076893
0.46570237774093437
0.08689689907215281
0.7004924572149283
0.7572043508352411
0.7725674160707365
-0.18170876348113496
-0.6377304666990619
-0.7425723468821787
-0.8037063002586203
-0.8147347612661492
-0.9034699239203563
-0.687255655214279
-0.7613804739850432
-0.8444231520312453
-0.8383064564499475
0.5553370922191441
0.8579093605957815
-0.4771067400541442
-0.8442926751358396
-0.9232687135236238
-0.42948850045616505
-0.6189283087877461
-0.8502268578736505
0.2654696388824427
0.6162117558719782
-0.7301891556695923
-0.8925744839094434
-0.8794726820585169
-0.9471025304406911
0.44972195831058803
0.6305642183614073
-0.2868643538112041
-0.6259715690515631
0.6339139521299701
-0.5056346715881817
0.5340862424536761
-0.2592103549647078
0.6977467908849455
0.8128530333755464
0.8347826843907842
0.8811556236481497
0.24770301080859403
0.511930866686773
0.5191359827331818
-0.6886915632583848
-0.7468856116794552
-0.784480161463926
0.6000444178120654
-0.749439423033441
-0.8537592533702691
0.051437310606067266
-0.612314137793589
0.40570727870530265
-0.39051330974828047
-0.6247629128018896
-0.7255272282678703
-0.767566112422939
0.31217102734103475
0.6429871248734984
0.4621288647865569
0.6217482207596392
-0.7371143440930928
0.12713863480412524
-0.7972481381671037
0.5981579136552844
0.5535616268090231
0.7151010003757494
0.7813421764734896
-0.6326653601387983
-0.8502341159006278
-0.9088334558266847
-0.9477814114338814
-0.9109961166327102
0.34257939854900954
0.5849255959842781
0.7760046879803348
0.906098713298344
0.9319693645518137
0.9141174960758569
0.9020930292909592
0.8751514319300093
0.9047353332314807
0.879639775360876
-0.026927147882041425
0.7478982243490329
0.8036287983274248
-0.6372389679374489
-0.7964969223408187
0.599740533328581
-0.40068606064980017
0.7835873463690781
-0.017178981654623504
0.6780225541996825
0.7661568926667925
0.8621852905993053
0.8675598931963697
0.9278186166821953
0.9052016196657258
0.8266318148842653
0.46127834103433596
0.6591676480988502
0.7498667256529048
0.4707984610642266
0.6210224536386773
0.8431377866115599
0.19970184293885285
-0.32420220535718935
-0.715450452443154
-0.8686603305263142
0.4236004780733169
-0.745907901108587
-0.8484959285034734
-0.8404161852621523
-0.8626565254656258
0.06433979697355996
0.6534036873937299
0.7345556998312093
-0.05715762519605061
-0.6911249661100813
0.5405677235972259
0.6689991816975627
0.031468381834057535
-0.49349109180688466
-0.8137108341742622
0.3322522326326631
-0.3576519698788223
-0.4351745704580463
-0.6165247040196418
0.48909657285183306
-0.004226112915924896
0.20116896342005086
0.05137640689617973
0.6710311702678249
0.725388013875405
0.8131800883460061
-0.03221404537026262
-0.681459248730671
0.666919190844907
0.7857682055631243
-0.36968107379035264
0.7325721048496754
0.8379010754269118
0.43155153196395046
-0.4824421352979771
-0.6984682432633166
-0.8361380368878696
-0.8926727740449588
-0.8752255893163061
-0.8831431739215015
-0.37166381274198135
-0.6084494130319723
0.7271148267205172
0.791766129069424
0.8762895025538309
-0.03131942325386072
0.7459744134592601
0.8893420208530367
0.8754880626053714
0.8696979258297679
-0.4818877212496784
-0.742430654450441
-0.8803165717255494
-0.38763551434848287
-0.6601952996113458
0.49175237827610685
0.7741398530505181
0.7408850996669969
0.8305858220698625
-0.6207284121099182
-0.7595681178406221
0.3507982271760479
0.43743256386275897
0.6025180583810381
-0.5100104685006486
-0.6504333216268865
0.4004311676917862
-0.7126619080231322
-0.8445605964628025
-0.040055330116954835
-0.7159119224387931
-0.7616064156551564
-0.7969445579807299
-0.04986134900413797
-0.6846193590992727
0.21272742187524218
-0.3143665669200981
-0.5988332064591778
0.5677559875722014
-0.25693567500538306
-0.7957975440512142
-0.920802789936724
-0.934966269311222
-0.9147387635529297
-0.9545486366341089
-0.9222456601289247
-0.9227441615658746
-0.6896957842627146
0.4764689830699824
-0.41462025711115413
-0.20309925902319792
-0.779927774754741
-0.8029157342032662
-0.36583759966436946
-0.33477706360737525
0.6215243753755386
0.7948998642600378
0.8432497399422139
0.06060075425029332
-0.3459369035237687
-0.5565877289795413
0.7731881094606403
0.8222514457651049
0.8371027900320724
-0.4560646469368461
-0.6364583045115606
0.7233689351478474
0.8604690433041111
0.7662634874374787
0.7936169611799997
-0.55624607609813
-0.3082903725751027
0.7944743862907515
0.9028587354621704
0.9254936921903214
-0.10602643304219717
-0.7579598103938483
-0.8316359616389722
-0.2528199063558456
0.7421294963023617
0.9183934520505237
0.9171883303480195
-0.34547389771879145
-0.6143656263060377
0.649700229250175
0.7599383881105748
0.5115000856661451
0.6768732165780071
0.8904096815062683
0.799415708571892
-0.13887128882775346
0.8011823365719071
0.8125604034048806
-0.07572239989928131
-0.10750132362267961
0.673983059469315
0.7141551979766914
-0.6658714627992829
-0.8403720994852439
-0.8513343314681139
-0.02765511178987956
-0.1741084419154355
0.7771884673277651
0.8053786485439609
0.8250043933410853
0.8736785129931044
0.8683619898319832
0.8828321542920703
0.8714742387118553
-0.5754127701757733
-0.7003442088337302
0.6870334108745779
-0.13751283148146554
-0.6623882600699126
-0.8124583975679364
0.4179289831941728
0.6177358767038705
-0.6746837832456823
0.12755680608751896
-0.7794842368441134
-0.9152296868490166
-0.924954159848466
0.41832037908283937
0.631419501077946
0.8708123155232657
0.8890932938786147
-0.044623339900699
0.6947892894588446
0.7764864187135325
0.845258467329054
0.8678318455106422
0.869137818498213
-0.19631411711930524
0.34082395055932313
-0.5188833686071594
0.7924894815994623
0.826430716712776
0.8722300269109944
0.904063302820552
-0.44710029440901433
0.5985270481297751
-0.005476891800176631
0.09878799167070174
0.6279699167991111
-0.5624487859925635
0.7750881120328135
-0.5075316971821195
-0.7750734476325118
-0.055740455101856545
0.6878663220879151
0.7849168197578802
-0.5891627644882292
0.4639415482701823
-0.33268582786371415
0.180149945768868
0.4381977301268605
0.8437585381771457
-0.3485838254017857
-0.8131196776746763
-0.4204417661747326
-0.6129456290796728
-0.7624320494191863
-0.8498303360609545
-0.8353967922808463
-0.11209022194439644
-0.6887250885494162
-0.22709734687362548
-0.6734971236598065
-0.6046231808096955
0.7466721748816831
-0.46569883214725283
0.7893005443584507
-0.6211620762264504
-0.7641155724402587
-0.7947069406693408
-0.8827951739746163
-0.3624588924658454
0.8210210529343533
0.505594077834675
-0.5070313853725477
-0.4414400064691515
-0.61965036831207
-0.696020650538421
0.3438023013987386
0.6106002082824804
-0.7705963811214411
-0.9125603424663455
-0.9431884449265847
-0.8693867200421125
0.3963756068750812
0.5960123351055389
0.5259299905188359
-0.31784249113716756
0.11750122953113351
0.6318651931813615
0.7996641848138739
0.8993585609384653
0.013524671836271596
0.676649573452512
0.7749253853092641
0.8394481754252228
0.5082884848242291
-0.2935459788750465
-0.6144211301011028
-0.048313040600125534
-0.7810075564047562
-0.8135458151038585
0.11937086847257516
-0.7881346883782222
-0.3273805038429589
-0.5244133749400544
-0.652670320973155
-0.8860652518089416
-0.8390738727054102
-0.8480906929332896
0.2753935911359191
0.6398862843021909
0.7381679606144145
0.73198402849324
-0.30075793132256123
-0.6643657841638295
-0.040501122431929604
0.7788240927656642
0.9099841160944764
-0.4310464766376598
-0.6748693081788474
-0.7519119032244443
0.06472835607779004
0.791148759920286
0.5997363461655651
-0.4379126064382115
-0.6959178150627215
-0.7518291209042863
-0.7919742852727963
-0.8738547806868442
-0.8713271337813024
-0.8781096809938974
-0.9317311889967655
0.11442069742615013
0.7129089377040452
0.8057032842121967
0.8780346179195639
-0.5628115772729625
-0.6918809562754651
0.6776808737370592
-0.20372567365168126
-0.6887387321204984
0.4681487690302575
0.6452460795810651
-0.6924056134480423
0.6536136955560874
0.8517062651397542
0.9310855474714752
0.36727350426159333
0.595968567030456
0.7069845133940555
0.2755957486795977
0.6653772662678703
0.8059527546993381
-0.1322044721215403
-0.6443847690667976
-0.7590149013289678
0.6231197122747387
0.7654433712375774
-0.2842387018342314
0.08548284090488667
0.6830278189318593
-0.22680931449072994
0.5622909123003894
0.7111860588773165
0.8707839860694251
0.9015820303014412
0.8899693025805067
0.44526086836457446
-0.7818983304083987
0.6296367013846109
0.73736429569102
0.7864137653983159
0.7211841614751817
0.7747828460112944
0.8537327254159064
0.8763900251020749
-0.31373136402258317
-0.7445160005428564
-0.7800371713608518
-0.8960250282883436
-0.8831309065458154
-0.6165289729856368
-0.7442968097848468
-0.7768381505067492
-0.9078735189369306
-0.21445762597569407
-0.7007373290577843
-0.793910778074333
0.6014085461269834
-0.7075940605376076
0.5181009120313389
-0.015081897162224411
0.5703313249065376
0.7237602654012281
0.6360304860583228
-0.6555234709407902
0.5752652149142459
-0.3012281395586023
0.3295656649128056
-0.8014763570368912
-0.603326042700101
0.7495737583987085
0.838534218910227
0.9288468387997835
0.8860430480516222
0.9021318208625475
0.5759750733022422
0.6936307896567038
-0.5720670414792461
-0.8573052701060362
-0.7226975227893073
-0.8493793109671346
-0.900907749485873
-0.9214175392679534
-0.9302720460800477
-0.07942585566350946
-0.7087580915919798
-0.8999407097356683
0.29238965891834146
-0.7320072398644119
0.5433136822384421
0.7603330891363993
-0.37439539052892146
-0.8062166422432931
0.3477551571031072
0.7982986072455684
0.8325215843214
0.871011779726178
0.8615872499156843
-0.5363789100282432
-0.6981389615937286
-0.8578936371298428
0.08429148290920119
-0.3005509536495743
-0.48427767664199184
-0.3491928344295119
0.4619052665115704
-0.6776816263579686
0.6777914080727907
0.839825562867667
0.8842146472409778
-0.26336507159838707
0.7975575358579867
0.21659003284894207
-0.8015313533223081
-0.39009881547406877
-0.7094582066743196
-0.7889307632691551
-0.3790018610337573
-0.7937590247586214
0.6042352599872509
0.6262807171553235
0.7242234869359896
0.7914945546007668
0.9094517007906364
-0.5584300021398871
-0.09671487709185689
0.7080056623650268
0.8561842951505318
-0.5089596608491069
0.4694577442860961
0.7931451412819399
0.8450833560980082
0.7155260712614573
0.7701673532322317
0.8052838007096983
0.6623213681830897
-0.7181244423288397
0.47682461687136923
0.6421824487996934
0.7330294828157173
0.8988172694607024
0.1293526196354211
-0.7677744611724755
0.45192247225160775
0.6664543833288064
0.4402442421187909
0.4336703808528224
-0.7811045574210265
0.42347153363503853
-0.6432450206977269
-0.7420331577637027
-0.8570974809117841
-0.9055360220558935
-0.8905963610401731
0.3881129023301024
-0.8428185714699951
0.24263375249580132
0.7662007082238946
0.8928319558235112
0.8825493772498714
-0.5301679527065382
-0.7826426772203556
-0.9068689529032733
-0.20133914175844225
0.8144358684469379
0.8413583233685538
0.7832180944659002
0.8347803926783883
-0.5656045652797063
-0.7378380859029023
-0.7973264996432486
-0.9002082726967399
-0.94363128790949
0.3483251517478587
-0.8177109201573218
-0.8386404782589826
0.5876202190650606
0.39449726247085337
-0.7947677876623584
-0.33958149870480425
0.8229355896502177
0.25220574200275814
0.5909621905691957
-0.7677694688314824
-0.809904394784443
-0.4667408510819675
0.7769039692059376
0.8419054756346269
-0.42790575536975894
-0.6459044621842589
0.5991554707966431
0.8014705564880922
-0.5285705824624973
-0.606802317634592
-0.7186949993111033
-0.7965668581880994
0.5493818699840087
-0.35549647608641677
-0.772847473639788
-0.7982527336216049
-0.91758807532327
-0.7881239106200979
-0.9113368190615568
0.5215142934244614
0.6986203157338209
-0.6343699302135859
0.09147504450451782
0.70697004314207
-0.16084004272968855
0.43794307287616974
-0.822015749462011
0.05942084150572624
-0.7687573596461383
0.5203669154791521
0.6938234151251512
-0.0950023813123746
-0.6616059392350303
-0.8617060852790419
-0.8623539867738429
0.44465506716978864
0.0697525029208168
-0.7913221463076207
-0.1243600259682176
-0.6802043552513429
0.5524559594452825
-0.7775751727478504
0.11193955483770157
0.6236867394169803
0.5721766032528008
0.04630170718786131
0.6593899835468053
0.3293425287891738
0.4040550388558173
-0.7552418370269155
-0.7868496720366309
-0.8840624781064098
0.40338549494505394
-0.6955515930449501
-0.8809299344941038
0.4069103037731179
0.5967801376037687
0.6578208867218858
0.8821619965720493
0.04204249518108427
-0.7811745248486011
-0.23539730568368178
-0.798644890849191
0.3195111776060471
0.3988766680190212
0.6853346930229196
-0.20408356141776762
-0.7907635984532946
-0.9197280239802176
0.3852150373601646
-0.805925578285488
-0.9106020424684764
0.4968068658368221
0.8425660706932283
0.8918302732833965
0.8674181764445819
0.8864347745636971
0.8389377789892385
-0.4897647586882736
-0.559617596829814
-0.7647809450296977
-0.8827140469723678
-0.0035631923609660276
0.711996637754178
0.8050282626615566
0.8495772934135206
0.35363656031520474
-0.1224487685994069
0.7230425981956081
0.8162198620480963
0.36239520483240684
-0.827662180588156
-0.8447223156444144
-0.9095027669939616
-0.8973089181153948
-0.8766418050942586
-0.9017192456408787
-0.8987891607334222
-0.1499960371915967
-0.6428851076956711
-0.06838341028389316
-0.013717942387576176
-0.20049574362630995
-0.5953312062470296
0.43955714315858807
-0.7975561519578896
0.18790299142524036
-0.014723107997370644
0.6987043263181159
0.8127924390021999
0.8826821390148232
0.9321006556200495
0.8895360427334285
-0.15593904948693194
0.3769151054701485
0.6532485868530866
0.8770785129350185
0.8941275891780176
0.9152543137523503
0.7619803624511299
0.820299516312569
0.8513742799006994
-0.02775422778506509
0.7869517953642147
0.6585811963931962
-0.5087603224290274
-0.6513303055051518
0.05113452474914704
0.5006801314114027
0.7101281109268576
0.7942949088690394
0.8206494795278112
-0.3500983723554443
-0.6280661011191305
-0.7167333493126063
0.10166832836880779
0.6510021226701821
0.7512938860191998
-0.6516664498911412
-0.5225549437131272
-0.6793300636583361
-0.619875032275243
-0.09352828957461101
-0.6901278630333677
0.31764396807689077
0.580956883024248
-0.7773482676364484
-0.9005232125532849
-0.8040839861433722
0.04063076282562661
0.5115998812998428
0.697951125501175
0.76259128877272
0.7779809797912192
0.8250519580558255
0.8652336425310638
0.06682579580650594
0.655000337845359
-0.6188557477742959
-0.8166568653348241
-0.818588842632977
-0.8514384812555291
-0.881505567384621
-0.9186959221010834
0.24544676329035053
-0.8111608677532535
-0.5547836686892537
-0.8433966938345357
-0.9208865597767216
-0.2832605564144435
0.6862734736476108
-0.6506289329911654
-0.7767252456902165
-0.9126909567753446
-0.90143724511511
-0.8950606661012905
-0.9044387464016133
0.39694384776681524
0.7925035939417673
0.828947385821023
-0.4421310766973372
0.6382010354915866
-0.228390354605859
-0.6503264139852294
-0.7289085959310203
-0.040187089797276254
0.8033848512508777
-0.6261429493114529
0.6198646790904552
0.8469175391832242
0.9251600935841013
0.840077700053504
0.8094710559914247
0.8566621108881498
0.8799211813179815
0.905539547416585
0.8809215754925428
0.8807352326168174
-0.1830959858110508
-0.08329721193214201
-0.5700557083784847
0.5907014546491394
0.5075122294082726
0.6627881308829191
-0.39659213925051695
0.8363438518766393
-0.435340615091212
-0.6422235104475323
0.7177316539779648
-0.6350814900740506
-0.8246670806734818
-0.8323876896766396
0.4840559335134196
0.6310244476420053
0.7445457134978977
0.8993276850638652
0.8827188058130364
0.9314525968846028
0.9508666120114069
0.9043611452214542
0.8798952874125514
0.8989612494918728
0.9164645623106709
0.4711305174749896
0.6575644152270841
-0.20990796808190182
-0.6893732447618015
0.12256177686387315
0.5375103557620653
0.7523292823022656
0.8465586094359288
0.8750427701732373
-0.5347738409636282
0.6903760141071582
0.783953155199534
0.8381234324458897
0.8747623733810457
0.8698843382790296
0.8684286525754472
-0.2668396355918061
0.7370746128491841
0.8391974243981872
0.8704792202145426
0.051367738994564816
-0.7653597591029463
0.5788172340266167
0.6978947493953997
0.7819965370333883
0.662308741521076
0.8279471160836231
0.9096522513094869
0.8775336565657041
0.24517680657501173
0.6559847622259922
0.8468303155559886
0.8626545506331569
0.023593817171619236
0.6862820492780584
0.8830276971091702
-0.5489692632034002
-0.8634601064276852
-0.8674329046106268
-0.937038496825336
-0.32773088201443357
-0.6129070580615393
0.6657789545142556
0.8856895630266974
0.8729840842243131
0.8647388465263512
-0.5378464460841064
-0.29685760631860103
-0.6516178054350706
-0.7748309954803081
-0.7932944327550991
0.5140964773801242
0.251586492701493
0.6954037983064048
0.5614391755626942
-0.6855878606747623
-0.3228270420133277
-0.6755588644363706
-0.8418148421985213
-0.871638529566243
-0.2661512935277657
0.7367649165098253
-0.5647620468317617
-0.8627828585696345
-0.9131045109819482
-0.8925274426361929
0.49602069178773656
0.6681344397666464
0.03067990812005239
0.7658206068447417
-0.5803947475092823
-0.7060731106466044
-0.8937380296978065
0.5170178509414391
-0.5539222131434258
0.6391549873112052
0.7486915402989793
0.8553178017285932
-0.43178521382174617
-0.02515431847048233
0.651760243103658
0.20131517406372423
-0.6595470059865944
-0.8934611574646275
0.2011879211825094
-0.7941439720353036
-0.8115968269676812
-0.9263331798884834
-0.8968507074643128
0.5046163802324739
0.12489277077277916
-0.12008184250517084
-0.6481896706475533
-0.739008804738125
0.6242209138140318
-0.7061213350422689
-0.7834693403637796
0.5944413936334558
0.807295978420457
0.880949380891829
0.5162882684108014
0.6770965846349677
-0.3940898204336474
-0.6186299029956833
-0.8784158845312462
-0.4739573829473396
-0.8198837136960166
-0.8455117129353165
0.5086149082101659
0.6666131173258072
-0.6922391888036228
0.5189430584912724
0.25927799506039473
0.7564488629488033
0.8381161068923979
0.9144289199780431
0.04848445608517826
-0.222579132555631
-0.6463664743306209
0.6601600403033707
-0.6981951581406399
-0.7541242346643449
0.3075630987316862
0.6781961573819872
0.7874342325239936
0.5758416723793132
0.6753720734224515
-0.3746444551549428
-0.796442410735047
-0.647489088798186
-0.25309508305646
-0.6319526881105297
-0.7816751546670236
-0.9066868839949146
0.24579780455641953
-0.8156705842372116
-0.8262229000924864
-0.9209811831622482
-0.8925360189201322
-0.08606110298196668
0.6985658746909689
0.7703048592220214
-0.5923030913079854
0.7477552784279902
0.7694331738438578
-0.5745887368592734
0.7368076228014857
0.12738778088714575
-0.7840288191862006
-0.8908355694887252
0.02644435026212899
-0.7259198810587033
-0.9041015300324651
0.051608113291993885
0.46372097895370246
0.6719445061409086
0.7522420936698455
0.36754831407939803
0.5984547550406387
0.6976143901482574
-0.1581583273747793
0.7297569740709946
-0.1766348112347298
0.7495792577364857
0.8123932012297725
0.6449826449796228
0.8667971094008791
0.3185253875528691
0.35633545532049915
-0.6252193870457916
0.5980023760794486
0.7614862426004723
-0.6307329746685961
-0.8635394152070586
0.4252030646304201
0.6027267608805409
0.7176538800325991
0.2582953502630856
-0.8130398048466974
-0.8468980125650415
-0.9115509896217869
-0.9461961322326257
-0.5793227408701894
-0.7078701277397322
0.6701043782003855
-0.4916518880492491
0.801636069538604
-0.614326614589584
-0.7604245954987419
-0.6204355756270362
-0.8649745062794556
-0.9118277517229948
-0.5456527561284765
-0.7973163639264963
-0.6571320079858545
-0.7324591693963548
-0.8361387315972943
-0.8327585266927157
0.22165390343033398
-0.6403283743841207
-0.7924678746980861
-0.9153502523827469
-0.9493046601751488
-0.6810239485323291
-0.7495744738549228
-0.8970683549167723
0.1471295107326649
-0.7864316637620132
0.5501107389736117
-0.5141324368004174
0.6585560978864167
0.5266708067897543
-0.49717384005801657
-0.7660835218176246
-0.8321571449288009
0.5076683854580066
0.6648501047141355
-0.6568850455603137
0.4146559236515699
0.6395065027879654
0.5819376619691248
-0.3196628931518568
0.6149081240147263
0.5795100031280942
0.7031515580561281
0.7711159491854747
0.762115556241
-0.47501294983051423
-0.8016381255653457
-0.5116887159046426
0.7978456420461564
0.3215313083471403
0.644705858309675
0.7507591009970342
0.7928802182505192
0.9144420832859841
0.8903306371047579
0.6751996929405033
-0.1611498277540313
-0.679640924563274
-0.7429948651704057
-0.780440585401215
-0.8811596118810651
-0.9373944778495242
-0.33264262055207316
-0.6344586074955746
-0.7273513716073573
-0.861814675718489
0.0657194303924229
-0.44215297216080396
-0.6424881214886105
0.26705471824533555
-0.8200055663749077
-0.8560816492613629
0.4959309778280865
0.41292884242160355
-0.8299172026127903
-0.8266900394829153
0.4994489803547215
0.8087720308370505
-0.40123152045655375
0.5710608560601913
0.8166766110117725
0.1757558228637195
0.6464338811348322
-0.5717695056317998
-0.7032858405410822
-0.8673209872975454
-0.8742527460321942
0.5286093916305803
0.6859964266039866
-0.6026747186813728
-0.7736647116891879
-0.8138766910828187
-0.9170447543067575
-0.9248882249099188
-0.9557138797452494
-0.9446128876606201
0.3038813115139858
-0.5427698870527158
-0.7657153276888372
-0.8034741390313269
0.3551747228778972
0.6795632621031964
0.8702770699639397
0.9204147321922309
0.796885501818454
0.8229318484452324
-0.46112134617458156
-0.6470362797963148
0.3450779380601183
0.4774487756722796
-0.7983771834967123
0.6183676468793293
0.8064192384678388
0.8410894399522921
0.8792041962986588
0.9325467816882758
-0.5061051758454289
0.7772652439754539
0.8972740029628099
0.9135195333208062
0.7100415389463088
-0.7016206040478216
-0.7403376770064815
-0.8063213699245324
-0.7334169529121806
0.08304890591927627
0.23996113021386356
0.5819042319056846
0.7016933903683022
0.7572765783004729
0.8408276811672097
0.9213519905379206
0.8929822107053611
0.8624704899446067
-0.5272270664927414
-0.6949909102308437
0.22349939413525588
-0.5989584216872552
-0.7594716628550823
0.17082890059726075
0.7817734378245986
0.6120522762360552
-0.7756016897757694
0.037505510246643725
-0.7271541591719431
-0.598017208919577
-0.3616435686603712
-0.7970225056605331
0.2087550476354192
-0.8087587202460306
-0.8957261592503835
-0.9157960674621701
-0.923539790780995
0.5207707262562753
0.6576498492660545
0.5207536944588833
-0.7464335098084075
-0.7996181622557931
-0.47258133797308566
-0.8422156215132067
-0.6981356450075085
-0.8129230921718753
-0.559700145686097
-0.6529659453371376
-0.14829311412374202
-0.6697058035850025
-0.7943730863348227
0.38790860559982177
-0.26378485548593145
-0.799470459690267
-0.6694184219675625
-0.7622966910478035
-0.38192830838235614
0.3188462146417641
0.4876672137716378
-0.41431252028902277
0.26981651799994055
0.5788467774510835
0.18449557637091618
0.5935041721917509
-0.506757966635633
-0.660107997663194
0.546041569024863
-0.7015483573634204
0.30032300247385835
0.6202816584924435
-0.5845571857563883
-0.7024569802929903
0.04666848000553525
-0.4854140007329224
-0.4881835603710196
-0.6617149959149371
-0.8295290766843871
-0.6439437181299379
-0.882923016531304
-0.8737256988670735
0.5380377564551133
0.682325392650621
-0.08579422089779687
0.7800245076966523
0.9153020528102354
0.1586146713541534
0.7544601987854018
0.3878992633913454
0.6475790566306165
0.20422970756382175
-0.7649772920547884
0.5982317261230237
0.701500890107944
0.7601250497389667
0.6124974098973692
-0.7346181229687087
-0.7816085136501678
0.6284016253851514
0.2676213001823473
0.34935362547001314
0.3266657547733147
0.5914734791009875
0.7423574336775993
0.009787312843262175
-0.727890977532745
-0.8915664833097765
-0.93991717566358
-0.9234811144734235
-0.7486906309781812
0.07668077464343437
-0.7534688614966323
-0.23300360922885677
0.7299499564686704
0.6077250089862081
0.7169807237937014
-0.45387239897588816
0.8210107525880197
0.2833195281784697
0.6852802364503487
0.7148795742888199
-0.6560306312456486
-0.7285290923905077
0.10840879161687456
0.6634474259223961
0.7510037745029994
0.18077255371735457
-0.798886168567891
-0.8546254538548769
-0.8623729245568309
0.45168021640930434
0.7033080561763967
0.8449105350415218
0.8499680864510331
0.8808159366139212
0.8867460801412945
0.8950778091363647
0.6915007570572622
0.753834904822491
-0.6626649140030716
-0.7984180467665378
0.2949028528117634
0.7973164360130882
0.16114920877270222
0.6835485151449299
0.27630326742004785
0.6897665474481878
-0.5683269079719535
-0.864074381922469
-0.8750532801604145
-0.8824732339447868
-0.8918788241382191
0.5205334268155251
-0.3654364295749686
0.706876855922117
0.6772454407806587
0.7607670863055565
0.9127033502646009
-0.3950861315861145
-0.5910411428138799
-0.37451971292464403
-0.009752962825454459
-0.7347878182012967
0.6286127719664618
0.7309185471966333
0.8143445567280732
0.9195593932505908
0.9087331502543994
0.6154807094481987
-0.3408459038281144
-0.7723882209264965
0.5860686804427919
-0.7269640724660952
-0.7666331476680721
-0.9119735725679049
-0.9202533097321974
0.25908432208217125
-0.8066345899571778
-0.8504622729872557
-0.9331473357799488
0.06194904803757195
-0.44345840555534144
-0.6650885436959116
-0.5097959869532558
0.6634942773189874
0.06915931925222418
-0.747125233495591
-0.895338934169699
0.4125752141914161
0.6261288354301686
-0.5102264358089084
0.6454428171001432
0.7534303545106016
-0.6207015078697019
-0.8518334626951506
-0.3653071135100625
-0.6925508727857146
0.5648047137313119
0.8628635207089954
0.882314994277579
0.9288643608001119
-0.2167499625758651
0.26008426638463944
-0.7275129641681731
0.34411024819049496
0.6330412284668001
0.16207355214710817
0.751990622210486
0.8630795111076544
0.8990435086654789
0.26096426950634477
0.7708119111573746
-0.53640411386966
-0.8596805966823218
-0.7449573788952069
0.2588817466022122
-0.8185543404937036
-0.8979687991250818
-0.9225871517626579
-0.8945480942842625
-0.9282347594363612
-0.9485684941613022
-0.9647304215130434
-0.6702288801107908
-0.7863750192590174
-0.8987206364996514
-0.5972083043347981
-0.694276062478607
-0.7670711977000392
-0.9002895809480663
-0.7439776288796044
-0.6056044695368098
-0.8175073086532771
-0.8485630074125214
-0.8831003381595681
-0.9488915337114054
-0.9665702298554424
-0.9251095283630574
0.46474790754503337
0.8440522686877299
0.8848650304488954
0.9093417005808568
0.8976493062532613
-0.1319307682163049
0.22057210909356395
0.7309447002141636
0.8107654247094507
0.837529441347908
-0.33401907340555614
0.8230708077302733
0.7388210551542462
-0.4982258220624005
-0.7633048829585268
0.4311365879544975
0.6378873088765054
0.7138068585832271
-0.1359195130795281
0.7199506513337615
0.7967145420630213
0.9072743902022888
0.5143685329846273
0.6523725224422376
-0.7511479467780385
-0.8407991148724412
0.36218836265761456
-0.7590488191317489
0.5126978678607101
0.7605286451692481
0.2430919571381689
-0.8096556658571507
0.4860532409484013
-0.6956162798104373
-0.8210439286228548
0.5038755234116996
-0.4532443305282643
0.6468641768829992
0.7442693779493794
-0.3882279009226093
-0.788343245090543
-0.22072184238160797
-0.6929375096129681
-0.8183414914007662
0.5931049226494158
0.3103593202786692
-0.8273427450962422
-0.9267527715172683
-0.9576371093993199
-0.88952815340714
0.16054891751764777
0.6957890294303266
-0.31860015013136955
0.6878540693520234
-0.5758329528588774
0.22315731012758966
0.7397031403158798
0.2312329965351152
0.5878723747884287
0.7851517778233172
0.3032584469255195
0.7217613569225101
0.8055136511353171
-0.2628255366076562
-0.7513277735039017
-0.8412104606283866
-0.8611167533743059
-0.9334001844523014
0.039926099632331846
0.7425360047470186
0.8786152399617602
0.8713185673999919
0.8869715894110692
-0.319396876145271
-0.5961920074440278
-0.551024408706243
-0.7198665781799523
-0.36471282561170715
-0.7613990082252992
-0.9028633680111208
-0.6157099175390336
-0.7360366138632125
-0.9062353781651211
-0.401675298615515
-0.7430086028906197
-0.7886998109914958
-0.12081969576972873
0.7024106267945402
-0.20690549099184774
-0.7359686669142366
-0.8341478119026232
0.34142381885491635
0.8162019788127837
-0.596391367338629
-0.7025419579175717
-0.3620357005720023
0.7763888535855021
0.5603348229529366
0.6206141037952135
0.7336033015269172
-0.3367460224922525
-0.5410092287931827
-0.06410359896031848
-0.788003519530454
-0.7238791102349204
-0.8586757270830357
-0.5301043675456449
-0.8539225152725055
-0.8349661848219123
0.34484621993576936
0.6552217984484292
0.7469102279271547
-0.3726145993278325
-0.7839500385554763
-0.7707702163625485
0.22476275666376733
-0.31327330300403755
0.8069288427719234
0.9137931452278014
0.9014079832936925
0.8912784379709806
-0.4088216918666878
-0.8119360072401889
-0.920537633822824
-0.5679726388992898
-0.8620108256173025
-0.8653206301427931
-0.9425270425418857
-0.9182047971194546
-0.9009173081795617
-0.9174086153265741
-0.9540438451766683
-0.918406220087047
0.43524574191112886
-0.8402405999091721
0.39602220290449264
-0.8241166005278537
-0.09312679719897243
0.6043135922958438
0.8372009847239208
-0.5477098278869168
-0.8517610317139297
0.34510649355627976
0.5906831553396312
-0.18570518261527869
-0.619471828008988
-0.8038660375178275
-0.7998579389683238
0.09013071271567852
0.32954468637082224
0.6024356782635398
-0.5103494520468952
-0.6985715227890297
-0.8598452296127324
-0.1691401309539553
-0.7955703980154784
-0.82986728430386
-0.9207450045830403
-0.7624762637817748
-0.8723539745141136
0.5355583612962138
-0.6399879793491855
-0.789671894923413
-0.8087328072945797
0.5719854312103769
-0.7877705547520237
-0.40813528284157385
-0.8209863439775711
-0.917359334323086
-0.9132403186188413
-0.9089090408336966
-0.9127146503353084
0.4492684756262384
0.6603484910386834
-0.7052870313867036
0.6895776092710624
0.8954040927683384
0.9271437154636817
-0.43344233724577097
-0.836441887926133
-0.8597700538941094
-0.9080397447267888
0.04844712862151601
0.6980278435006708
0.7874547038795794
0.8208453781922818
0.4551415982997056
-0.7158171893596637
-0.7852525637192223
-0.594424934143337
-0.29217916542094335
-0.6745926369834362
-0.8873203647425645
0.5391427895601795
0.8332298321298115
0.45373750877451213
0.3323461448062015
-0.42086051181166706
-0.8388963541497523
-0.8876284969251214
0.025380273176609958
0.7325780514391034
0.041071290480461764
0.6872637441977489
-0.5064709171425825
-0.6483322792043726
-0.7559522270348339
-0.8207742485486778
-0.8423875834381145
0.35160045130513295
0.5855661177002842
0.5688828322484794
0.6950055874701206
-0.6135320100982861
-0.27012123231659224
-0.6939978837111872
0.44862401855277456
-0.8162572214808179
-0.5668702275876715
-0.8665179699558263
-0.863610923625998
-0.8695349396703218
-0.9049832005462431
-0.9480537408541319
-0.9094241140920493
-0.8837677779913465
-0.8632492560128292
-0.8637267527704322
-0.9292755141698145
0.02447418343718044
-0.7514870969289346
-0.803570037683689
-0.8233475055001935
-0.02916310476786288
0.5741309187439896
0.7214815778195249
0.8222942276274612
0.8849427675329857
0.5860228967003382
0.03949986259488658
-0.7225279094247548
0.6521166829490204
-0.48204354101666436
0.7072566350849274
-0.6003136326543345
-0.6783360342742879
-0.11151974667725484
-0.649998679371679
-0.8473238968435896
0.5555263945615403
0.7206274018928043
0.7730216668598766
-0.04691031131782597
0.7560488456787038
0.8953329061603057
0.8849733491424394
0.9222181423581395
-0.034600159136871644
0.05782282414292772
0.6561444479471654
-0.5518298149146779
-0.6831238162358932
-0.8836199378924235
-0.8701603169936661
-0.8647493085213449
-0.33587299167038864
-0.6877211199024129
-0.847862122744284
0.5892923235816312
0.03236399180800409
0.6447270579135989
-0.20181257203026415
-0.6946316023507909
-0.7475741118272813
-0.8168616889278014
-0.7390307934550776
-0.22572426596096062
0.7327309773771224
0.8126649586320269
0.465457778521436
-0.1658789762112074
-0.7845386592323947
-0.828088214712083
-0.335587934321826
-0.1280741767336635
0.703237819164547
0.41423751711873913
0.6262310244456333
0.7517553381398727
0.43511894608412116
0.6155538881224478
0.7203236648266351
0.7761013511293866
-0.5026602674383225
0.7070202309175699
-0.6646332826109892
-0.44587019480282897
-0.7322664168657591
0.1843852491699809
0.7497826778883177
-0.6228673480688717
-0.7413152027960517
-0.25881371465714675
-0.3947656253462122
-0.7969509163939393
-0.858583958929431
0.5348413172023259
0.6658753800583033
0.8618285528621681
0.8920263724908182
-0.09742323537561526
-0.34672747808258575
-0.5602527017876755
-0.7776735984846537
-0.8493642109651973
0.43933333750125403
-0.44514918600846554
-0.29963863180441286
-0.7595438858371416
-0.615605714176428
-0.7939505933647306
0.42198589507627293
0.7986369674200753
-0.6216526074689878
0.6108572725662609
0.7236424177994984
-0.5353902225373048
-0.7960097297225878
-0.3034587265485893
-0.703722973786766
0.5540895490242068
0.7460072145942229
0.49089192000180004
0.7254041155361759
0.8035696372473846
-0.49591529571640414
-0.40211983627392445
-0.6036621615380915
-0.7441428857377428
0.17922129271481202
0.6635592347783676
-0.6596323498244742
-0.18688245184461993
0.724089008810727
-0.22995594925610785
-0.5255509482090965
0.7078854076002576
0.6930055460210833
0.8231505453748289
0.8647955031500127
0.8766520240395184
0.8166143667163479
0.765920686760384
0.8075666581157948
0.13799006280038384
-0.6746127232035133
-0.8974233509432367
0.24880372572636178
-0.8092563407900921
-0.8851365329010381
-0.9002157674294837
-0.9364167083522489
0.013068833394696
0.4895027734525321
0.6814477747558558
0.7628223900059652
0.13672751816366624
-0.20062591399427943
-0.6282408936091074
-0.16992629125743397
0.7499604729045348
-0.6218773857583537
-0.7113325515840073
-0.7650200098704643
0.20102659655251331
0.7022111454408253
0.5975036702581948
0.7715168996094772
-0.35836533185171904
0.806907210432195
0.9045417629298083
-0.06916850586324741
-0.782207907933552
0.024378002124999076
-0.7230722354147037
0.6125822373467371
0.8448939007955878
0.8493033909293595
-0.4066603176148984
-0.8314184290567089
0.5262459944932023
0.6614343570430874
-0.6999786908839539
-0.8952495158449985
0.10596317748324768
0.09911841971610236
-0.7881734749316542
0.525160680865298
0.06677409161688974
0.642493031123923
-0.23524738452143312
-0.736747124534704
-0.5533302570811265
-0.8136325982696292
0.2446577908670311
0.585408532588835
0.8638472539098876
0.8591503292546832
-0.1625312311925735
0.6035156090261107
0.7199006673667365
0.4517499838111676
-0.05549148889764255
-0.6695481303122189
-0.8761815163081077
-0.41403958666732943
-0.691552704726637
-0.8144163035408275
-0.8987445162155218
0.2093874650318761
-0.6352068103989202
-0.8514019846103391
0.2896107132104764
-0.6883701526665907
-0.89508864106743
-0.8879223641494077
-0.8904050994747026
-0.4594457459610284
-0.6285602311589807
-0.3572270187601394
0.7612986078517481
0.8468248449302545
0.917305613861461
0.4198075958224161
0.6089350873577062
-0.7500108510796807
-0.8453459362200915
0.360778938402998
0.6415061589496136
0.8354138512719205
-0.5705341571030502
-0.6832936505339336
-0.7715763112735796
-0.8032187442320452
-0.921809688743409
-0.9561737937187986
-0.9452709667053195
-0.9621459577273985
-0.8587143089431393
-0.8565934642972641
0.12227614315035717
0.12324316569312854
0.20686498553274735
-0.8156040351514973
0.6004020143997839
0.7250753286087126
-0.548823749648822
-0.7575992492300972
0.4097455709205158
-0.8319424567119946
-0.41309877981427023
0.6210088406270771
0.7448677580904475
-0.5695104125671109
-0.681961004891026
-0.8298524004676678
-0.6094077631020751
-0.8434666561620581
-0.8816613363809789
-0.9448976835585855
-0.9636440945094713
-0.40701968152866175
-0.7766488308262528
0.6079074234230437
0.7138047418844593
0.8759596587014467
0.8703222468396365
0.8709631534112878
0.9213773831706797
0.898955004489626
0.07762044365963394
0.2312581637512594
0.677118535666406
-0.3997714173790998
-0.8116717145055332
-0.9181693044585983
-0.5051988387632498
0.2382093869825923
0.18689861030354127
0.6752483722960267
-0.6839277419521533
-0.7618144098510654
-0.6338967575446957
-0.6278976208172659
-0.04828541018175425
0.6740646137257751
-0.6205751084544272
-0.826004207341058
-0.9008892233679929
-0.877792411150538
0.3623470096563133
-0.742901566455488
-0.15314058106119854
0.6153114607878214
0.7304788076158739
0.8357210352639499
0.4493295796204335
-0.07570128263093046
-0.768438992074297
-0.9035619226477125
-0.1682845395308017
-0.6565391098732954
-0.6202093468007742
0.7188323361433322
0.8293554469283948
0.8412283992812446
0.9236419988692983
0.7371030249904966
-0.15635136826096474
-0.7768393809105228
0.37156771719962167
-0.8066542313737999
-0.8378688397103967
-0.8495544865222397
-0.862353077721171
0.5319126958137632
0.6613246663129178
-0.7362033481680573
-0.6297290936849607
0.7092678393486849
0.7730642925371556
0.45256107864885653
0.7599318750795958
0.29703403149688157
0.6332690757930153
0.720006825193368
0.7696344059837616
0.7995461551935366
0.8530795227807833
0.8676598346197735
0.5584737595976477
0.5672103501147947
0.7023518233136623
0.7803427155111127
0.18567260806462849
-0.791038141772699
-0.4930181011108601
-0.8441719887926418
-0.9097226123909995
-0.945958563095604
-0.9354868458196535
-0.9582874719550775
-0.9156864307175974
-0.9308121621790324
-0.9636825375307553
-0.11634880559342586
0.2725991850216638
-0.6199344148864838
-0.7287760106130353
-0.4429416975007383
0.7649112799666331
0.8133364601095154
0.623521376548875
0.7801068152284842
0.7396598864104975
-0.6138719491226456
-0.7636211272315557
-0.7872938412131096
0.2767114989064112
-0.8194234622281991
-0.5004782693233385
-0.6496401607746751
-0.7966219510331976
-0.8226668903916384
0.542946291858228
0.7123886905434098
-0.666779409336067
-0.7481344525224929
0.6427608672434668
0.7349350918247084
-0.16916076722550688
0.7724240214135021
0.38595187208449766
-0.8000110836463963
-0.5301908556316681
0.6568740350073141
0.8835934682133937
0.5444898539920842
-0.6270674153031526
-0.8380489732551456
0.39171526238510324
-0.8330061803210542
0.5389005324819927
-0.7721567372156098
-0.8142741967715085
-0.9140962781413617
0.5232719368556773
-0.7750998642427454
-0.8165504405484678
-0.8272643410568898
-0.8388679129603952
0.5633207183761288
-0.6721234286517079
0.6996126890528429
0.813955961244027
0.8903855383592458
0.23564082906629724
0.6018115017934904
0.7611545892025777
-0.3137271136112816
0.7121935960899686
0.8047464054267319
0.4073301819327766
0.6203435954515553
-0.5774210748626885
-0.692278304123047
0.038464911124882706
-0.7622968854993595
-0.46811528332648056
-0.671611297756938
-0.7397116601151834
-0.9051975461781893
-0.11964697588319773
0.7123529012802061
0.6172162828339149
-0.774037854046122
-0.87816234528464
-0.19282930887243
-0.6984428748589212
0.3129239852810253
0.7075264453466135
0.467814270704737
-0.4761942999017508
-0.7575792325727926
-0.8094888883383186
0.3873406114298814
-0.8348022392647055
-0.7407282751209864
-0.8969828124132665
0.4459818279554111
-0.824156339500148
-0.9055250592226568
-0.6372774768031897
-0.880491656823507
-0.8664456683937906
-0.2051109133306217
-0.6595314338038684
0.13852767128784338
-0.07270308059379738
-0.5538141475560552
0.6834966731788672
0.881649897364503
-0.429326879243193
-0.7558922432776755
-0.7762443397758613
-0.8463764419049293
-0.9270809406015414
-0.9473515573123978
-0.9063926392566611
0.11450574391897228
-0.749919958165271
-0.8073602345293621
-0.9192129609819949
-0.14713606415895208
0.736668802924612
0.8186603502263137
-0.5767338412278057
-0.742698249135782
0.13948199703109987
0.7857989232328202
0.6856626278094549
0.7995756966028322
-0.5831605939951321
-0.7033832443727086
-0.7568468538952248
-0.6723548573269881
-0.8036421258769808
-0.809026454697519
-0.8289139671775643
0.07257701385003612
-0.727966816597401
-0.9077039674620144
-0.9521782346518992
-0.8216269302558247
-0.9290011931591918
0.5156596262107738
0.7643540042623043
0.8193804292311331
-0.1854839456840085
0.7470491480307269
-0.5818766237753105
-0.7400649316031626
-0.2677184045743186
0.7731278003868813
0.9127405183752337
0.9237960309266628
0.8897301300340517
0.8970571601210655
0.9149496589250008
0.8964298477087005
0.917388199469281
0.5196336743308456
0.6734758459507066
0.7413955898005873
-0.5073809378405674
0.744331528262296
0.797906331389802
0.8378320118497409
0.875871955713809
-0.09460402328591355
0.7262419505064797
-0.4391891292536063
-0.7476540849036487
-0.7801551760772344
-0.3724109725030098
0.6956527015497547
0.5025508919960804
-0.671990336483642
-0.5792897464880089
0.1478340255384858
0.7704095469841232
0.6961235956624714
0.77613074310409
-0.08231864258624078
-0.7562113851983266
-0.8908447740074364
-0.8862143749027531
-0.9318103994305493
0.4984477051753924
0.7043649540775689
-0.08270811818740431
0.6970802555753455
-0.5964103826531153
-0.09750267420284353
0.6927479355011559
0.865910080466957
0.8724482077129769
0.8758672248751243
-0.029259142658463855
-0.479789338152693
-0.6527184806306017
-0.8736484752459801
-0.26996940748015286
0.8234248042056804
0.89900448706473
0.8763774300745819
0.8234490805492185
0.6067207749724086
0.6916831530568475
-0.6839933913490209
-0.890719191873029
-0.9359871958567874
-0.7141294261845086
-0.6766043387815746
0.6965995999576373
0.7784667454026644
0.317207178113585
-0.8174501962367001
-0.5327327447205517
0.6689429680079124
-0.623637469646188
0.4654015403258476
0.6605851961241958
0.7590829936971062
-0.18885138538759594
-0.6946156539828195
-0.8992670718084568
0.3351694954552511
-0.7998634943792357
-0.29765630287074263
-0.1781680721604999
0.7877007654315049
0.8895453691501478
-0.3976658332874401
-0.03164032850349119
0.709072890482604
0.7608998144436514
0.7945027079819855
0.9170009589726398
-0.15672643141902554
-0.6320817359508506
-0.463037480006665
-0.13177563699492234
-0.7855399750993967
0.3728407973263983
0.6737553170867812
0.7665548731547314
-0.6324432211112437
-0.8798410618501332
0.13307446281351298
0.756474421301145
0.8526468914167684
0.9292674442183988
-0.32419165333097344
-0.711092316381903
-0.6487635436112176
0.17641688002831124
-0.7893471527226125
0.12394277765986939
-0.032975974885597115
0.026699568023716536
0.6331227951706988
0.8208689933156013
0.8103087911219284
0.918608639937978
0.9342907226662489
0.9386837308182505
0.8961881523974768
-0.23723729985763464
0.7692995720448423
0.8172491095434595
-0.5867875105475312
-0.7272194540559437
-0.7413238778084894
-0.06709687125480901
-0.669828927512753
0.6961214657389476
0.8960687647099794
-0.33699203144645673
-0.5974108860817487
0.6978657511823134
0.8533227476983325
0.35529506228067986
0.47749372934078504
0.8040711043330533
0.8094297529188146
0.8220648225322265
0.30027703361511104
0.6337813793773974
-0.1428936096650879
-0.6775268797943229
-0.7676289306492968
0.20650518966690457
0.5734868444918906
0.5878597897346571
0.7072974207556464
0.8956650936579758
0.8756990115584697
0.8849284789006457
0.9123323449532941
0.4439121279335876
-0.46757103709548353
-0.845337689220994
-0.8640655810193366
-0.5047927991192829
-0.7615401619271023
-0.3747598031563575
0.57856793300911
0.683011459032123
0.22374291538143853
-0.8064176266144459
0.6038558304521469
0.8502202968471786
-0.38134781147142505
0.2098407461088383
-0.8215949021506719
-0.8679998296685778
0.4777408532537426
0.6341125492276123
0.8410149682267432
0.8984028781302142
0.8907416354512239
0.9288041973445318
-0.07312267725787325
-0.6635113719574368
0.6585488996150484
0.7571676169752917
0.9123002115741761
0.9292228632575541
0.9138841540296592
0.53525758713416
0.6721629613294864
-0.05597666461878714
-0.679627785865012
-0.14490433691305338
0.7111444759942023
-0.6316227454800128
0.2892854132111544
-0.044565901991354684
-0.6933210325281848
0.576324525932538
0.7752962980208138
-0.5064420460763792
-0.6621020060184808
0.3935951446433732
0.7922155589330035
-0.5860914620791446
0.2703911050353882
0.5849081745106894
-0.7794325069759974
0.4734486248892793
0.8436858155293052
0.860663037552944
0.8935288422519974
0.7029673723692924
-0.10641318552433221
-0.02765835566149244
0.8033891471570063
0.8155995083882979
0.8632835628625593
0.8953862190925586
0.012312827405792426
-0.7226128667735728
-0.9039527101209809
-0.8832643384642658
-0.8941911805872127
0.20884221682842008
-0.5632533753230885
-0.7716398186232732
-0.07330783961591747
-0.6707692485475778
-0.769083629718776
0.5048635089996925
0.8141922685354421
-0.3591185173943914
-0.7074106107983467
-0.7801802661795354
-0.7933774258127305
0.3916175811069018
-0.800510400382052
-0.07872555494671452
0.7238798839549792
0.8834436636971383
0.9069685664630418
-0.5275285281375277
-0.6836988980019265
0.6199356250935693
-0.25116780554108264
-0.7855619161065296
-0.4086311772214577
-0.6100702089856663
-0.7268011337446749
-0.8148554743091813
-0.8225631654143709
-0.668435784512971
0.6634571099653352
-0.11555972208571541
-0.6745613778066812
0.6611768883430851
0.8601439178033123
0.8951683936681154
0.8793246137927744
-0.4350680206487054
0.8249248213197231
0.8405311850660784
0.7349415431278103
-0.09658103974967536
-0.7933521205493742
0.6080818235394307
0.7338718472406702
0.7925771204224019
0.8185867232466815
0.8547817129581179
-0.337115591348635
-0.678307798861846
0.34530355859963624
0.5990112506116616
0.7165451807081902
0.7895836586287142
0.8254404004142111
-0.5813143075095006
0.6498226239990648
0.06784969374192373
0.6679252459136786
0.7874363298189513
0.8545130110030321
0.7833577445953996
0.8257814833868102
0.9253831368118841
0.59535861768427
0.6775268979538134
0.8687558935105968
0.3798425364322908
0.47502609626557657
0.6749041500260349
-0.5696013525392185
-0.7263427172922641
0.5104816706663953
0.8537657047399843
0.8924894269461046
0.05467735515106531
0.643770186564177
0.7402035916269556
0.8613854966761485
-0.3004291968749886
-0.12909290544492258
0.7294340899450673
0.7978704311909786
0.8504153590582249
0.884425830314195
0.9040738847273562
0.8768886949514756
0.8791334211227047
-0.41782280139650374
-0.6792657781696021
0.6234438141941778
0.732748629589163
0.8047572329526016
-0.36187203480468044
-0.6790131200794353
0.599501279299886
-0.6270423085987159
-0.8293315317266868
-0.9122029736651912
-0.9526187519303155
-0.5620141254303425
0.7376007019700599
0.9074006144977638
0.6545674362721288
-0.45397696162864554
-0.6265386174666916
-0.8712981289617744
0.24571252991744696
0.4056949831470753
0.42604667960364706
0.06701234332678019
-0.7946007069779947
-0.24500032653934878
-0.689145260156014
-0.7648407801059522
-0.8172372420648838
-0.8879542711497783
-0.0816343280147005
-0.7905082730933728
-0.8109645204852389
0.5745216983893093
0.8619821741115787
0.7600237170316002
-0.627145503306626
-0.782348127214989
0.46968753718324585
-0.6745084372482963
-0.7433663148528796
-0.8171567920791948
-0.83989777681304
0.05999312160885251
0.7119785924551003
-0.6289295056204511
0.6285401371078181
0.804354006642114
-0.5644546895852354
-0.8165818778378472
-0.8415801245287852
0.3635628727401725
-0.7530483401819349
-0.8477827484423149
-0.6521850388473908
-0.7458308516224954
-0.8610499798741234
0.5555274577906202
-0.7164401461597291
0.022632005963955315
-0.7245525585462913
0.44420346425126955
0.6436470320662719
0.7578496232459142
-0.08893438746273663
-0.498239614408436
-0.8290914612265015
0.580467903193401
0.013843344502366906
-0.7449115965074586
-0.4582492756494516
-0.6342660821019496
-0.8722222693449586
-0.9210786829996954
-0.07597870974102294
-0.6950221452252796
-0.8929553644041186
-0.6938835162324113
-0.7602618385176256
-0.7580945185036214
-0.540463270400519
-0.8492743587686519
-0.9255873244908838
0.4676988366168078
0.6146907795792367
0.7088643452690326
0.7647155921400062
0.805729278636703
-0.5066299938971144
-0.21996616372373978
-0.6102501473809007
-0.625498779320042
-0.7313747095874902
0.3894539951742795
-0.8333463973532229
-0.8590066514574204
-0.2302479130561974
0.7392777805027531
0.06883106784683957
-0.6857923550045095
-0.8699270544750969
-0.9441465278534924
-0.9645147986671246
-0.9344824912736533
-0.9225130292524608
-0.9311393951891318
-0.9187940888566996
0.4826234334060602
-0.10505934329702815
0.523778518877223
-0.7653377998847524
-0.7879457617174207
0.027781846240871655
0.6271750538413623
0.6305446358322171
0.7156619379478704
-0.7092890716472467
-0.7643253726262065
0.49140267183311925
0.03808817154277988
-0.3864117617432181
-0.6046312821569746
-0.7400961298516332
-0.9030505647779489
-0.9388565270960522
-0.777614486644774
-0.35471967504975477
-0.5977990408359138
-0.8229935710496828
-0.839409539470522
0.4984265900044038
0.6773206900295263
0.7234992851871045
-0.5816189622400199
-0.6883290585072501
0.5019066781284769
0.670182374102545
0.8716365575236305
0.8866868548329787
0.9034248078305267
0.9064800115134655
0.9071654935914868
-0.4772231577540784
-0.6861044430305041
-0.7465365092281977
-0.818741685981425
-0.9161907929449239
-0.45807768932640447
-0.6899626108484589
-0.8849699692976831
0.11635125610724861
0.6761572751260903
0.7499989263668114
-0.6432996753787764
-0.7977045393630574
-0.8430986470096392
0.1847153787951168
0.6574554516484143
0.8250394423718923
0.8924952742163113
-0.34870782803413314
0.8140405487590021
-0.11895699713916996
-0.6773219684680393
0.41125333815393095
-0.1638158954905431
-0.6777076678038334
-0.1363468439717721
0.6965205882042373
0.39689468946049145
-0.6520796765386797
-0.7721037415327738
0.36988439727188394
0.6415443115279298
0.757590305972021
0.8067583175644675
-0.08001966717601139
0.7029112077154629
-0.16800225575599703
-0.6235574074301204
-0.8564042927838882
-0.8626527198263955
-0.793641196193846
-0.8271036571999612
0.0049751985747559235
-0.7095201764991894
-0.8128613985285691
0.5101520355133009
0.6648564538441764
0.7554452473415889
0.3347842091279074
0.7281725122781304
-0.019914674843560798
0.37820321253213174
0.8109477420719426
0.8619989333337448
0.8598727964868362
-0.40972573845861726
-0.6296236635853376
0.32162661048039753
-0.8320128878899614
-0.47792115148188197
-0.6796339377597412
0.18228892501947236
0.658109246182665
0.8801285882212753
-0.5342766937184169
0.7867267697449023
-0.47502696487404816
0.6385854602948506
-0.2909388827296362
-0.43906963161211476
0.4239725836461701
-0.02580091176882071
0.7633616201664646
-0.3852640161243137
-0.6308419583189439
-0.7187650035141858
-0.7705761461960856
0.6084246782833271
0.7333586985791443
-0.24692903854369286
0.8353493615297949
0.840394660934773
-0.19599406332476277
-0.34397251114592176
-0.6512864386742091
-0.8333735653915721
-0.9277363115997247
-0.9587113315741855
-0.9622976738545785
-0.9329526327580794
0.08231375425009002
-0.7552185904181492
0.5634844562192276
0.704936539313227
0.7017384964156399
0.4383572586691702
-0.23506888702496953
0.6861490269043053
0.7892659340878803
0.6025551884780418
0.7558946235566277
0.8104209438861898
0.8729852427824856
0.8846269867845202
-0.45597725956351276
-0.8429033920002502
-0.9290724099752751
-0.945786749127944
-0.9066152229085224
-0.45667286544847907
-0.677099461560249
-0.27831646733495385
-0.6238104279540982
-0.14424262286260325
-0.23717536292141328
-0.7663641522054736
0.6180258855151917
-0.7283117375434885
-0.8961181021141409
0.3032642759797919
0.6922062138537202
0.1474044177192615
-0.6656423891523561
-0.577649787099008
0.705889226100902
-0.6400860935667287
-0.74830920250305
0.5894587671321423
0.5418701187011417
0.6661638706193536
-0.6955466330407933
0.6376440924286566
0.7614219451690594
0.2760200053491164
0.021119393498233663
-0.7056799043117102
-0.510380082480054
0.7402381967190701
0.8947953069057908
0.8695864668438569
0.8659414673377483
0.6024614833252393
0.33279251788625075
0.6768870591538425
0.7436728561621408
0.785707523639168
0.8183857638001486
-0.6232003484039562
-0.7184526349611077
0.018932371149323446
-0.714463180098895
-0.770207846508297
-0.8560432501128287
0.48062443066057803
0.037672553852792445
-0.7213342826792635
-0.8047042060820786
-0.8548804614683961
0.5657880885021149
0.6950790392771546
0.7985878564311308
-0.6096317823132328
0.23173845203130683
0.7622123396932894
-0.23895512807804864
0.7843704267442213
0.8493855725803825
-0.37949436777475376
-0.8227870969844358
-0.8932394654284762
-0.8766315810744739
-0.5822924685548039
-0.8437406451543992
0.08667648501874958
0.6210543976694933
0.8673876046972167
0.9283286358397302
0.9260898634251316
0.9325628622906157
0.011802506780880906
0.2591282608806684
0.6266768731252856
-0.25530886695609833
-0.7909871976911632
-0.8442080816150667
-0.9023126616255794
-0.7554465216771289
-0.8186716831457029
0.554665356284104
-0.559398549725595
-0.11501568634015147
-0.790259027493714
-0.8242819222763763
0.2284565224229198
0.6011387417621781
-0.2024596107292893
-0.7988611250192525
0.1767537393323031
0.6177499662118882
0.8647109130459874
0.8269437538953301
0.8477175395255911
-0.3466639016009432
0.6520291869163319
0.8748295463006026
-0.1362477150281307
0.7736843215191596
0.9070901559926008
0.27457351521920015
-0.8233489148048546
-0.8593735529606216
-0.8502018769212163
-0.8914422180218439
-0.5584637664186357
-0.7673231191232047
-0.879064771898215
-0.8879719363213491
-0.9049112349779039
-0.504406683829963
-0.6763412027093618
-0.3273541013456165
-0.021175929311996633
-0.7796862292331441
-0.35218953053118884
0.7504474923253457
0.8645594666444554
-0.33834250962298484
0.7481698602278315
0.4631139226639296
0.6655981562599975
0.8598197058208665
0.9202321562081535
0.8833408420486717
0.9265210181188483
0.9118915150016411
0.8944821935691798
0.38846689254605593
0.6031413843086746
0.6852963671099377
-0.26714554827225867
-0.7732895438800537
0.1136756751126462
0.6185910089017783
0.8706135700969067
0.8641473666874724
0.8711581124562078
-0.3342784889826078
0.19587834268140747
-0.7377467006741829
0.5735904587563563
0.7881232467755042
0.8414144960549863
-0.5887390437570836
-0.859714719927101
0.5633082020489999
-0.7898575451669456
-0.915130667142929
0.4460989466144487
0.29075822235021964
-0.8264955053905793
-0.0634039653361953
-0.767102441581416
-0.8085161423652356
-0.9248839205263092
-0.9404647282665058
-0.9623436977691403
0.007060400280811674
-0.7040417766532444
0.47635953926815455
0.6581836573951882
0.80789730523747
0.8388430027144338
0.9026555158044935
0.1313292884360997
0.1725933509777109
0.7121246038266089
-0.600645444343238
-0.8465093252934652
-0.23593452654700386
-0.6901215411911217
-0.7734721599454655
-0.856608467321632
0.5275913625077333
0.6870400805724977
-0.04546510390533087
0.7389352146967836
0.8251504204595914
-0.5050332054173261
-0.7435696847647794
-0.16094718738289182
0.7682643939351683
0.8104191378182573
0.7683991960367598
0.6418547729927124
0.552375481482859
0.6973065818057891
0.7750967851389094
0.07671432203030393
-0.7416245159671406
-0.8057376645304406
-0.8167076696232756
-0.36392627910488873
0.6985609558717925
0.7956863471161011
-0.5009286579431473
-0.8508293330436336
0.16785117018729756
0.7746325883919565
0.5468033231429605
0.8519022335262019
0.8621568322521096
-0.48869238000497783
-0.754073590538458
-0.884105587415925
-0.13135093596766656
0.2083084716670338
0.5981000624805106
0.8354697289473187
0.8503399735199939
0.8701205087338018
-0.15457901441921917
0.4770007142534207
0.8224507122777789
-0.06140982599833267
0.7339619196732254
-0.020584693467343262
0.7914410907409266
0.8236581361822619
0.8406729088095606
0.8401181811121172
-0.25268841591801317
0.7393990335110376
0.8316982033346538
-0.564777924993654
-0.462039103185391
0.590096988612407
0.8673925821619797
-0.30950629297601195
0.031656548025446485
-0.14953536336805162
0.707836555099008
0.7923785697510892
0.2846921226642465
0.6472461859001322
0.745957076953295
-0.17001330222816424
0.7808293671185065
0.8788033854775263
0.8626606842224467
-0.555011573387849
0.5522522867626449
-0.5880922357592974
0.056248213046167006
-0.7452352313126457
-0.7915317014079792
0.07467671012959842
-0.7474925273513805
-0.645789243017201
0.18842789060758314
-0.5684614862329281
-0.854749677757523
-0.8812504044347383
-0.8747694678273193
0.23536467844964948
-0.8235608751039869
-0.8533483165536219
-0.4617092737848616
0.6627491816460966
0.30481876391597673
-0.8353312260876794
0.28226998188341734
0.7714530246835882
-0.23619872767637107
0.7347369981420315
-0.1525039618267694
0.7668068789432243
-0.6436596343113511
0.5236920325355015
0.7749723124606493
0.8202802464799319
0.8376649974157284
-0.10346246749445509
0.6955749705061365
0.19383274629148128
0.6876072028918401
0.6507376766104955
0.42595018108361815
0.791588060956923
-0.5580888402734177
-0.8539777995882952
-0.9347450379395149
-0.24913180014460612
-0.6907816121320034
-0.7702799575369426
-0.7927369640780266
0.43123398029527604
0.620458287168999
0.7677969705300276
0.8073003083200496
0.8522320847872371
0.916014097508933
0.8946191457041879
0.05758228384932518
-0.7407708158597944
-0.26517921338255745
-0.6248716803129598
-0.720475330157308
-0.6095719383585171
0.46262879817666924
0.8466496427491452
0.8750204302323481
0.8905828927489354
0.5515459803580645
-0.5436216540302437
-0.6674897365303903
-0.10700882609519313
-0.6466295406361239
-0.781273826353484
-0.8730509838065948
-0.9177792748934904
-0.9288216421835549
0.4485827907675968
-0.07082250451766758
-0.6588404555360184
0.449715203670249
0.634692319245934
0.8092553900899868
0.8416497685116959
-0.5145025549644819
0.7711994327886185
0.40456525919621167
0.8036168761372697
0.9249404568808974
0.9203343084593905
0.8975977565867277
0.8333835080996188
0.6346497157176336
0.7200546434342652
0.7738196817784124
-0.6070140627367747
0.7115127084493844
0.5822772936840193
-0.7588713177730083
0.5374948114318325
-0.610589287327245
0.5114555532214209
0.6887541076992112
-0.646138864862673
-0.739713563226096
-0.7834005026653362
0.6262851653908132
0.1693777861351644
-0.785548598946579
-0.2879524829839373
-0.6440898695723618
-0.8611142880667692
-0.25910067904462064
0.7222928054140954
-0.4262145314208987
-0.10489290476111912
0.8120565306978249
-0.3111195666231916
-0.48408967671014946
-0.5938551118610615
-0.2220715776493296
-0.612649005519994
-0.8738137280507441
-0.2025773727663942
-0.6156178369556701
-0.590147169971645
0.6175563709703744
-0.38465141046762685
-0.7008392431683216
0.5950062662233377
0.8076576416568528
-0.5059160038516732
-0.2161774197278219
0.018493348897078876
0.22697628873823583
0.6393132673120121
-0.6610774951705538
0.5856534053117626
-0.7739866644119712
0.20235878530839235
0.6849822718936336
-0.45713783386082096
-0.695588101327398
-0.7388115090732936
-0.3807407670434948
0.8354167209073942
0.9272028124553331
0.8910414396641664
0.8868693291836571
-0.5586159145503387
-0.6897669454913314
0.4597769824372979
-0.8163066235578821
-0.035199322140125444
-0.40654369792069
0.07139607294103278
0.7543335729825009
0.8014025151997095
0.8805420995509361
0.9060865756349763
0.45849184653679576
0.6280539898931417
-0.111519767150281
0.7551952920551064
0.7961813721980615
0.6261543705755965
0.7912574910387109
0.025767879596083842
-0.6798635469747483
0.6473439062910122
0.7365272908036729
-0.6544713249224213
-0.6357016941164325
-0.7928036278586074
-0.9123605501644706
-0.9536539109506161
-0.842451670876259
-0.44155981721635174
0.609485065451318
-0.31226201689648025
0.7761882506609687
0.8400971933541781
0.925896431075468
-0.3697295716425377
-0.6027799970652447
-0.7026119007347404
-0.765830287980017
-0.8745221393276175
0.014820622579219567
-0.7798600108150426
-0.08024076810523662
0.6868558714185031
0.7952238546976966
0.6361061073350909
-0.7067268622979088
-0.8886382466079286
0.49297305819393467
0.6692213607100586
0.7856844813069168
0.0037712165679886223
-0.781541824143679
-0.2990282927048813
-0.6602555176432856
-0.771699479004897
-0.8171575593128448
0.5641821339358519
-0.773185322470344
0.0514323576618827
-0.7954444861558099
-0.870334222781386
-0.16612313308517934
-0.6279924651741962
-0.37786809128797705
-0.7104444162777128
0.4859064257652719
0.6415293906614639
0.7073401048382073
0.7724620088606469
0.4668586400664205
0.8278794273881944
0.7858839685636245
-0.018429646277643208
0.756532461086953
-0.5891074322560457
-0.8581562117595571
0.22591888788345438
0.633345576983956
-0.5308759248332704
-0.858503420281006
-0.8926272591404171
-0.3957433530755001
-0.6153988574801708
0.7064266189163151
-0.6187138463454946
0.16655298246356498
0.7183503458856437
-0.6146922874352103
-0.7749148171394451
-0.8969846805751297
-0.3683023082706265
0.6162919266644762
0.7154992849053752
0.7917924719317808
0.8332142585589328
0.5839766727731885
0.6838516977100593
0.8047404056196754
0.7975336667727242
0.8211133256683363
0.8644075176036128
-0.5023470510638193
-0.5289274142301446
-0.4305791766218836
-0.6283144585177826
0.4876183932351905
-0.6839459360345376
-0.04266686531872521
0.6885235512589976
0.8099924919424293
0.9072012218323589
0.5597759923573244
-0.5696128965841036
-0.6309276472097978
-0.7338109276269235
-0.7780589910079703
-0.40582345713966195
-0.623181285024648
0.5768565003292845
0.7027776311328457
0.8231630775766492
-0.49529212126246436
0.7987938666309264
0.8895259475191022
0.8835898020665169
0.8773171694124136
0.9033444543912124
0.32313235445593613
0.518839516209272
-0.8185630956013483
-0.6314250808223011
-0.7730146141372604
-0.8186016632906603
0.42735592754970697
-0.7808256932437083
0.3915508940335988
0.6514646662984691
0.6554165588274747
0.8450996808713422
0.9308831555246062
-0.4984667919234842
-0.66712797711617
-0.7301610651084567
-0.8510182482177643
-0.8580459581785659
0.2779315224654564
0.2321938131513417
0.776265215566819
0.8443485283635783
0.9236226160342582
-0.504787248687169
-0.6484146674250253
-0.8409796980980274
0.17219477266385397
-0.7973116174216159
-0.8191226131079204
0.5516801312766879
0.7998952891142364
0.42175340068717215
-0.652076975790139
-0.7293426241651232
-0.09646013822485755
-0.3353867641456525
0.5980886695201795
0.7286013017878865
0.8362950769975912
0.841489635900996
0.929735546703577
0.9229388685580302
0.8449307962871178
0.8954272178173328
0.3174116017859878
0.5858251253918305
0.7307329689170912
0.785336099020407
0.8091535362892661
0.6078154374321234
0.7908034942472923
-0.3378458923940173
-0.6747590057342306
-0.6277727883581835
-0.7577673501278334
-0.631218609445288
-0.7582433755341177
-0.878431235146146
-0.8632993382872505
-0.8698630543317201
-0.8890138178441367
-0.8775054538906879
-0.6595666812530548
0.5406339762770251
0.8237010955495143
0.8614893425533081
0.9221995374773897
0.9274909097426138
0.5129546458120489
0.6647514758813453
-0.6073276551048835
-0.7319806968105212
0.22569741908063978
0.5826512242985831
0.8073932861217776
-0.20265079138291564
0.8164691014029071
0.3020994213325534
-0.12022469517842294
-0.6298828238044047
0.7107235350907137
-0.32059658501798793
-0.7335826036545242
-0.8963161104525101
-0.951479965781975
0.49559453385861163
0.7472416652734286
0.8306349957957342
0.6218149330182969
0.8113826678706788
0.9211649381992002
0.5861412434311095
-0.7009902540591342
0.2377906558749705
-0.8054374310641942
-0.86189691971243
-0.6890205270547946
-0.7787564659080306
-0.8012509572824628
-0.847582009260215
-0.9109539739387023
0.5361276322436632
0.7512561345573219
0.8139857361039051
0.9020853248065701
0.9182450711315173
0.9128967293865031
0.9400961838588717
0.8999335322699635
0.880021598126667
0.922351038801966
-0.325589346039842
0.2723430581994992
0.6364390859546876
0.8000867972670216
0.4244744285531701
0.6319924792330629
0.1344606930037655
0.4094542979647129
0.8509510626206258
0.6398517100455572
0.717576570028164
0.09685176779469251
0.6428015075615745
0.8740352947967538
-0.25259260692758856
0.7536166131542177
0.8938334160987353
0.8734913258254937
0.8462170574637211
-0.5705537162696885
0.7238965890913618
0.7910642937078589
-0.5064639840606442
-0.5094380142817787
-0.6750508986624353
0.1809675622604714
-0.7863470425737289
-0.768451140954191
-0.6983668074826131
-0.2752586160648869
0.7368858169251822
0.8638413632582536
0.9210144404168537
0.832100529784213
-0.4378728916360246
0.7940051081802877
-0.30596591045828814
-0.8043892642247659
0.3089449459843583
0.609178051116555
0.7026668272965662
0.280949577431838
0.6010081598698047
-0.6560881413124341
0.6792088415279345
0.8807876163654758
0.6968167940515775
0.772841898127901
0.8253191252696972
0.8537191016839141
0.025983025582235753
0.6508796088159547
0.7682713815362074
0.8164746210362814
0.9039919429979397
0.8898814392629073
-0.04528870495458848
-0.7248736221429265
0.5407042975521481
-0.6740270534942807
-0.8658533456245184
0.28801638524365814
0.7354158719081076
0.9077819099477988
-0.26994933612313554
-0.7977313737251613
-0.8341899932831344
-0.8406850235878522
-0.9155353701059632
-0.7917194196523661
-0.8228886219326497
-0.8367996156178857
-0.9256884302445499
-0.9602624784995487
0.27205209583975876
0.6362393530898123
0.7761182286738553
0.3274849983125019
-0.8074980944800662
-0.817370605091161
-0.8888230180122041
0.5463816485750246
0.6710267734415658
-0.6261003782179255
-0.25175998596334126
0.7941912580128929
0.8574681216187279
0.8623463714585196
0.6924081073296451
0.3197997123757732
0.7264709454174336
0.8031029735649757
0.036027801062975096
-0.773907171082292
-0.7758900673923382
0.5109456337676543
0.7395588628749326
0.8318575744064662
-0.2684089519420676
-0.4331274487545489
0.7543635975061491
0.8381189677735148
0.855344315051199
-0.39558593484525795
-0.827178862949531
-0.4614944575666353
0.43283006142666425
-0.7393476427697567
-0.7896908382274989
-0.8520951916970978
-0.9334339857312357
-0.7238403044117364
0.27292290517374074
0.7299086337226242
0.09484017507846487
0.7009391244661405
0.8122605634057978
0.8337252827241981
0.8730573259524754
0.8732100643322394
0.9118047825666213
0.8948573328221867
0.33822005986772297
-0.802203791705364
-0.9128785381087317
-0.2067488444324741
-0.597752932164765
-0.5218877879313089
0.6972748197460032
0.7916724734311682
0.8815048419225344
0.8724536026953995
0.909813785561028
-0.5513787102814602
0.7552852161314756
0.6020629705638401
-0.2536206331773896
0.6235748253397695
0.11609953618216795
0.628715082221615
-0.7349854687440883
-0.7741000731853257
0.47038111535515803
0.03108727076202311
-0.7367722840610694
-0.6927882925456177
-0.3781776275400537
-0.820502556805909
0.011702306079837577
-0.7336509495506869
-0.8881708220335176
-0.9419383134294447
-0.9157700931183473
-0.9552931759501945
-0.574561141347395
-0.7222284259954641
-0.8943864843912528
-0.8892646024816407
0.5229337117442028
-0.6507969168153063
0.6142813765827562
-0.45686818467164336
-0.8428637835913606
-0.18760420830354252
0.8017232167160238
0.8313931833971573
0.8608493168291651
0.9212257699310946
0.9107481193292108
0.9025557401939643
-0.5042650589870159
0.6201915460079062
-0.6642202725598738
-0.2009586156933021
-0.6760540589145249
-0.8963709932217968
-0.01632718087977092
0.760206260202057
0.8985780779865395
0.9186414491176116
0.4747919735328856
0.05017508383823954
0.8049133332650702
0.8053747180971635
0.9002435788436909
0.7546154130526581
-0.17723158240322823
-0.7240717677726423
-0.17640348790461724
-0.02342148999967697
0.6508782706592844
-0.6354827828319125
-0.8138084237687159
-0.8746682708871105
-0.939886754401275
-0.8468473286253185
0.10024922946379755
0.7398695454110085
0.8833221582337178
-0.05408744141381905
0.5295180466009213
0.7811321369925652
-0.36839956063738843
0.7025161557322805
0.7987688438415161
0.6511617264640766
0.870590209925346
0.2740426932965452
-0.8086148548143728
-0.9050911619284302
-0.8651057401087383
-0.9032674326999506
-0.45344483942223546
-0.7737791411704245
0.1966820443224957
0.501194804047056
0.1305267080556236
0.7474158856369089
0.8598499671491724
-0.5820003396206832
-0.6941072847206385
0.6865412961187936
-0.40653879813058946
-0.8256394112706389
-0.9312493072129436
-0.9434650301685189
-0.913521379106641
-0.9280143393048158
0.3364817250194021
-0.7844526372332312
-0.3482427074172165
-0.45796944801016926
0.7027601938391932
0.5890469468271657
0.6913068034290846
0.6000739729045437
-0.04007115945631834
0.16779244312538721
-0.15405180769881133
0.41881529996960487
0.6584416954048598
0.7398297983256663
0.5239551967489642
0.6494664793821636
0.8488058307492068
-0.3841755341675084
0.569720425798725
-0.6882165154535208
-0.21013833830588347
0.7288989047560999
0.8146654957530655
0.8373096124703316
0.8704226966919504
0.010452203796788462
0.8156505221709112
-0.1753176901849034
-0.17774018839866756
-0.6735766182297774
0.510197689734301
0.677336249809505
0.0025925530247346007
0.6860276687700866
0.7618552346941896
0.843951412409313
0.9263515688642103
0.8449209320337436
0.8507572611104326
-0.575272395587613
-0.7222056891770046
-0.783382247481522
-0.302134718428142
-0.808391361568983
0.4896209630235
-0.6566686999717839
-0.7333434039601452
-0.8145081235952294
-0.36211958815955225
0.7250748932177951
0.3262648572239675
0.5843081994610535
0.7178164014216755
0.3466014165414091
0.5687385724282414
0.13226968840262954
-0.450889397327946
-0.8415411264435559
0.572185282379646
0.8020246553488133
0.8387865357435573
0.8600103973445767
-0.4430507859331725
0.779744226416033
-0.5129482223319275
-0.785269355989767
0.4928599438277894
-0.7780278813695916
-0.9119732460965492
-0.42544047950176256
-0.22001585565578852
0.07311089245279034
0.6581463501881721
0.797574630172861
0.8913967905342437
0.8660157138302709
0.9057188827997638
0.9066529073827221
0.9113542272018855
0.9141859967530315
-0.043115531127985385
0.7016780156857658
-0.5105412176022948
-0.6599334123437826
-0.8741962075620546
-0.8719332527577304
-0.8770409665417386
-0.9083151252026502
-0.8805387778871582
-0.621175733334075
0.017540417540284903
-0.5897050005635789
-0.7377971034152183
-0.7859194332076436
-0.9158961904657934
-0.8116013960512888
-0.7627350112490295
0.538265987518805
-0.8028858719880544
-0.8348825550524647
-0.9122807846064875
-0.902731655316457
0.26581246221959276
0.6468242219872273
0.8488736760868201
0.7455917569924893
-0.5540970908347903
-0.7212037377704724
0.6489411536388388
0.7441151054343984
-0.07431966123269573
-0.733224398396683
-0.5183228412184933
-0.7070497762374344
-0.17766117130203618
-0.6985824775602328
-0.8933495394830642
-0.6295444709341741
-0.7170905709558419
-0.3229090174673328
0.7544909346762712
0.8723433687946662
-0.450260879313918
-0.7050836404937456
-0.7605269582705818
0.5905356802735184
0.8347549808781629
0.8123549810682591
-0.0990069289638369
-0.09180374148541426
0.7365277704093733
0.9001586905253771
0.14868268838138254
0.5510451643332539
0.7390680842500301
-0.5550839377121183
-0.8645424653075496
0.5523501534990389
-0.6705758739641638
0.602660556860906
-0.732727515412956
-0.17869468239796005
0.7357448629698129
0.8020983808078483
0.82442268084439
-0.3190356978468283
-0.7504991833649244
0.11926375723538873
0.6430379776480755
0.5085300221854303
0.49440804307574515
0.700920663764109
0.7847019730091245
0.8156841867944209
-0.4067285644931018
-0.6123743099112074
0.6850663756585234
-0.21550843028851618
-0.7715435526713427
-0.6200724781262887
0.3271712610883002
0.251027388983347
0.5822082402220077
0.8656371871617647
-0.5855768844804976
-0.6918887726401046
-0.766736785805715
-0.005709804608405422
-0.7569066618778059
-0.8638482188308173
0.5680920141907762
0.7135305378958972
0.46394209964892363
0.32839521084368606
0.657048052775544
-0.7043382018429336
-0.6264570848025196
-0.8745568643668344
-0.20459079714548323
0.7891397111350762
0.8184373819044257
-0.26629325782562874
0.3807391948247598
0.6808933934862691
0.772489488642087
0.8281487744048448
0.7546315903652894
0.7938729362930519
0.6196757053096245
-0.2244099666491579
-0.6059253618044377
-0.5271347161898858
0.7382061553756838
0.8411707741637842
-0.35734639358160014
0.7223563428431623
0.630106919025669
-0.3833521304692562
0.8321052729211345
0.9237826205872701
-0.22382694659806313
-0.7893867025744231
-0.5170389731300167
-0.7477442106675547
0.6189884735654365
-0.15154388046358114
0.6645490421671623
0.7994429421158178
-0.5030843069477644
0.6791400238041203
0.7612891660724155
0.7978604100896667
-0.001933425655949783
-0.7360206121370501
0.6273221132096385
0.7235882084566168
0.7792417696850769
0.9083192857401778
0.8517097462999854
-0.5267632461082212
0.5141896726200113
0.6526458244175926
0.8216318685148245
0.8459315894520407
-0.4767756404886543
-0.7688089723443707
-0.8803621359470242
-0.9176402278373302
-0.5890965478288189
-0.6895864246192807
0.6914456126028172
0.775513164661429
-0.09985583303758605
-0.6766266349173227
-0.19080468321189148
0.7241623904730501
0.8135264668844431
0.8550242627437048
0.8943360267919327
0.7533535479956144
-0.6719148569880816
-0.7623647048552168
0.6157090017287778
0.8668013189021497
-0.1909914394283525
0.7766855034944502
0.827235267085217
0.8390107632084649
-0.10503515902364668
-0.5681693944792422
-0.7339868540088571
-0.8930060424823791
0.508205760448369
-0.8164473489237041
-0.6205264055971099
0.6296184258721946
0.731340474625922
0.8305197118293219
0.8640105103089173
0.9318268509011309
0.9403354027458652
0.43592208041338054
0.6519533865954301
-0.47446179415623946
-0.7777033142238386
0.0391726618259316
0.7127733716524149
0.7667682337638668
0.9065283313419741
-0.16847820940231384
0.7670303191879553
0.8094722009214919
0.8284221126280178
0.04957268706212181
-0.726918759292191
-0.8357595878436727
-0.8672637682891471
-0.38878900652704274
-0.6079793157177734
-0.7071047523206206
0.5442754891639949
-0.7477674667025274
-0.8892472742786358
-0.887844957372994
-0.8935050870117025
-0.3122800425728638
0.7754248009625391
0.8509646759005309
0.5968899336460511
0.7071534318518418
0.6517353134840804
-0.18304841533796945
0.551756835221608
-0.6215038856781566
0.5028735264397697
0.7260057552243455
0.1072411349104152
-0.6446893369474348
-0.8925492977252107
0.45160817035897516
0.6145528166772194
0.7139848941586933
0.8932619892754254
-0.3360846960809043
0.7477797978461815
0.9087337005075198
0.08155105398453344
-0.3490439358526054
-0.6601022643472861
-0.37268871280336335
-0.6179703299071976
-0.8781745403392
0.1394643619600402
0.6349430693944211
0.7598498487098966
0.7028292378330883
0.7629770539346472
-0.6590511982809997
-0.7586659905675435
-0.276490362894221
-0.6215113939759273
-0.7466499630516731
-0.8303576786073217
-0.5496668403009717
0.7163461847005266
0.22450900834947163
-0.7915851023078158
-0.6767721209675311
0.0010967516373070474
-0.6405866850801196
0.4531133234748741
-0.8154974338773292
-0.8442747466991567
-0.9001650726902676
-0.943833304227145
-0.9467509506498408
-0.9056452152229839
-0.8959578192796714
-0.9523507576412058
-0.9189873967677825
-0.9592379672064616
-0.9308410811742635
-0.9217197095509508
-0.9191157912738438
-0.19709693337708356
-0.708256128051428
-0.796101873961004
-0.8471903226012384
-0.6312090816139253
-0.7197518325707221
-0.8795651755267462
0.20609261241385957
0.7554751197509852
0.3959761752830029
0.5515576210425919
0.6849118067340325
-0.4626211288086979
-0.839499662162166
-0.8239004815661036
-0.8459541702875685
-0.058799911870354826
-0.6497925734358869
-0.7437082022715106
0.11470391975752992
0.2289032262016395
0.7995031164135851
-0.5883647656627471
-0.8293270831898854
-0.9226904322822508
-0.9534207170192034
-0.5732104349862824
0.654103324391675
-0.6189390277359792
0.16482690262116528
0.7481323371233009
-0.6777862177651569
-0.8784895792183524
-0.9002179781429137
-0.9479598058251938
-0.005176089557410446
0.8172653820271543
0.8571400808812837
0.8857475002717914
0.9060676740916578
0.9169097478025652
0.8896299882744301
0.8778421867022463
0.8927569347909987
0.900271665692371
0.14687148096898506
0.2028337588093574
0.6432362573288977
0.8244619693367095
0.4519271050980427
0.6765418848610003
-0.022508602941484934
-0.7480184556322697
-0.037204379402798304
-0.7144666083404414
0.3241158129559778
-0.8256667759469862
0.6007241417863973
0.7120099698876063
0.2916562827658218
0.5846482658147178
0.7549443178593038
-0.301796207328731
-0.8108959368121039
-0.9054278498794542
-0.6429631586313034
0.5155804528416987
-0.2832080450156018
0.8256348936666718
0.8462000551251463
0.8507933449269713
0.9091361442015513
0.8821447738078323
-0.5246616118177649
0.7911863446596494
-0.6256158943992775
0.6874302936484087
-0.5308070413938968
-0.8379471701868894
-0.07404819061459311
0.7268732484749956
0.8691758381786499
-0.4024118972695414
0.6380248126762695
-0.45185597087056184
-0.840645607860859
-0.8622373656608416
0.2015272824926193
0.5555358298438784
-0.6883383242820195
0.44732196444013184
-0.5322129602734265
-0.5753114367566328
0.7286195530903834
0.651043970024948
0.770644756864455
0.8920723706438443
0.899417778883814
-0.5077426611987261
-0.8441138203740656
-0.3295032236550486
-0.6776965849806292
-0.8295423125103296
-0.14186074573353613
0.7915375177103927
0.8058406785143557
0.03302425706787493
0.4358073250777714
0.6894139141506441
0.5712942426448895
0.6807911995736031
-0.4994356497431378
-0.8470408589221302
0.5286198998242306
-0.6223951770430366
-0.7735509130812507
-0.8961276704998249
-0.8560026842880528
-0.5659817875978024
-0.8259016513362165
-0.4247276284847785
0.8002439778154407
0.8506024849907612
0.21511820653032987
-0.31298064402371306
-0.6189681937306016
0.5222674002142966
0.6557591085922674
0.6855218040926174
0.8676892377541483
-0.5510876521782968
-0.7029560053019657
0.1688702191240341
0.2591404574671985
-0.7659449666079596
-0.8510112462629223
-0.7828273237322834
-0.8227502999717792
-0.8935852465775064
-0.13094310261709885
-0.7068950491691787
0.5158495521870226
0.6568036105386579
0.742851291177868
-0.34993149001470325
-0.6013063002558161
0.6903808056732514
-0.14498266880143684
-0.626341201182616
-0.8800798932316798
-0.1961044362826223
-0.7873626329924768
-0.15478908507201639
0.272371821632742
0.7001176601665184
0.7626516032660238
-0.6718499363256439
0.6966551861694192
-0.5934279160895266
-0.04552014397095605
0.6789878676818231
0.779653798595191
0.8462151293437374
0.5441234596534241
-0.6962073060313674
-0.8589663942512494
0.5595693318004278
0.7069512957406956
0.9006853238558845
0.8730910322580994
0.8701701766904781
0.872649061787103
0.19391276949205505
0.7408739230673222
0.7250630492556112
-0.668090306854043
0.3555149141074523
-0.3956025100087719
-0.21324147376950275
-0.7952663144116769
-0.8845714105558814
-0.8896037285124699
-0.8826432970129904
-0.8851930751948425
0.06639367376928162
-0.7529181374358588
-0.7939369153963484
-0.873676460791373
-0.861335483607555
-0.12038342708807126
0.704031724932737
0.8323718653849386
-0.484005130503423
-0.6436129947314551
-0.8195587151653245
-0.8612734134036771
-0.8379317987457431
0.03814227503992185
-0.6706513979569825
-0.8636549924019965
-0.8487819630628398
-0.8044473657639801
0.2441772061698022
0.6146082137371267
0.5565608107392754
0.6795396906516711
-0.4169512382111118
0.3908013182291281
-0.5093072533494702
0.7194878890884149
0.9018965150791614
0.8757088966934332
0.8680698430468596
0.3692421297752928
0.6413692272522606
-0.6883421420110015
0.06804215139624059
-0.7384560047733618
-0.7276363191931104
-0.8962458613402203
-0.8869039282837451
-0.91245011098328
-0.05691790152420695
0.5244934153071625
0.7164516551804097
0.7985571421734607
0.8486202587213736
0.1926594420521932
0.6597355636613846
0.7485525753319631
0.8750081365885016
0.49222662687843766
0.659312299386944
0.8131985978144716
0.3155048927150199
0.7578940487144319
-0.2760007256752519
0.8032161197766468
0.9150102888571774
0.2776495831100434
-0.2978774440828875
0.710178909057658
-0.23348809082219035
-0.6521693488975443
0.3788438174753985
-0.8000186508866873
-0.7352692889854733
-0.7799087894041161
-0.1115930178261868
0.7948848007805847
0.3772194800914124
-0.7857815631637652
-0.9020127599803047
-0.06894382670124788
0.7799439867073699
0.8010934056835906
0.9181066111923579
-0.1292133204267234
-0.7704241787366816
-0.8016873640275473
-0.899640790731675
-0.9520145741273242
0.32634808592449005
0.4995545984561929
0.6617158530558407
0.8827786188105637
-0.1248000447016615
0.7644854281084008
0.8295131847379245
0.8431414051224189
0.8988572350186286
-0.49495743086759614
0.6821278526370769
-0.6431073943007183
-0.816508209965018
-0.5419856247426327
0.7427282671810969
-0.09717010709990648
-0.720982501445944
-0.525932908282442
0.7560352253804035
0.6147512594540157
0.6986863468648239
0.754754980607347
0.7965405459059842
0.17983855592621212
0.6792255882944351
0.8767662548113462
0.8551304092960748
-0.4822868257119661
-0.6431102847324546
-0.8306155632129504
-0.9031103912691312
0.25168530422001156
0.5795030257737013
-0.03152652896099872
0.7290083631090547
0.8725578509003715
0.8761084545854461
-0.3532385516338594
0.520173630814778
-0.6436336534812716
-0.8665684158386333
-0.8564949384475619
-0.8918154665861595
-0.9344724248428642
-0.9537412909171527
-0.9640165832626102
-0.9259143708154535
0.12273291772538442
-0.7946632345298501
-0.8667755657456667
0.5171730321673809
-0.8116731044452927
-0.30992998470253474
-0.7447357019765172
-0.8850127728135887
-0.805815384641149
0.5996208580622149
0.70833582950518
-0.5600830861786763
-0.06074689461326277
0.751428130831469
0.8968339415166824
0.856869085390553
0.8666911567291256
-0.047347742155121164
-0.6968396519850836
0.5866111683160544
0.3564691318013773
0.6422018391999211
-0.609270235965893
-0.795433388458027
0.46231052909112424
-0.19372954299566292
0.34934474952555905
-0.7812600806282675
-0.841785537106596
-0.16565020402118313
0.6093975908471423
0.7381057343017932
0.7920018474169868
0.8303625825334384
-0.1459960098886297
0.7251137417608002
0.25913493314309255
0.5324853454147696
-0.44211049084804044
-0.7314476427808893
-0.8125123305143206
-0.8174790390070076
-0.1849922016202581
-0.6664554736216693
0.21117693559816608
-0.6669538094951392
-0.770393837902981
0.6420308315206644
0.8432404543629741
0.8567670366573639
0.8659730338622205
0.4183028475316706
-0.7517300601424737
-0.8967363024393694
-0.9243968663012604
-0.935361588521569
-0.8064233105815584
-0.5543676063071691
-0.8623284664959354
0.5116710572040888
-0.20229797644594116
-0.7541017438281302
0.5727348793239071
-0.702121348391416
-0.8906791077180257
-0.8797546014732275
-0.8738796436565488
-0.8951781207011458
-0.9336996302906432
-0.9637128751921206
0.4555605243449232
-0.6844327969661332
0.0789661296370554
-0.36224572272116573
0.6728831431852824
0.6000935831339853
0.4601467137551327
0.6955359568232633
0.7625105414054691
0.8730680620351801
0.5074230391556545
-0.6685164279414612
-0.44479543922269604
0.4989226468487775
-0.6506007722258188
-0.34312702304866427
-0.3222109564261999
-0.7281507938881409
0.6083204609748787
0.7161445207632111
0.7748701323614977
0.07515951623068662
0.7919741707902195
0.8319147087265222
0.8703211423751118
0.8602936652180841
0.9259077876765218
-0.2921905068706814
0.7219381916858731
-0.54830437366993
0.5834495380252394
0.7038595253634932
-0.5801716451124582
0.05189021797746518
-0.10515862327503944
-0.7200725273487694
-0.8153644405760941
-0.7076878598000603
0.3102117938381399
-0.8385920777993792
0.5700557101889112
-0.7632482287655449
0.6463349595175547
0.8833004651606546
0.5237148881058422
-0.8159165774895902
-0.896253140834856
-0.005988423894502493
-0.700797968583943
-0.7605543269885704
-0.09236661725144635
0.06694839773849193
0.5875542218314043
-0.3177431582977355
-0.611084345923227
0.5477368077592524
-0.041246613631036766
0.6873457222653041
0.6347941948492024
-0.2770955701608955
-0.6189926242627523
0.7030795243979724
-0.47612108419404464
-0.6349048155876048
-0.7685031624972173
-0.861631211005129
-0.8725080121068419
-0.9356232902633321
-0.8810320140925276
-0.8717621295705222
0.3077369804221737
0.802274057877367
-0.32207717759854404
-0.7167972551428416
-0.8192851058659766
-0.7920222803145894
-0.9216636245714247
-0.5773243035789397
-0.8182783448555059
0.03531611124073075
-0.729726357270411
0.6166062193683493
0.7143955534141821
0.23988520637919164
-0.7871363952417618
-0.8300892551571297
-0.9280243441286218
-0.9317785101981131
-0.9454155413129024
-0.9153750317848772
-0.8918162944755287
-0.8797527343202318
-0.9469089918029208
-0.9306176016404594
-0.5984602315227345
-0.7229168597511024
0.4595712913672334
0.6411133483610332
-0.75696257243084
0.12691985659258553
0.6394169002275638
-0.6642978246035546
-0.3292135306652715
0.7394683793041721
-0.12121349216937638
-0.7575021467774553
0.29528616259010665
0.7947093124122375
-0.40731868728931353
0.8207870070952437
0.8382077072079488
-0.41914984464248795
-0.6316744291776069
-0.7453101268661194
-0.8575723430547366
-0.8839948659750522
-0.854046793585147
-0.12543070749876417
-0.6541545962084101
0.6064291876263628
0.830137660353576
0.8446345451323518
0.07250535360284993
0.6573852110253147
-0.3101491145764259
0.7109211886892202
