2
1
2
0.5206384062767028809 -0.4754781126976013184 0.0001220964622916654 -59.4657135009765625000
-0.5245447158813476562 -1.2803468704223632812 -0.0000385888743039686 -160.1595153808593750000
0.7853705883026123047 0.1572296023368835449 0.0003697226638905704 19.7005748748779296875
0.9281382560729980469 -1.9738321304321289062 -0.0013067738618701696 -247.0195465087890625000
1.7234121561050415039 1.7228206396102905273 -0.0000059818012232427 -15.3088626861572265625
-0.2099682986736297607 -0.4501731395721435547 -0.0003384438168723136 -56.3415145874023437500
-0.5051798224449157715 -0.5031641721725463867 -0.0000362855316780042 130.6266479492187500000
-1.1111464500427246094 -1.1124382019042968750 -0.0041012694127857685 -22.1736125946044921875
-1.3530998229980468750 -1.3535988330841064453 -0.0000250492594204843 52.5044593811035156250
0.0597722120583057404 0.0601941980421543121 -0.0004437505267560482 -167.3363647460937500000
0.1231976971030235291 0.1233277991414070129 -0.0001181687985081226 -125.6393661499023437500
-1.1347930431365966797 -1.1361218690872192383 0.0000374143492081203 190.3847961425781250000
-0.0378518216311931610 -0.0349746197462081909 -0.0017168867634609342 9.4995689392089843750
0.8317555189132690430 0.8309835791587829590 -0.0004791280080098659 0.6295751333236694336
0.0873783528804779053 0.0882379785180091858 0.0000732391126803122 -152.1150054931640625000
-0.4409814178943634033 -0.4384640157222747803 -0.0004864059446845204 44.5271148681640625000
-0.7943861484527587891 -0.7949530482292175293 0.0010370959062129259 71.8004226684570312500
-0.6879712343215942383 -0.6868324875831604004 -0.0003470647789072245 77.0388946533203125000
-1.0963466167449951172 -1.0976097583770751953 0.0000023173258796305 -137.2976379394531250000
-0.0538149252533912659 -0.0518824644386768341 -0.0002806539414450526 -6.5149517059326171875
-1.6040548086166381836 -1.6022442579269409180 -0.0000342782477673609 -200.4246520996093750000
-0.3359020054340362549 -0.3335177600383758545 -0.0000109975289888098 -41.7200622558593750000
0.8659217357635498047 0.8640401363372802734 0.0012854791712015867 108.1959457397460937500
-0.6410701870918273926 -0.6409353017807006836 0.0014819990610703826 -80.0409240722656250000
0.9614920616149902344 0.9616065621376037598 -0.0008042526897042990 120.2136154174804687500
-0.6694760918617248535 -0.6693816781044006348 0.0012847388861700892 -83.6168518066406250000
-1.3603391647338867188 -1.3608086109161376953 -0.0002111030480591580 -170.2397308349609375000
0.1829150766134262085 0.1831465065479278564 0.0000726834769011475 22.9159317016601562500
0.0374495200812816620 0.0387395173311233521 -0.0000916202843654901 4.8376641273498535156
0.9810174107551574707 0.9802801012992858887 0.0005471215117722750 122.6702041625976562500
0.7700368165969848633 0.7693322300910949707 -0.0008841626695357263 96.1552581787109375000
-1.1869879961013793945 -1.1880116462707519531 -0.0003690286830533296 -148.6390075683593750000
1.5880954265594482422 1.5897283554077148438 -0.0008096272940747440 198.7836608886718750000
-0.4017673134803771973 -0.4013585746288299561 0.0026134834624826908 -49.9716453552246093750
-2.1660144329071044922 -2.1587266921997070312 0.0001579640666022897 -270.0167541503906250000
0.1336537748575210571 0.1334401071071624756 0.0011528263567015529 16.7947635650634765625
0.4433193802833557129 0.4430457651615142822 -0.0012683239765465260 55.3064041137695312500
-0.1996583193540573120 -0.1973888725042343140 0.0000035358084460313 -24.6906700134277343750
1.2658647298812866211 1.2666350603103637695 0.0006247665151022375 158.4967193603515625000
1.4810315370559692383 1.4838911294937133789 -0.0019595411140471697 185.4419555664062500000
1.3916890621185302734 1.3933115005493164062 -0.0001497094926889986 174.2732238769531250000
0.2745956480503082275 0.2744562327861785889 -0.0002351592993363738 34.3101806640625000000
0.0604966543614864349 0.0610157363116741180 0.0007888169493526220 7.7028183937072753906
0.7379126548767089844 0.7365909218788146973 -0.0001415128208464012 92.1260681152343750000
0.5122234225273132324 0.5105131268501281738 0.0004308444622438401 63.8975830078125000000
-0.2837069034576416016 -0.2817189097404479980 0.0005573368398472667 -35.1898689270019531250
-1.2613742351531982422 -1.2610319852828979492 -0.0020454416517168283 -157.9227752685546875000
0.1022852212190628052 0.1046762242913246155 -0.0022056547459214926 12.8966712951660156250
1.1794824600219726562 1.1803596019744873047 -0.0000814755258033983 147.6416015625000000000
0.1335002779960632324 0.1343042105436325073 -0.0002703833451960236 16.7756900787353515625
0.2164954841136932373 0.2165967375040054321 -0.0000542914094694424 27.0888080596923828125
1.5209071636199951172 1.5219557285308837891 0.0004266350879333913 190.4165802001953125000
0.7982267141342163086 0.7965496182441711426 0.0006073487456887960 99.6930847167968750000
0.9598238468170166016 0.9604671597480773926 -0.0015581409679725766 120.0037384033203125000
-0.0056452588178217411 -0.0034750874619930983 -0.0009709753794595599 -0.5214471817016601562
0.3235822021961212158 0.3233069777488708496 -0.0004523977113422006 40.4014167785644531250
-1.0822491645812988281 -1.0833131074905395508 -0.0002410601300653070 -135.5310516357421875000
-0.6905137896537780762 -0.6896477937698364258 0.0000112097668534261 -86.2656936645507812500
-1.9612355232238769531 -1.9548841714859008789 -0.0001169242314063013 -244.5430755615234375000
-0.3424692153930664062 -0.3422551453113555908 0.0030193587299436331 -42.5422477722167968750
-0.0994505360722541809 -0.0971536636352539062 -0.0004963720566593111 -12.1971111297607421875
1.0050705671310424805 1.0026588439941406250 0.0030914491508156061 125.6968460083007812500
-0.1463922858238220215 -0.1438219994306564331 -0.0006288760341703892 -18.0466003417968750000
0.0945069566369056702 0.0954251810908317566 -0.0000731479885871522 11.9300127029418945312
-0.0261732470244169235 -0.0245140064507722855 -0.0000980086842901073 -3.0751659870147705078
0.4669734835624694824 0.4657074511051177979 -0.0000005734854084949 58.2543792724609375000
0.0680472850799560547 0.0687499493360519409 0.0004653923097066581 8.6413784027099609375
0.9456804394721984863 0.9451540112495422363 -0.0000329174508806318 118.2245254516601562500
0.6298746466636657715 0.6281960606575012207 0.0001748881186358631 78.5954437255859375000
0.2024864554405212402 0.2030795365571975708 -0.0006144145154394209 25.3479232788085937500
0.8746908307075500488 0.8738587498664855957 -0.0001256190589629114 109.2980499267578125000
0.1193246319890022278 0.1206333637237548828 -0.0008464010315947235 15.0141658782958984375
0.5627125501632690430 0.5621212124824523926 -0.0012782969279214740 70.2004241943359375000
0.1659005433320999146 0.1660970300436019897 0.0002794588217511773 20.8017234802246093750
-0.8901270031929016113 -0.8901559114456176758 -0.0005689286044798791 -111.3986892700195312500
-0.1929718106985092163 -0.1910863816738128662 0.0005191504023969173 -23.8562355041503906250
-0.2030614465475082397 -0.2012517601251602173 0.0006579144392162561 -25.1154060363769531250
0.7727266550064086914 0.7716781497001647949 -0.0003912255051545799 96.4927520751953125000
0.5359708666801452637 0.5344253182411193848 0.0001236971729667857 66.8612670898437500000
-1.3029972314834594727 -1.3037533760070800781 -0.0002673618728294969 -163.1078338623046875000
-0.3570494949817657471 -0.3545239567756652832 -0.0002391855232417583 -44.3680725097656250000
1.9133145809173583984 1.9112952947616577148 -0.0003042506868951023 239.0530090332031250000
-1.4987822771072387695 -1.4983420372009277344 0.0001832863199524581 -187.4082794189453125000
1.1442912817001342773 1.1448862552642822266 0.0000449831095465925 143.2155914306640625000
-0.4213238954544067383 -0.4193230569362640381 0.0003166289534419775 -52.4240074157714843750
-1.5475105047225952148 -1.5448060035705566406 -0.0022370016667991877 -193.4366302490234375000
-0.1350765973329544067 -0.1330764889717102051 0.0001142933397204615 -16.6360645294189453125
1.8887135982513427734 1.8867268562316894531 0.0001055062020896003 236.0163726806640625000
-0.1148409768939018250 -0.1138714030385017395 0.0014501152327284217 -14.1143846511840820312
0.0526579990983009338 0.0540174320340156555 -0.0003193597076460719 6.7283997535705566406
1.6758047342300415039 1.6762814521789550781 -0.0000476571331091691 209.6784973144531250000
-0.0092430626973509789 -0.0071827010251581669 -0.0007890808046795428 -0.9689731597900390625
0.3397461175918579102 0.3386484682559967041 0.0005725736264139414 42.4120292663574218750
-0.2445531040430068970 -0.2424734681844711304 0.0003820289857685566 -30.2963962554931640625
1.0286765098571777344 1.0283950567245483398 0.0003084560739807785 128.6674804687500000000
0.3558586537837982178 0.3558074831962585449 -0.0010140606900677085 44.4166564941406250000
-0.4137550592422485352 -0.4113531410694122314 -0.0002172780077671632 -51.4747657775878906250
0.3663643896579742432 0.3649091720581054688 0.0008750467095524073 45.7239532470703125000
0.1292041838169097900 0.1302255243062973022 -0.0005350912106223404 16.2418460845947265625
0.9792253375053405762 0.9792255163192749023 -0.0005001290701329708 122.4447174072265625000
-1.8168710470199584961 -1.8126274347305297852 0.0004837698361370713 -226.6947937011718750000
1.4545859098434448242 1.4564670324325561523 -0.0005304080550558865 182.1392059326171875000
1.0699754953384399414 1.0701141357421875000 0.0000712579349055886 133.8648376464843750000
0.6943053007125854492 0.6927649974822998047 0.0000477152243547607 86.6608734130859375000
-1.4716819524765014648 -1.4714775085449218750 0.0001296712289331481 -184.0526428222656250000
0.6810513138771057129 0.6786839962005615234 0.0011813481105491519 85.0008010864257812500
-0.3268095254898071289 -0.3246231079101562500 0.0002746990649029613 -40.5819282531738281250
-1.8305178880691528320 -1.8253787755966186523 -0.0005242874030955136 -228.3798980712890625000
-0.1531927138566970825 -0.1510432064533233643 -0.0000083427739809849 -18.8944435119628906250
-0.6421968340873718262 -0.6417054533958435059 0.0009730607853271067 -80.1827392578125000000
0.6664562821388244629 0.6643175482749938965 0.0008409663569182158 83.1733169555664062500
-0.4396198093891143799 -0.4394677281379699707 0.0028309503104537725 -54.7192153930664062500
-0.6059399247169494629 -0.6045024394989013672 -0.0000423561250499915 -75.6198043823242187500
-1.4057136774063110352 -1.4087855815887451172 0.0038955949712544680 -175.8741607666015625000
-0.4619088172912597656 -0.4594625234603881836 -0.0004842942289542407 -57.5165328979492187500
0.3698079884052276611 0.3689326643943786621 0.0000385044513677713 46.1525039672851562500
-0.2024382352828979492 -0.2001947015523910522 0.0000485726450278889 -25.0376224517822265625
-0.5818889141082763672 -0.5797554254531860352 -0.0008234126726165414 -72.5940322875976562500
-0.3962220847606658936 -0.3943130373954772949 0.0005302289500832558 -49.2764701843261718750
0.3694761991500854492 0.3683316111564636230 0.0004178648523520678 46.1112136840820312500
0.2949766814708709717 0.2946311831474304199 -0.0001200783372041769 36.8441047668457031250
-1.8065302371978759766 -1.8026841878890991211 0.0008519922266714275 -225.4181060791015625000
-0.1770893037319183350 -0.1752912253141403198 0.0005838798824697733 -21.8746662139892578125
0.3436912298202514648 0.3433721363544464111 -0.0005475901416502893 42.9028205871582031250
-1.3954898118972778320 -1.3940407037734985352 -0.0025456089060753584 -174.6052703857421875000
-1.2976698875427246094 -1.2984784841537475586 -0.0002291437704116106 -162.4445953369140625000
-2.1196260452270507812 -2.1120600700378417969 -0.0003369938640389591 -264.2235717773437500000
-1.3474342823028564453 -1.3479214906692504883 -0.0003016820119228214 -168.6358184814453125000
0.3541538417339324951 0.3532625734806060791 0.0001747642963891849 44.2045364379882812500
0.6023952960968017578 0.6007450222969055176 0.0001465562818339095 75.1591110229492187500
-0.7077662944793701172 -0.7067893743515014648 -0.0003050780214834958 -88.4381561279296875000
-1.2761374711990356445 -1.2762966156005859375 -0.0012671966105699539 -159.7626647949218750000
-0.5124571919441223145 -0.5100399851799011230 -0.0007283444283530116 -63.8649749755859375000
1.1568909883499145508 1.1565552949905395508 0.0014462461695075035 144.8004455566406250000
1.1015775203704833984 1.1023446321487426758 -0.0005429711891338229 137.8416137695312500000
-0.8529847860336303711 -0.8535337448120117188 0.0004767377104144543 -106.7242660522460937500
1.0427259206771850586 1.0428905487060546875 -0.0001966257259482518 130.4355621337890625000
1.0748871564865112305 1.0776087045669555664 -0.0035032201558351517 134.4829559326171875000
-0.0100149977952241898 -0.0084812669083476067 -0.0000457838323200122 -1.0649956464767456055
0.5852751135826110840 0.5853049159049987793 -0.0021866112947463989 73.0192642211914062500
0.6284190416336059570 0.6262684464454650879 0.0008358673658221960 78.4133682250976562500
0.8077247738838195801 0.8067094087600708008 -0.0002707714738789946 100.8855056762695312500
0.5272492170333862305 0.5258201360702514648 -0.0000132313998619793 65.7726287841796875000
-0.9826233983039855957 -0.9810496568679809570 -0.0034839464351534843 -123.0288619995117187500
-1.1914813518524169922 -1.1935038566589355469 0.0010368315270170569 -149.2004241943359375000
-0.0174523200839757919 -0.0150184324011206627 -0.0012485875049605966 -1.9901858568191528320
0.0642140358686447144 0.0644637942314147949 0.0011332496069371700 8.1649036407470703125
-0.8568376302719116211 -0.8570932745933532715 0.0000322489868267439 -107.2092361450195312500
0.8227542638778686523 0.8220940828323364258 -0.0006868271157145500 102.7727661132812500000
2.7673726081848144531 2.7716002464294433594 -0.0026219864375889301 346.4597778320312500000
-0.0268536768853664398 -0.0247859451919794083 -0.0006648000562563539 -3.1598243713378906250
2.0520331859588623047 2.0479896068572998047 -0.0000770727274357341 256.1721191406250000000
0.2749758064746856689 0.2747886180877685547 -0.0001715531980153173 34.3574409484863281250
-0.4794017076492309570 -0.4763725996017456055 -0.0013910228153690696 -59.7127990722656250000
0.2547967433929443359 0.2548799216747283936 -0.0003737205697689205 31.8490371704101562500
-1.1142461299896240234 -1.1167541742324829102 0.0017114933580160141 -139.5396728515625000000
-1.1949344873428344727 -1.1945389509201049805 -0.0023424411192536354 -149.6318206787109375000
1.2645411491394042969 1.2693297863006591797 -0.0050080111250281334 158.3305206298828125000
0.2325487881898880005 0.2325028926134109497 0.0000058937639551004 29.0838565826416015625
-0.1336590796709060669 -0.1315004676580429077 -0.0001147509537986480 -16.4593887329101562500
-1.8578372001647949219 -1.8529534339904785156 0.0003142055938951671 -231.7542419433593750000
-1.1921261548995971680 -1.1930125951766967773 -0.0005526873283088207 -149.2809753417968750000
0.3716483414173126221 0.3708784282207489014 -0.0001221020938828588 46.3815422058105468750
-0.3149027824401855469 -0.3122381269931793213 -0.0003875434922520071 -39.0918807983398437500
0.4257673919200897217 0.4246034920215606689 0.0000775790322222747 53.1197471618652343750
0.0147106153890490532 0.0149154150858521461 0.0016172657487913966 2.0102405548095703125
-0.2447349429130554199 -0.2425740510225296021 0.0002685993094928563 -30.3191127777099609375
-0.6426600813865661621 -0.6416141986846923828 0.0001925905089592561 -80.2410507202148437500
0.1355074048042297363 0.1360834687948226929 0.0000300422470900230 17.0250988006591796875
-0.2961323261260986328 -0.2927162349224090576 -0.0014372828882187605 -36.7437171936035156250
-1.0233101844787597656 -1.0246479511260986328 0.0003686223644763231 -128.1382598876953125000
-0.1911001056432723999 -0.1887742131948471069 -0.0001038885675370693 -23.6226787567138671875
-0.1009795889258384705 -0.0990178659558296204 -0.0000181374398380285 -12.3875703811645507812
-0.2581351101398468018 -0.2538105845451354980 -0.0027390087489038706 -31.9933929443359375000
0.0357892066240310669 0.0366191156208515167 0.0005665848148055375 4.6312370300292968750
-0.3007764816284179688 -0.2977437973022460938 -0.0009000385180115700 -37.3246040344238281250
-0.9238322973251342773 -0.9246534109115600586 0.0002729431726038456 -115.6386947631835937500
1.8954383134841918945 1.8935170173645019531 -0.0001097454878618009 236.8465270996093750000
-2.4187250137329101562 -2.4124147891998291016 -0.0014957472449168563 -301.8978881835937500000
-0.4373795688152313232 -0.4330224990844726562 -0.0030464318115264177 -54.4381332397460937500
0.0762297585606575012 0.0785015001893043518 -0.0018039040733128786 9.6584234237670898438
-0.5970479846000671387 -0.5972729325294494629 0.0023577325046062469 -74.5010299682617187500
0.0569985359907150269 0.0591441877186298370 -0.0014578113332390785 7.2679767608642578125
-0.3926467299461364746 -0.3892095088958740234 -0.0015986908692866564 -48.8282966613769531250
-1.8221784830093383789 -1.8197374343872070312 0.0031031570397317410 -227.3501281738281250000
1.0700148344039916992 1.0700283050537109375 0.0002467879385221750 133.8697967529296875000
0.4638653695583343506 0.4624969959259033203 0.0001578142546350136 57.8669433593750000000
-0.1733610183000564575 -0.1714955568313598633 0.0004749764921143651 -21.4096050262451171875
-0.6756649613380432129 -0.6749090552330017090 0.0003020970907527953 -84.3960494995117187500
1.2086397409439086914 1.2096815109252929688 -0.0001052066290867515 151.3072814941406250000
1.7494714260101318359 1.7491538524627685547 0.0000929724483285099 218.8065185546875000000
-1.8888300657272338867 -1.8832525014877319336 -0.0001334658736595884 -235.5842895507812500000
0.5216728448867797852 0.5202347636222839355 0.0000173765856743557 65.0766983032226562500
0.0912599861621856689 0.0900315567851066589 0.0029615261591970921 11.5264787673950195312
0.7417487502098083496 0.7399771809577941895 0.0005011894972994924 92.6070709228515625000
1.0202987194061279297 1.0192848443984985352 0.0012628929689526558 127.6131744384765625000
0.6680166125297546387 0.6665948629379272461 -0.0001608577440492809 83.3686676025390625000
0.5766925811767578125 0.5752585530281066895 -0.0001245566672878340 71.9468460083007812500
0.2613883316516876221 0.2614690959453582764 -0.0004284257011022419 32.6683769226074218750
-0.9285225868225097656 -0.9292089939117431641 0.0000490884449391160 -116.2285461425781250000
-1.6795322895050048828 -1.6757158041000366211 -0.0014770223060622811 -209.7439727783203125000
0.1377425193786621094 0.1384717077016830444 -0.0002050040347967297 17.3028373718261718750
-2.2897315025329589844 -2.2819509506225585938 -0.0011845999397337437 -285.5506286621093750000
-0.3157368004322052002 -0.3133700788021087646 0.0000292121803795453 -39.1962394714355468750
0.0731902271509170532 0.0740511864423751831 0.0001982277462957427 9.2806291580200195312
0.6603257656097412109 0.6584997177124023438 0.0003966113436035812 82.4058761596679687500
1.0963348150253295898 1.0964790582656860352 0.0002852369507309049 137.1819152832031250000
0.4865613579750061035 0.4860179424285888672 -0.0011016965145245194 60.6965942382812500000
-1.0769158601760864258 -1.0798603296279907227 0.0024069559294730425 -134.8625488281250000000
-0.5531655550003051758 -0.5508612990379333496 -0.0008459057426080108 -68.9817428588867187500
1.1022405624389648438 1.1026344299316406250 -0.0000148232074934640 137.9250488281250000000
-0.8554356694221496582 -0.8553662896156311035 -0.0004105124389752746 -107.0327682495117187500
-0.0803049877285957336 -0.0785347744822502136 0.0001231516071129590 -9.8127565383911132812
-0.1310263872146606445 -0.1288863569498062134 -0.0001021395655698143 -16.1312675476074218750
0.4251661598682403564 0.4239941537380218506 0.0000924552077776752 53.0448570251464843750
-0.4438525438308715820 -0.4415857493877410889 -0.0001481903600506485 -55.2503356933593750000
-0.2870967090129852295 -0.2842731475830078125 -0.0006106725777499378 -35.6137313842773437500
-0.0820674821734428406 -0.0813862085342407227 0.0016588689759373665 -10.0322227478027343750
1.1998994350433349609 1.2008345127105712891 -0.0000161422685778234 150.2085876464843750000
-0.2258922755718231201 -0.2228641510009765625 -0.0009852127404883504 -27.9656677246093750000
1.2533956766128540039 1.2540144920349121094 0.0007677591056562960 156.9308013916015625000
-0.4088298976421356201 -0.4064655601978302002 -0.0001475553435739130 -50.8571624755859375000
-0.7948082089424133301 -0.7947847247123718262 0.0002066464803647250 -99.3995971679687500000
-0.2171732932329177856 -0.2167762964963912964 0.0026763067580759525 -26.8769989013671875000
-0.5432501435279846191 -0.5407568812370300293 -0.0010398728772997856 -67.7351303100585937500
-0.3288719058036804199 -0.3268418908119201660 0.0004918703925795853 -40.8400611877441406250
-1.0159386396408081055 -1.0197542905807495117 0.0038744437042623758 -127.2128829956054687500
-0.2969912290573120117 -0.2951722741127014160 0.0007988690049387515 -36.8511428833007812500
-0.7779109477996826172 -0.7760939002037048340 -0.0021452717483043671 -97.2717437744140625000
-1.6002559661865234375 -1.5984197854995727539 -0.0001363543415209278 -199.9553833007812500000
0.2539114356040954590 0.2538711130619049072 -0.0001929927966557443 31.7389965057373046875
-0.0341372080147266388 -0.0331228077411651611 0.0008638808503746986 -4.0660805702209472656
0.8564867377281188965 0.8554579019546508789 0.0000307141672237776 107.0102996826171875000
1.1741120815277099609 1.1749707460403442383 -0.0000954579008975998 146.9662780761718750000
-0.3942423760890960693 -0.3913704454898834229 -0.0008119750418700278 -49.0283088684082031250
-0.5880884528160095215 -0.5865855813026428223 0.0000107369833131088 -73.3738861083984375000
-0.0325207076966762543 -0.0306915864348411560 -0.0002886315342038870 -3.8649392127990722656
1.7584164142608642578 1.7580232620239257812 0.0000666781561449170 219.9136352539062500000
0.6422247290611267090 0.6407610177993774414 -0.0001231428614119068 80.1405334472656250000
-0.7633985877037048340 -0.7643520832061767578 0.0018708382267504930 -95.4441452026367187500
-0.6006882190704345703 -0.5987901687622070312 -0.0006441271398216486 -74.9590301513671875000
0.8738606572151184082 0.8699244260787963867 0.0042145974002778530 109.1937103271484375000
1.6705408096313476562 1.6717933416366577148 -0.0010728642810136080 209.0254821777343750000
0.6268634796142578125 0.6257902383804321289 -0.0006723791011609137 78.2187957763671875000
0.1079582348465919495 0.1081989631056785583 0.0007529946160502732 13.6016750335693359375
-0.3872475028038024902 -0.3847354650497436523 -0.0002882736735045910 -48.1515617370605468750
-0.4090181887149810791 -0.4061896800994873047 -0.0007980490918271244 -50.8807716369628906250
0.0173391811549663544 0.0191909484565258026 -0.0007100349175743759 2.3371174335479736328
0.0143579617142677307 0.0156818591058254242 0.0000534148966835346 1.9663853645324707031
0.0815897881984710693 0.0829634144902229309 -0.0005943996366113424 10.3246221542358398438
-0.6264009475708007812 -0.6251106858253479004 -0.0000082624355854932 -78.1946105957031250000
-0.4464604854583740234 -0.4451465010643005371 0.0011740927584469318 -55.5775985717773437500
-0.0099817123264074326 -0.0100191468372941017 0.0021535898558795452 -1.0608551502227783203
1.4036452770233154297 1.4051008224487304688 0.0000933520204853266 175.7696380615234375000
-1.4196938276290893555 -1.4204001426696777344 0.0007436454761773348 -177.6086273193359375000
0.1197887957096099854 0.1211013570427894592 -0.0008560316637158394 15.0718460083007812500
-0.0925009325146675110 -0.0898826122283935547 -0.0009881529258564115 -11.3315296173095703125
0.6837126016616821289 0.6809120178222656250 0.0017923327395692468 85.3340911865234375000
-0.2291845828294754028 -0.2269213348627090454 0.0000933363116928376 -28.3768043518066406250
0.0955706089735031128 0.0964330360293388367 -0.0000046672776079504 12.0622024536132812500
-1.5360459089279174805 -1.5349149703979492188 -0.0002167318889405578 -192.0188751220703125000
1.1035367250442504883 1.1029058694839477539 0.0014303229982033372 138.0881347656250000000
-1.2299034595489501953 -1.2325834035873413086 0.0020560196135193110 -153.9977569580078125000
-0.3779221475124359131 -0.3762927949428558350 0.0009715495980344713 -46.9829216003417968750
-1.7390381097793579102 -1.7354625463485717773 -0.0000251937362918397 -217.0878448486328125000
-0.0327778384089469910 -0.0313600078225135803 0.0002890669566113502 -3.8969340324401855469
-0.1995465755462646484 -0.1971848160028457642 -0.0001260767749045044 -24.6767253875732421875
-0.3732848763465881348 -0.3708964288234710693 -0.0000802130089141428 -46.4018745422363281250
-0.2954256534576416016 -0.2929201126098632812 -0.0001626359735382721 -36.6553344726562500000
-0.8758382201194763184 -0.8747432827949523926 -0.0020227592904120684 -109.6006469726562500000
0.5338193774223327637 0.5326039791107177734 -0.0003322787233628333 66.5926971435546875000
0.6767826080322265625 0.6751917600631713867 0.0000876114136190154 84.4662399291992187500
1.2217566967010498047 1.2231124639511108398 -0.0004575753118842840 152.9558410644531250000
-0.3204791545867919922 -0.3190922141075134277 0.0013984491815790534 -39.7896728515625000000
0.2548618018627166748 0.2546145915985107422 0.0000882796593941748 31.8571262359619140625
0.4176817238330841064 0.4169109165668487549 -0.0004244297742843628 52.1126441955566406250
-0.4348974525928497314 -0.4333380162715911865 0.0008806783589534461 -54.1267166137695312500
-2.6197698116302490234 -2.6197905540466308594 -0.0001998184889089316 -327.7222900390625000000
2.3954019546508789062 2.3892827033996582031 -0.0004813262203242630 298.8276672363281250000
-0.1923549771308898926 -0.1902403384447097778 0.0001961575180757791 -23.7792644500732421875
0.0684294775128364563 0.0692556947469711304 0.0002890479227062315 8.6888847351074218750
0.8741288781166076660 0.8732060790061950684 -0.0000023785466964910 109.2274169921875000000
-0.5971000790596008301 -0.5961984992027282715 0.0007802720647305250 -74.5075836181640625000
-0.1763329058885574341 -0.1744746416807174683 0.0004967261920683086 -21.7803115844726562500
1.2389687299728393555 1.2400536537170410156 0.0000298415034194477 155.1185455322265625000
-0.5225226879119873047 -0.5212593078613281250 0.0008225185447372496 -65.1298141479492187500
0.2992409169673919678 0.2974964380264282227 0.0018028069753199816 37.3743286132812500000
1.4813939332962036133 1.4823524951934814453 0.0007010763511061668 185.4871978759765625000
0.7372347712516784668 0.7354488372802734375 0.0005060475668869913 92.0410690307617187500
-1.0397689342498779297 -1.0430313348770141602 0.0029878560453653336 -130.2037811279296875000
-0.9037109017372131348 -0.9037802815437316895 -0.0006226217956282198 -113.1077346801757812500
-0.9394856691360473633 -0.9401596784591674805 -0.0000489555859530810 -117.6071014404296875000
0.1195233538746833801 0.1201600506901741028 0.0000926217107917182 15.0388603210449218750
-0.8007997274398803711 -0.8006004691123962402 -0.0000955809300648980 -100.1540756225585937500
-2.2373409271240234375 -2.2298283576965332031 -0.0003545343060977757 -278.9565429687500000000
0.7704616189002990723 0.7690023779869079590 0.0001740516163408756 96.2085571289062500000
0.6696559786796569824 0.6682366728782653809 -0.0001623690041014925 83.5739135742187500000
1.1299282312393188477 1.1312744617462158203 -0.0011213363613933325 141.4087066650390625000
0.4485064744949340820 0.4473807811737060547 -0.0001033466905937530 55.9527511596679687500
-0.3615125417709350586 -0.3599737882614135742 0.0011340603232383728 -44.9270858764648437500
0.8409612178802490234 0.8379001021385192871 0.0027799571398645639 105.0596694946289062500
-0.5820631384849548340 -0.5803419351577758789 -0.0002474506909493357 -72.6159439086914062500
1.5135130882263183594 1.5159220695495605469 -0.0014447038993239403 189.4946289062500000000
0.3974587917327880859 0.3963418006896972656 0.0001878268813015893 49.5944023132324218750
-1.1106705665588378906 -1.1102683544158935547 -0.0023571550846099854 -139.0919036865234375000
0.1728055179119110107 0.1728225499391555786 0.0004666017484851182 21.6597232818603515625
-1.7371188402175903320 -1.7334667444229125977 -0.0001682336296653375 -216.8509826660156250000
1.2889589071273803711 1.2879102230072021484 0.0032877428457140923 161.3959350585937500000
1.6221410036087036133 1.6223540306091308594 0.0008863516268320382 203.0162963867187500000
-0.3882596492767333984 -0.3864825665950775146 0.0007378923473879695 -48.2784156799316406250
0.2700955569744110107 0.2704681456089019775 -0.0009129860554821789 33.7507553100585937500
-1.4703247547149658203 -1.4701877832412719727 0.0002054423966910690 -183.8845367431640625000
-1.0315395593643188477 -1.0329095125198364258 0.0003748388553503901 -129.1711273193359375000
0.5362918376922607422 0.5346755385398864746 0.0002217906294390559 66.9013290405273437500
-0.3983235955238342285 -0.3955958187580108643 -0.0006224551470950246 -49.5399169921875000000
-0.1979847550392150879 -0.1959089934825897217 0.0002692994021344930 -24.4818096160888671875
-0.0293108075857162476 -0.0276904366910457611 -0.0000201604725589277 -3.4655437469482421875
0.8291402459144592285 0.8321495056152343750 -0.0057880156673491001 103.5748062133789062500
0.9230147600173950195 0.9219385385513305664 0.0005619516596198082 115.3736953735351562500
-0.5403713583946228027 -0.5382308959960937500 -0.0005258331075310707 -67.3732299804687500000
-0.0037107241805642843 -0.0020445736590772867 -0.0002805783296935260 -0.2808209955692291260
-0.5427378416061401367 -0.5409457683563232422 -0.0000546602132089902 -67.6707305908203125000
-1.4307532310485839844 -1.4297997951507568359 -0.0014481249963864684 -178.9802398681640625000
0.8106912970542907715 0.8093247413635253906 0.0002364822721574455 101.2579727172851562500
-0.6569435596466064453 -0.6556665301322937012 -0.0002578083949629217 -82.0390701293945312500
0.3052878975868225098 0.3047504127025604248 0.0000629740607109852 38.1262588500976562500
0.2127819359302520752 0.2120674997568130493 0.0011216014390811324 26.6273212432861328125
-0.8871088624000549316 -0.8873597383499145508 -0.0002330691932002082 -111.0189208984375000000
2.1417243480682373047 2.1365642547607421875 -0.0000412982080888469 267.2549133300781250000
-0.4078477621078491211 -0.4057968556880950928 0.0002945592859759927 -50.7340126037597656250
1.9909789562225341797 1.9871205091476440430 0.0008028136799111962 248.6367340087890625000
-0.3017956912517547607 -0.2996029257774353027 0.0002758905175141990 -37.4520912170410156250
0.9948584437370300293 0.9945683479309082031 0.0000357953795173671 124.4117965698242187500
2.3344070911407470703 2.3272194862365722656 0.0009390529012307525 291.1911926269531250000
1.1730659008026123047 1.1734838485717773438 0.0005141828441992402 146.8347167968750000000
-1.5246136188507080078 -1.5235055685043334961 -0.0003631692088674754 -190.6047821044921875000
0.4918700456619262695 0.4907790124416351318 -0.0003574660804588348 61.3586425781250000000
1.0060219764709472656 1.0056593418121337891 0.0002307149552507326 125.8165664672851562500
0.1551403403282165527 0.1575176715850830078 -0.0026737656444311142 19.4646797180175781250
-1.7389181852340698242 -1.7350207567214965820 -0.0004777236899826676 -217.0730438232421875000
-0.6216734647750854492 -0.6197021007537841797 -0.0009215653408318758 -77.5996551513671875000
1.4143152236938476562 1.4160381555557250977 -0.0002776611072476953 177.1046142578125000000
-1.1649665832519531250 -1.1657569408416748047 -0.0007185540162026882 -145.8864440917968750000
1.6134365797042846680 1.6141970157623291016 0.0001998677616938949 201.9345855712890625000
-0.9543585777282714844 -0.9551837444305419922 0.0000579659281356726 -119.4768829345703125000
-0.4000797867774963379 -0.3965294659137725830 -0.0017794054001569748 -49.7600784301757812500
0.8241537809371948242 0.8226412534713745117 0.0005142739973962307 102.9485321044921875000
0.6993751525878906250 0.6976369023323059082 0.0003354051150381565 87.2959976196289062500
0.4523933827877044678 0.4517823755741119385 -0.0008443425176665187 56.4371299743652343750
0.0001442901993868873 0.0021991000976413488 -0.0008552388171665370 0.1986667364835739136
1.0311347246170043945 1.0312470197677612305 -0.0002220674359705299 128.9768371582031250000
0.5509648323059082031 0.5504071712493896484 -0.0012990104733034968 68.7332839965820312500
2.6748216152191162109 2.6731686592102050781 0.0002319424384040758 334.4021606445312500000
-0.9469069242477416992 -0.9486014842987060547 0.0013268784387037158 -118.5401458740234375000
1.9240840673446655273 1.9221838712692260742 -0.0006723243859596550 240.3821258544921875000
-0.2474227547645568848 -0.2442011833190917969 -0.0012115944409742951 -30.6549015045166015625
1.0148898363113403320 1.0155932903289794922 -0.0011872109025716782 126.9324951171875000000
-0.2997041046619415283 -0.2967999875545501709 -0.0007200634572654963 -37.1904640197753906250
0.1269525736570358276 0.1280716508626937866 -0.0006511295214295387 15.9620532989501953125
-0.6789512634277343750 -0.6788783669471740723 0.0012282432289794087 -84.8098220825195312500
-0.1321100741624832153 -0.1301213949918746948 0.0001152980839833617 -16.2663288116455078125
-0.8516744375228881836 -0.8517596721649169922 -0.0001608434831723571 -106.5593185424804687500
-0.1446105539798736572 -0.1431007385253906250 0.0008473071502521634 -17.8244819641113281250
-0.2856605648994445801 -0.2830995321273803711 -0.0002438091032672673 -35.4341506958007812500
-0.2495063096284866333 -0.2488685250282287598 0.0024092292878776789 -30.9152126312255859375
-1.2938884496688842773 -1.2948261499404907227 -0.0000724417404853739 -161.9737396240234375000
-1.1005558967590332031 -1.1020494699478149414 0.0003159127081744373 -137.8249816894531250000
-0.4384267032146453857 -0.4359581768512725830 -0.0004069985297974199 -54.5695152282714843750
-0.4799610078334808350 -0.4780198335647583008 0.0001290215150220320 -59.7830314636230468750
0.5412412881851196289 0.5398038625717163086 -0.0000423900783061981 67.5192184448242187500
-1.5893779993057250977 -1.5879288911819458008 0.0002176399866584688 -198.6114654541015625000
-0.6079453229904174805 -0.6068729162216186523 0.0004522250092122704 -75.8721389770507812500
-1.6130913496017456055 -1.6118398904800415039 0.0009069383959285915 -201.5408477783203125000
-0.0671937763690948486 -0.0654545277357101440 0.0000809776174719445 -8.1803426742553710938
0.2451783120632171631 0.2441319078207015991 0.0012931684032082558 30.6535243988037109375
0.5338249802589416504 0.5327354669570922852 -0.0005085292505100369 66.5933990478515625000
-0.5264239311218261719 -0.5243527293205261230 -0.0003341211413498968 -65.6201095581054687500
-0.4659903049468994141 -0.4641322493553161621 0.0003188576956745237 -58.0289039611816406250
-1.3361036777496337891 -1.3369051218032836914 0.0000426833648816682 -167.2270202636718750000
1.0208687782287597656 1.0201900005340576172 0.0007983802352100611 127.6849060058593750000
0.4461967647075653076 0.4448298811912536621 0.0002467112790327519 55.6649398803710937500
0.2355889528989791870 0.2354244589805603027 0.0001444840308977291 29.4616947174072265625
-0.1495126187801361084 -0.1469153016805648804 -0.0006521291797980666 -18.4356136322021484375
-0.5218610763549804688 -0.5189716219902038574 -0.0014496442163363099 -65.0466690063476562500
0.3583367466926574707 0.3586223721504211426 -0.0015038253040984273 44.7250061035156250000
-1.3753465414047241211 -1.3760540485382080078 0.0002658941084519029 -172.1041412353515625000
-0.8951174616813659668 -0.8952798247337341309 -0.0004230519989505410 -112.0265960693359375000
-0.2134008258581161499 -0.2122046798467636108 0.0015472092200070620 -26.4060268402099609375
-0.5012711286544799805 -0.4993115961551666260 -0.0000187790101335850 -62.4595832824707031250
0.4542439579963684082 0.4537614881992340088 -0.0010339750442653894 56.6677551269531250000
-0.6427835822105407715 -0.6417549252510070801 0.0002156814880436286 -80.2565917968750000000
-0.0248007997870445251 -0.0232191421091556549 0.0000002963313647797 -2.9044101238250732422
-0.5212637186050415039 -0.5193904638290405273 -0.0000231762187468121 -64.9716033935546875000
0.0708689764142036438 0.0701552554965019226 0.0024233735166490078 8.9921083450317382812
-0.4180943369865417480 -0.4158822894096374512 0.0000329877366311848 -52.0189552307128906250
-0.9219914078712463379 -0.9229718446731567383 0.0005100306589156389 -115.4071655273437500000
-0.4415387809276580811 -0.4392822086811065674 -0.0001237290707649663 -54.9600028991699218750
-0.0737619772553443909 -0.0750451609492301941 0.0043557267636060715 -8.9980745315551757812
0.3570481240749359131 0.3564634621143341064 -0.0002759390044957399 44.5646629333496093750
-0.0478087738156318665 -0.0462926253676414490 0.0002600500301923603 -5.7674188613891601562
0.2020980417728424072 0.2024353146553039551 -0.0002526887983549386 25.2996578216552734375
-0.8765305280685424805 -0.8770631551742553711 0.0002500394766684622 -109.6877670288085937500
-0.7493654489517211914 -0.7489210367202758789 0.0000470656668767333 -93.6768646240234375000
-0.1963603049516677856 -0.1944004446268081665 0.0004262610455043614 -24.2790832519531250000
0.2572580277919769287 0.2572258114814758301 -0.0002339034253964201 32.1549720764160156250
0.4214977025985717773 0.4204763174057006836 -0.0000966220541158691 52.5879249572753906250
-0.3543879687786102295 -0.3524498641490936279 0.0005878317169845104 -44.0347366333007812500
0.4592658281326293945 0.4577838480472564697 0.0003398090193513781 57.2936401367187500000
2.7648789882659912109 2.7677500247955322266 -0.0008908588788472116 346.1328430175781250000
0.0275855958461761475 0.0278842393308877945 0.0013793978141620755 3.6112320423126220703
0.9439707994461059570 0.9438292980194091797 -0.0005851524765603244 118.0094757080078125000
-0.3830985724925994873 -0.3803960084915161133 -0.0005439597298391163 -47.6315917968750000000
1.0935889482498168945 1.0930184125900268555 0.0012630025157704949 136.8363800048828125000
0.2739560008049011230 0.2733262777328491211 0.0004568155272863805 34.2306632995605468750
1.3320027589797973633 1.3340507745742797852 -0.0008752859430387616 166.7955932617187500000
-1.3614774942398071289 -1.3619103431701660156 -0.0002519215631764382 -170.3811798095703125000
-0.1181935071945190430 -0.1160748302936553955 -0.0001401917688781396 -14.5320978164672851562
0.5786597132682800293 0.5774493217468261719 -0.0004406926163937896 72.1926269531250000000
-1.0427075624465942383 -1.0438019037246704102 -0.0000599728773522656 -130.5724945068359375000
0.2978897690773010254 0.2967048287391662598 0.0010308057535439730 37.2063217163085937500
0.0424995683133602142 0.0417547486722469330 0.0027140853926539421 5.4655194282531738281
-1.0663746595382690430 -1.0669180154800415039 -0.0009210363496094942 -133.5409851074218750000
-0.3486626744270324707 -0.3460191488265991211 -0.0003905385092366487 -43.3177528381347656250
-1.7731530666351318359 -1.7693524360656738281 0.0002989711356349289 -221.2981109619140625000
2.0321958065032958984 2.0282883644104003906 0.0000972587076830678 253.7232971191406250000
0.5892334580421447754 0.5884936451911926270 -0.0011144255986437201 73.5139465332031250000
-1.3433985710144042969 -1.3442878723144531250 0.0002264568320242688 -168.1340942382812500000
0.2593873441219329834 0.2592546045780181885 -0.0001119052467402071 32.4196510314941406250
-0.6276662349700927734 -0.6264662742614746094 0.0001073095991159789 -78.3538513183593750000
1.3666511774063110352 1.3679902553558349609 0.0002090962225338444 171.1379089355468750000