-2.378410465495353343e-01

-9.417267410035230490e-01	 6.571762867017385545e-01	 9.467627960368437678e-01	-6.214400550918494082e-01	 5.311861614672167553e-01	 8.739171065075856948e-01	 1.064790457472997609e+00	 2.246503932731375830e+00	 1.741381803614846513e+00	 4.496631060550539405e-01	 4.808995255813610092e-01	 2.993298853484898658e-01	-3.694599843674408746e-01	 3.862022495415711187e-01	-3.010527135639776697e-01	-1.653512276950705739e-01	 1.853618431134839983e-01	 9.974353704814416244e-02

-6.330188099140556719e-16	-3.866144169194141722e-01	 8.776573379655363549e-01	 6.646741593482043131e-02	-2.530691477127248734e-01	 1.273869380645104465e+00	 2.016761532516463673e-01	 1.287507915380594614e+00	-7.372105550179013367e-01	-1.160626810578158363e-01	 6.015856065703095723e-01	 5.681941579880622761e-01	-4.911950283221219182e-01	-4.480458314707801148e-02	 5.506586771683747994e-01	 7.750306338651415938e-01	-1.024870221631168477e+00	-8.437511325218614022e-01
-6.747998733129789706e-01	 4.007164455532531422e-01	 1.416303456595078003e-01	-7.953463976938600355e-02	-5.721679320571276817e-01	-4.891751560361954354e-01	 8.440408353618100712e-02	 1.286282391002449232e+00	 1.372394665696776261e+00	 2.648201745070625224e-01	-1.724836431804784409e+00	-7.306076598153352086e-02	 6.354946695083248109e-02	 7.566582347830816957e-01	-6.572316044071363494e-01	 7.553242931120366377e-01	 6.570158218880991496e-01	-9.338556596219742545e-01

 1.000000000000000000e+08
 4.391057028926766415e-01
 6.652245253498270117e-01
 4.165647365253928869e-01
 6.058859647624595945e-01
 7.100902791054292118e-01
 3.503745968805785926e-01
 1.178127416908252068e+00
 1.011297692575481300e+00
 2.855507933005503873e-01
 1.065886161625317907e+00
 3.454035650615422393e-01
 4.512756937985056838e-01
 6.535191409257783413e-01
 6.630553578174657181e-01
 5.099058210899336530e-01
 5.347935061968843717e-01
 5.749937338873548631e-01

