 5.261845419973160132e-02
 4.303268741399338126e-02
-6.115452998161142670e-03

 4.921207621706127910e-02	 1.494541971748727160e+00	-5.803336471462022805e-01	 2.851158244934093866e-01	-5.808240236034613035e-01	-4.701343971648315745e-01	 5.992614856604015772e-02	-1.343783998945017599e-01	 2.049811147349491214e-01	-3.365833860486149021e-02	-4.585063213829328882e-02	-1.391976268451897147e-01	-3.977263938469575988e-02	 1.270598761028169654e-01	-1.132794250152457799e-01	-3.463319489294001963e-02	-3.071723381035569578e-02
 4.287506164955341703e-02	 2.655410445517669138e-01	 7.324682925097746322e-01	-1.116012286123596597e+00	-1.278870683332719582e-01	 3.463618904791658792e-01	-9.356627807627525273e-02	 2.946091804139041592e-01	 7.692269266230714053e-02	-3.162540028256269342e-01	 1.971822269011060946e-01	 2.483850771040267968e-01	 1.163079858152759327e-01	-2.019791214217473430e-01	-7.173234190844299252e-02	-2.089488580947109278e-02	-1.469553048908188268e-02
-6.254779737178788740e-03	-2.521673896685197938e-02	-4.136253548240841071e-02	 9.901701997780145564e-03	-1.545116500071329856e-02	 3.330681298389717021e-02	-3.700927308498574986e-02	-4.400608190794578350e-05	 1.696301551498640564e-02	-4.844170537366493390e-03	 4.663838206510124984e-02	-4.486192525141663619e-03	-1.155033557934081329e-02	-1.355921586839918536e-02	-3.009674246074546858e-04	 2.118950871067714790e-04	 2.733231712740423784e-04

-6.064430581300799596e-16	 1.635797663932100354e-01	-1.156347287794653733e-01	 1.419513423346896175e-01	-7.286178991767303104e-02	 2.188258816885845781e-01	 8.122748042174851024e-01	-2.477374735242039716e-01	-3.641712950391808867e-01	-3.112629743865435450e-01	 3.012598193929692525e-01	 1.528175068356566191e-01	-4.916017119439974187e-02	-2.034522687898392967e-01	-3.345485737056767550e-01	-1.545033735094850647e-01	 1.821812123214703039e-01
-4.494004587898586584e-16	-2.921150822442267203e-01	 1.803841936608252261e-01	-2.548686020115014661e-01	 1.720662833354300869e-01	-2.060475601997115436e-01	-3.119322478844311353e-01	 1.585368522703662075e-01	 3.628157543831334597e-01	 4.012212519720945864e-02	-1.312775993333759605e-01	-7.419979842464903552e-02	 2.152057782795931962e-01	 1.737924220290560373e-01	 1.143923960426259656e-01	 1.437335831823970123e-01	 1.326763568392556047e-01
 1.667011099616201722e-17	-1.382377181658132281e+00	 4.192546400594599487e-01	 1.829997743560746182e-02	-1.091026693065003439e+00	 1.007599017653273199e+00	 4.626419533398161699e-01	 7.078804466371473314e-01	 9.085135476391430209e-02	 1.898379184979692713e-01	 3.121785730302894524e-01	 3.922419112633807603e-01	-2.859831585451076963e-01	-5.796016352366969993e-02	-3.911349224724789547e-02	 2.632287285614360369e-03	-2.257260857613211866e-03
 8.387505209310436931e-12	 7.637944675780925508e-01	 1.262795560977462705e-01	 2.763650903154440397e-01	-6.244608027923981286e-01	-8.355728604698799133e-02	 2.391135368321869459e-01	 2.358199067654995484e-01	-3.067666279163138165e-01	-2.311953393514098731e-01	 6.299748044352106169e-02	 1.328073344533527989e-01	 4.118116543794031470e-02	-3.702722476916673888e-01	 1.254516861123769825e-02	-2.012175033424367654e-01	 1.433526369618046692e-01
 1.861836802162384621e-11	 1.994333199142321322e-01	 9.346718175055552802e-01	-5.926172757264807078e-01	-3.155946428269869597e-01	-5.497603546748051559e-03	 4.724693116312054797e-01	-4.109396660554571756e-01	 1.592353843063013530e-01	-1.582904257536573711e-01	 4.719914642867804599e-01	-3.132148615716652262e-01	 1.215526877974683617e-01	-3.775717443655617900e-01	-1.887698536830226259e-01	 1.383308663555049278e-01	 1.112900015098313850e-01
-2.930827856643059195e-17	 9.780325977580385521e-02	 2.151067285637190130e-01	 7.018293602785328211e-01	 9.920474078217087627e-03	-2.851524518298296784e-01	-2.103268447163291030e-04	 1.842484617197623076e-01	-1.039916922697591978e-01	 3.541059847769068569e-01	 4.331583408639941291e-01	 2.047808396786662821e-01	-2.824386933530899091e-01	-2.284616242790183382e-01	-2.844004845426617231e-02	 5.527936773868443940e-03	-3.229229735445967708e-03
-1.905932648181908281e-11	 1.259043691995019865e+00	-1.174820197832458391e+00	-7.167800845086547135e-02	-1.153268230824489558e-02	-4.549179735123612955e-01	-1.756418877726998937e-02	-2.287672573010696431e-01	 3.934964061690330861e-01	-6.235176370453704431e-01	-2.174523839291138405e-01	 7.513725910541489694e-02	-2.979806321314085182e-01	-2.014161408412271370e-01	-2.554113545863034851e-01	-1.115722705635548012e-01	 1.341199561200345225e-01
-5.168013149665091321e-12	-2.940774822835514057e-01	 7.918080439472185983e-01	-1.230822754696857757e+00	-2.744548392088600464e-01	-2.490941655395813303e-01	 4.391590701305204125e-01	 2.722534194356787673e-01	 3.950636021982672497e-01	-3.311173008094865922e-01	 3.905480839494027689e-01	-4.388796911089250519e-01	-8.013897968438601915e-02	-3.891777022175584022e-02	-1.185405541706854027e-01	 2.281367017804813435e-01	 1.258145207882514216e-01
-1.735567601908825240e-17	 4.955760502225590725e-01	-1.500902348475315340e-01	-6.294614099800859286e-01	 3.097233141010050650e-01	 4.310565431994242136e-01	-1.126170245859635100e-01	 4.372988939587110213e-01	 7.969280745979043235e-02	 7.560678130166036126e-02	 8.359015945822383109e-02	-2.482343206389073936e-02	-1.972759176625138999e-01	-2.933329347267004672e-01	-3.079950864080881895e-02	 2.970534405621533692e-03	-2.607910776245509453e-03
 7.851846516132356471e-03	 1.116675698818419438e+00	-3.367633510811343100e-01	-3.397497057282886646e-01	 5.870865057337235626e-01	 2.385946319542728566e-01	-6.092775073665936958e-01	 4.725306586876338311e-01	-4.423561787267253909e-01	-3.037400808746893444e-01	-5.545621666017053197e-01	 1.917180427701658529e-01	-7.392945884945212320e-02	 5.777225855491547810e-03	 6.130349494178366845e-03	 7.959379969629950050e-03	 7.181253240031794209e-03
 7.870502769947050267e-03	 4.165246004071233160e-02	 1.412929428100557702e-02	 2.167595349685169925e-01	-2.847077146604740094e-01	 3.165804292947378418e-01	-2.044160026354004123e-01	-3.630178822203367628e-01	-4.568327495349371881e-01	-8.540637379297548459e-02	-1.624388068868854451e-01	 9.542132826880014851e-02	-5.560190420544364187e-02	-9.550494840365569837e-02	 6.657985796867564934e-03	 7.049215405128712864e-03	 6.875400465428192776e-03
 7.838724181056022644e-03	 3.007265653988356810e-02	-4.838667598386964946e-02	-3.977060037824882155e-01	-5.324430277802529865e-01	 6.343453212359108362e-02	-4.945064473208494182e-01	-2.582701712489297585e-01	-7.505945135097907839e-02	-4.749368243593666272e-01	-2.049606905502998622e-01	 1.565164422084428519e-01	-4.558019619833787728e-02	 8.445145516891974791e-03	 4.974486235565346061e-03	 7.898409286168660282e-03	 6.990860321263077555e-03
 7.854282855987548828e-03	-3.325321558818009615e-01	 4.257334127391474432e-01	 1.929273031926421189e-01	 1.470439527598365048e-01	-7.874093160608397479e-01	 4.388936948452273890e-01	-3.827854556300129829e-01	 2.526866045641672914e-02	-3.584033144713465874e-02	-2.478427085726567503e-01	-1.056723124391065471e-01	-1.381985388574526186e-01	-2.781468516658964218e-01	 4.770995050985520590e-03	 7.563361125651203200e-03	 7.010196294127617016e-03

 1.000000000000000000e+08
 1.406838968695073744e+00
 9.830598953162843490e-01
 1.568515657679734554e+00
 1.132542171586065960e+00
 1.551933654228773163e+00
 9.038025476742685971e-01
 1.086428090468170904e+00
 1.199190759814470431e+00
 9.505689728264850036e-01
 5.562617961323625959e-01
 6.423597427434105667e-01
 2.202648662546951575e-01
 4.234701013706270722e-01
 1.691840626112177393e-01
 2.155496485048364885e-01
 3.418480431701966249e-01

