 1.000000000000000000e+08
 9.768829159252834415e+01
 1.246357244607350339e+02
 2.990472589841899875e+01
 4.887888669582001455e+01
 8.014320258275539288e+01
 1.431489916639038142e+02
 1.556099874194727022e+02
 3.496132995035956981e+01
 5.565664063645579063e+01
 6.082905156878401698e+01
 3.462445285402876038e+01
 1.663457430264357697e+02
 1.160583821688583441e+02
 1.725921384479151044e+01
 2.774796774044464698e+01
 6.176885576443057602e+01
 2.630507338763191783e+01
 1.036386561706967768e+01
 4.415381232906257480e+01
 5.615179716993558401e+01
 4.250752784134107998e+01
 3.919606981161907555e+01
 2.096109028029823662e+01
 2.666439583108679656e+01
 3.908824787421550440e+01
 1.951446534729302940e+01
 2.325727821030624298e+01
 1.642632724929721277e+01
 2.278625416155578876e+01
 3.172381260113279566e+01
 2.216648082743779824e+01
 1.152511494970056845e+02
 3.252010337582220245e+01
 2.272358085113421922e+01
 1.178089000320704827e+01
 3.115076919644854669e+01
 3.657360874397174655e+01
 1.755864940420859455e+01
 3.177627922010596251e+01
 4.830210505660544840e+01
 3.906571340367339928e+01
 2.930453843362853661e+01
 3.629730627505048801e+01
 1.412505405322623631e+01
 1.705045772951956451e+01
 1.251230184318143301e+01
 1.896003074937915045e+01
 1.221779585830559114e+02
 3.075936256409584857e+01
 2.010331293623524118e+01
 4.769686914921295795e+01
 1.189159803822952810e+01
 4.810704291557600953e+01
 7.747043179450547434e+00
 1.990397094118782206e+01
 8.842526561319880685e+00
 8.287053483938496612e+00
 7.499253238430397595e+00
 7.001602747847032404e+00
 3.287526094092552853e+01
 6.442929874468224405e+00
 7.508758697910110413e+00
 2.940700785608385104e+01
 7.434229380261799136e+00
 7.148696943664687886e+00
 6.886028468655059243e+00
 6.501469716724407100e+00
 1.136916024494369992e+01
 1.364251460504735292e+01
 4.523708311067569987e+00
 7.115818557999721961e+00
 2.230215397603067728e+01
 3.020658549861071407e+01
 7.570523346365884088e+00
 1.281829500879731398e+01
 1.484127932321141508e+01
 7.725418363508686603e+00
 6.827092069662914930e+00
 1.457895506159514021e+01
 6.711140497825483386e+00
 1.356656567358215071e+01
 3.575928016780983043e+00
 3.562390361458056098e+00
 4.658229287590204493e+00
 5.536123742627881761e+00
 9.866883726881519934e+00
 2.707961272364337812e+00
 6.223025091920384000e+00
 1.363225589353038636e+01
 3.883118170172145511e+01
 6.845043941187969772e+00
 6.217904184776106291e+00
 3.814003606537329283e+00
 1.655480716237506300e+01
 2.610245815787125334e+00

