50
0.1252648191760291
0.10607366532147527
0.09584605588673624
0.08990457702795208
0.08402008102303558
0.07717631706738937
0.0727092185288919
0.06678898914003885
0.06228909289810995
0.057609483087566124
0.054002511017872526
0.05226156006544091
0.05103458994018279
0.05051700568460173
0.05007786020341026
0.04711000594883496
0.04059387949130376
0.04071988522211867
0.036821711157971365
0.03696705525391104
0.03409683970725401
0.03408179119643599
0.033522297604981474
0.033816016049542534
0.03372812620896839
0.033590338938234314
0.032475252944107254
0.03277540708180991
0.030479086263571015
0.030720509714853246
0.029011381984637426
0.02912089968694
0.028804405771558506
0.028808489564881162
0.02772707272651727
0.028411554411325448
0.026248762516577786
0.027222539284544135
0.025173474241309463
0.025679140880533535
0.023440892098442627
0.02347382360704101
0.022141734987203475
0.022146682625889643
0.022017134340563148
0.021915767776217357
0.021605089252861278
0.020266099788555193
0.020348236582834373
0.020301306817261694
0.01934024338220222
0.01856405373149617
0.01869487043698636
0.018680601818573662
0.018642794704170323
0.018764368165332647
0.01829193719385681
0.017848847728576832
0.017724976192438884
0.017655137735754122
0.017591871858755864
0.017350635210604762
0.01693048878095932
0.016776048805574168
0.016639980858325683
0.016964398850057478
0.01665771338810077
0.017039003487511566
0.016568894413425926
0.01719203965377519
0.016703115984401752
0.016273891477230337
0.015591555850257921
0.015380615050289903
0.0155374917147802
0.015559553087611987
0.015074305508928923
0.014981938718017387
0.014264320877274316
0.014089626621488492
0.013946423674868933
0.013874479698596757
0.014237987158513696
0.014115692100284153
0.014548566084555105
0.01392802307635285
0.0140358765782377
0.013134359968180118
0.012858437756134232
0.012384192800291691
0.012646893639117487
0.012763499912714244
0.012938618763139542
0.01298238979852866
0.013131381927228814
0.013628718197199104
0.013862098857110185
0.013881274006105558
0.013780389143001377
0.014309469072629484
0.014381191781559093
0.015058207344590437
0.015218753145361698
0.015471600917590003
0.015532633586734257
0.016362268221014737
0.016633287909037474
0.01661906834453446
0.016952469247740663
0.017259574957302303
0.017358145321290062
0.017800556744597094
0.017939754021682467
0.01809340620948694
0.018501568618089707
0.01838251735236941
0.018338006861448895
0.018020880123544872
0.01793444771691161
0.017188028440401033
0.0172727015527005
0.017311486562926838
0.017582758728668726
0.017730752902420165
0.01753011071684839
0.01750675672665899
0.017524576612380147
0.01742070146233546
0.017650188461597046
0.017692096562639044
0.018330598529287846
0.0185611727822295
0.018308760290870207
0.01816208053462367
0.01834829271296823
0.01845877845584176
0.018574406221200313
0.01880777172707778
0.018550405438353172
0.019359614682571233
0.019129113696427173
0.019723819942572697
0.019651794410290635
0.020712934030728186
0.02067841955308226
0.020543980272178044
0.02032364045178971
0.020605268930420695
0.02051996723771232
0.020817943174913974
0.02092021392918224
0.02127755852359608
0.02133376690816818
0.020830877870586465
0.020693860237614502
0.019904546760517196
0.019656077119081895
0.019788105298528626
0.019639175134215772
0.019542406620506488
0.01951503301191307
0.01922926016080091
0.019203182890612534
0.019535918690728717
0.01929902353214168
0.019087926409772686
0.019079958949424932
0.019182398815409858
0.01923504579692726
0.019867087988463546
0.02015421992060029
0.020315828599883644
0.019911565774867586
0.019785179390949894
0.019285335573133472
0.019175308079481913
0.018926649281601003
0.01891203774088214
0.018616134163579146
0.01858380007824942
0.01777819786325993
0.017522818403754574
0.017770551563238847
0.01792863240341298
0.017755718437678317
0.01766150749458186
0.017343385267416727
0.017122708954903455
0.017243397165268723
0.016392680198902828
0.016960322001625717
0.016466677409624236
0.017157551826922426
0.017132988997976665
0.017295022796187734
0.01701614573605686
0.017085916866282955
0.01734256476571577
0.017434105428663513
0.018235362888550846
0.018454085452177
0.018566380808954213
0.01858937478038442
0.01941314823043792
0.019654176291367766
0.019438910425790278
0.019387070321602962
0.019876140203640383
0.02089112833939999
0.021251226418907677
0.021396054451920405
0.02159146481788741
0.02232713507339204
0.021977218356882367
0.022289592927525307
0.022281023066924782
0.022417487594635622
0.022191941518936997
0.023101895742559605
0.02297556435709641
0.02292899840316953
0.022832793234520043
0.023522507615509204
0.02366774494021298
0.023860558152144325
0.02384728318572942
0.02370238185865108
0.023659172970013694
0.02428777500318392
0.02443271795879259
0.024588145198057604
0.024645978700405614
0.024686709417143307
0.024682161411870292
0.02450688576871486
0.024449113605923643
0.025267730242779132
0.025471087693122247
0.025707811994296694
0.026349280480827755
0.025714610149809823
0.026107425549141562
0.025497960682491078
0.024849575846296407
0.024442981577203975
0.024626672192388982
0.024491785495920137
0.024186135708709564
0.024074118039598965
0.023020629365003823
0.023179358378067633
0.022213875478297954
0.022059798533657395
0.02105484600477179
0.0213248813025111
0.0214686216759409
0.021761626886823864
0.021171185925240664
0.02003738743470088
0.019264352937654484
0.01930240455088889
0.01857645209365318
0.017642104353493292
0.01735375582542501
0.01733865623364166
0.017347206553549856
0.017179456177523023
0.017146231927422474
0.016363924692521646
0.016485744934901726
0.016091427657483007
0.015995242823096858
0.015558273360866372
0.015442135933052775
0.015724637756969504
0.015894769380161603
0.01588952451553739
0.0158950105275824
0.01563551676498347
0.015545350244704466
0.015344579708593162
0.01526159711175222
0.01516379111960347
0.015176088377209372
0.015121645458412467
0.015113012894257696
0.014494002086955352
0.014505293948655067
0.014126939671722597
0.013444399485282161
0.013722308605465227
0.013431841487359313
0.013262732541690588
0.013240600451987357
0.013218748334319377
0.013405061259152258
0.013529242113608713
0.0132626916863074
0.013187640025734542
0.013155394785941538
0.012672039138053698
0.013031731784529654
0.012823939848633462
0.01337172806087446
0.012931932704277649
0.013213990281107908
0.013630361442508938
0.013764651781762458
0.01395659113486644
0.014007855819363962
0.01440563291031294
0.014516786766960046
0.014831014100915658
0.014899707220478627
0.014642201738391758
0.014553775401847203
0.0156931279322902
0.016098561798935856
0.016757224373964492
0.01658056516757098
0.01650115538238811
0.01644460202528121
0.016551719633287217
0.016553134306692346
0.01724211496383515
0.01795128818429764
0.01848480797255256
0.018590114144114954
0.01913148398023959
0.01927140892738373
0.01969563287659766
0.020390898181880567
0.020216866159686243
0.02014329387141703
0.02047975726149271
0.02182779760711425
0.021966348298737056
0.022078800576907382
0.022129267930097805
0.02296564114744082
0.023604701326530194
0.023839958205473084
0.023929590472066692
0.024016068339136293
0.024376860961142208
0.02398342140374393
0.02454778095261761
0.02471140145506612
0.025596687132731378
0.025254181042315357
0.026123367741356013
0.02598033467322823
0.02640323362879661
0.025939485553994772
0.02661829414684019
0.026344616716470703
0.026373122504620462
0.026431241571425533
0.026984437537547413
0.02760581518396735
0.027776642914489193
0.027907537048928073
0.02785005461195107
0.027840569887905495
0.02853106132832342
0.028735540721206602
0.028455118032896232
0.029256396101234358
0.028864076955285124
0.029542710187931875
0.02983092322840324
0.03072847853949852
0.03062943439323759
0.030991732325082327
0.029886667196640036
0.02974650138420912
0.02931675739843242
0.0298945103735209
0.02923486886187648
0.0296906641111539
0.029278276957422994
0.029084579372526963
0.028745056973910183
0.02865160875592363
0.028034110886436085
0.027249854749748503
0.026996966786562823
0.026679965998439248
0.027092101989324453
0.026406949839061885
0.02586275247779291
0.02543596681565458
0.025707174249109316
0.02532283254284907
0.02502968086249119
0.024925339312996977
0.02429355695068063
0.024098970257319982
0.023614173187075548
0.023457917158029664
0.022794016356326153
0.022837384163755754
0.022468814769248807
0.02238179381455327
0.02206345434468666
0.021951044154750517
0.021551600431853474
0.021595196813437464
0.020865494714931182
0.02017886483578624
0.019987537119233224
0.019853065919563
0.02016045359643895
0.021006214081241193
0.020350710387559295
0.020972976036947064
0.0203361682090483
0.01916364948894716
0.01870268959642378
0.018286340639634455
0.01810125984454548
0.017918064870494552
0.018027130522532922
0.017665477643831296
0.017707655829481334
0.016960758443302925
0.01720901264280997
0.017126250299712775
0.017264923089762928
0.01665585952846028
0.016693496095830138
0.016219140612405515
0.016059431454923622
0.01644576405566965
0.016585852139455716
0.016625836302585996
0.017614918315907665
0.018008803482157623
0.01756933490927214
0.01775460877746197
0.018190473787994724
0.01833845575878117
0.018345959012975362
0.01833294905684445
0.019364363033126126
0.01966725817593993
0.020161016417723988
0.020347471538651414
0.02067681593100373
0.020778258043429396
0.02077421261617425
0.02041918967232721
0.021054863468093123
0.02122259081389682
0.02099399770187726
0.02092086942346538
0.020827382618770082
0.020583389021169785
0.020550556051563546
0.020543341966283584
0.02054638612158037
0.02056032020260323
0.02022627550835847
0.019357146934853114
0.019451218136741798
0.019143396708734974
0.01916650478904723
0.01919241037907428
0.01974888862299744
0.019425940960291065
0.019331946655910207
0.019156787065274176
0.018886639265904503
0.019443239817047663
0.01946091233044845
0.020046793062153453
0.019808281003395753
0.01942882514831374
0.018934122799379605
0.01923965824762163
0.019396183843526926
0.01943959123332085
0.019760231657562296
0.019410438907245982
0.020261348896677887
0.019860638172133335
0.019204472424819038
0.01888071563949796
0.0192666962012641
0.019051620633638876
0.018529515411026872
0.01835748894625835
0.018222656215757117
0.018191577573918274
0.017276067581254998
0.01702372748517473
0.01688327842748251
0.016833783721118163
0.01634277144987944
0.016525575663081816
0.01641841988569896
0.016396687830287075
0.01652492014044708
0.016784936278652837
0.016638807788948762
0.01711987858216651
0.01699470851160285
0.01751214578584706
0.017695104794936786
0.018077085817946637
0.017519393104332263
0.018271634589658827
0.01829501602174625
0.01871976527077823
0.01900948619873016
0.018827979022572182
0.018627679840470993
0.01906623916339289
0.01858424529637836
0.018222035789966194
0.018873991335153075
0.018543444392695417
0.018984745990591315
0.018790707434080227
0.019597687173916124
0.019267903542021025
0.01927890725635642
0.01908321355697329
0.019442812280601348
0.01910797451246953
0.01952526434704189
0.019660644667964938
0.02018128664306616
0.020345246736506995
0.020007238034442317
0.019923973373513537
0.01972397375481713
0.019698333193215727
0.019253512174676014
0.01912414459090428
0.019279065204012985
0.02001353579601744
0.0199219703675205
0.02044163189928077
0.02034570339469137
0.020700268581689215
0.020231930792967093
0.020593118463716444
0.02049949308368988
0.02063516798183204
0.020518354137832144
0.021716814316514742
0.021412718300395706
0.021656175946277514
0.021733907879640274
0.021776793158871398
0.021793534335428046
0.021868673038028884
0.021909243036841417
0.02207658333225664
0.02213749090246907
0.021399282752473686
0.021402617311283057
0.021232995328277732
0.02064885466446092
0.020310277513098454
0.020210313967886324
0.020524630432540783
0.020705122161856934
0.02117463485989335
0.02049170191880388
0.02066973521735819
0.020341875620779503
0.019945198045141062
0.01958490846252624
0.019470570180857925
0.020045087092026147
0.020224649723044722
0.020194189111935438
0.02019781925929266
0.02031797854643842
0.02036949747785475
0.020253294906536892
0.020213534316150077
0.02020849524078093
0.02020560134657046
0.019970714899971206
0.01986105623247979
0.020323677432791995
0.020446642862544887
0.021020865788429606
0.020519025971222172
0.021989161265923176
0.02190588762134701
0.02352348760168426
0.023633658831088766
0.02567084604610551
0.025802130506870954
0.026041461816857323
0.025617822198925194
0.02609223902681026
0.026110242691968683
0.025852099976111646
0.027433534332161932
0.027929977655107806
0.029148865923515718
0.029726793988652155
0.02968786245038863
0.02956905207766577
0.02951713039949247
0.029489659795334588
0.029864510288035728
0.03047364990855667
0.031153696752188646
0.031379817755173366
0.031999368321323954
0.03227241215566134
0.03154194138051078
0.03173866744917995
0.031365318121010656
0.032655080595195375
0.032683497847226115
0.033752653528709035
0.03432846003692984
0.03455084393180935
0.03462692036634471
0.03447025638497377
0.03442608420970198
0.03424449548098671
0.03419787905599507
0.03406618463126303
0.034950065831697075
0.03499797825537062
0.03501045522706112
0.03466476151291649
0.034547311367118146
0.034882613077817454
0.03521939285755897
0.03489995464601234
0.03524280399532982
0.03419128598807174
0.03433986888516072
0.03279418462862238
0.03286805162063293
0.03184820873189318
0.03167141088732571
0.029668746000483567
0.029442175072091195
0.02916908941016272
0.02970215445845952
0.029253344744131226
0.02875861725477037
0.029274912398111128
0.027332905514928726
0.02670858782062407
0.02540982286692822
0.024812002915838086
0.024204303833807058
0.024147245308070494
0.023663562922932126
0.02376374740307322
0.023253173764176238
0.02308790864291075
0.022306981236213965
0.022388004033863308
0.021817258137242678
0.02168643972829099
0.02163197219420371
0.021886777091614847
0.02225221724685701
0.021034077688934
0.021081464255963515
0.01986652251562667
0.019794795667233352
0.019088511682599965
0.019044821513636
0.018446141317833585
0.01853798910267768
0.01839790779039555
0.01880685142189238
0.01809058759834759
0.016993399520825226
0.01623480223734664
0.016204323930170544
0.016847469186217937
0.01727096573783302
0.0169894420785897
0.017393067366647762
0.017892060259615802
0.01762800056934136
0.017956430678027872
0.017591432259789132
0.017977808643294145
0.01752637775463999
0.017856227610100597
0.0178163410342874
0.018611003650846048
0.018465034222298064
0.01905234455657053
0.01862546265437108
0.01882422533900668
0.018061431278053777
0.01739608383519748
0.017082520554501178
0.018150601392040253
0.018712189832297263
0.018868161639293203
0.019492523541107712
0.019546498972752915
0.019915519713527202
0.019938976476653172
0.02016511035077313
0.01953516447180995
0.019676356884908736
0.019397148494318325
0.01936226069111135
0.019569565213090334
0.019634833845948992
0.019571589972427653
0.019346358551363303
0.019380805310503683
0.01894255653363497
0.01890083350173256
0.018327138821311824
0.018491852213425985
0.01836249674262394
0.018643368377255554
0.018807253168704286
0.01900710867654322
0.018591299899367884
0.01873330802330421
0.019067784420971373
0.019165134752040736
0.01921530423953088
0.018336438819620663
0.018291197344242976
0.018277610362111184
0.01768659412882648
0.01703988363742074
0.017663907794136884
0.017445345206532487
0.017792492982033396
0.017351358391608
0.017713054716292122
0.016757589900022053
0.0165656851660468
0.015726166441069302
0.016237568031381055
0.015790869445812733
0.016246601960503492
0.01606950204453399
0.01637131470938782
0.016392466736511097
0.016389186498094316
0.015626250452013938
0.014652720923108936
0.015046292273347063
0.014791357433782822
0.01490824456546202
0.014585586895054166
0.014936333859916218
0.014820887766635801
0.015051803997706014
0.01477217520295373
0.014932995752581269
0.01492248515579973
0.015107570875380482
0.015159630624847582
0.014959067749967319
0.014808859661539999
0.015156360941920504
0.015264452929864636
0.015842987877943204
0.015895192365613958
0.015669128986767502
0.01559328191351924
0.01565156347731407
0.015599339052562153
0.015455825651571619
0.015756911784733783
0.015567128939962512
0.015995286772726748
0.016340101263746246
0.01672292655420555
0.016844584515258294
0.017576460476941266
0.017811759272083942
0.01911184559045227
0.020147365955204753
0.019744057882466706
0.019611804599932697
0.019502061639749994
0.01951136846045414
0.019026112083499323
0.019254663720439758
0.019216764394795593
0.01974758958699897
0.019137266045374742
0.01959618935137197
0.019893993171148216
0.02009276780984372
0.019872822185107962
0.020000990412937583
0.020039310215514985
0.019984124465425024
0.019974452057668183
0.019463329551554
0.01911528134304335
0.01948038477516119
0.019603859203035087
0.019418696311459555
0.01934428508523384
0.019511097910425716
0.01958424926673308
0.019383997592705277
0.01931184533556036
0.019527787264579016
0.01959703927922111
0.019795415813309916
0.020007942125974693
0.019669230678218273
0.019560001328044297
0.019582929152949416
0.02040420620732938
0.020557677639017016
0.020877610232043212
0.020561484670146308
0.020709954456974308
0.020877325642314263
0.020715261517336124
0.020668555938165814
0.020513915532010315
0.020245841860405334
0.020793097820026692
0.021161868854991862
0.020634540466597403
0.02047559327580082
0.01990488000099852
0.019083082180540018
0.019123275183298264
0.01913535733001789
0.019435210964202084
0.01951673953304045
0.020149441329773456
0.019965455882450342
0.02066283692471706
0.020797632278307856
0.021025397193456266
0.02042081259858567
0.020039105806533907
0.019816586106918214
0.02028322509728426
0.02033798458183636
0.020359078954453453
0.020948788182147116
0.021184305758259924
0.021401584592472593
0.021479261090484373
0.02146106538434974
0.021457641843803964
0.021350658636808042
0.021334826352666016
0.021195023519531554
0.021147868092767797
0.021566348261239363
0.021708693024559977
0.02204381907108452
0.0221431905692402
0.021863080106748672
0.022287882431578882
0.022330237479161474
0.022426645544559084
0.022014897900829968
0.021201556032648616
0.021615846533643204
0.02149468141328868
0.02227859264941007
0.022528884193447393
0.023277100366029785
0.02339268778217762
0.024868252546010855
0.02462282444886986
0.026383010840938387
0.026611629087040116
0.026892196201399165
0.026482354308325
0.02654342728332992
0.026819579093751572
0.02691365198620401
0.029290633514221672
0.030645597230790488
0.03272497073446094
0.0333873549918991
0.034659575443927976
0.035060068494934885
0.03526837137633135
0.03485510127296212
0.035516161736590335
0.036753903675750675
0.03734544207361148
0.03752854500264067
0.038441872271127824
0.039623505972332385
0.03999676471018017
0.04019201857377257
0.04019727594373638
0.040721289296982766
0.04097586033458197
0.04135499485487412
0.04147334918761256
0.042800289484280496
0.04323552862229649
0.04469595311180604
0.04517501726317787
0.04566569714276719
0.04580543848570175
0.045244016503805856
0.04506541098211239
0.04534443042771914
0.04476951453566381
0.04524222846192993
0.04637547236056985
0.04649690630060819
0.04708359039794636
0.04662207595808307
0.046880392455063105
0.04614680918634227
0.04549439008991108
0.04447561985498082
0.04496075142460504
0.04527569539834346
0.045549913892460527
0.043786307847382445
0.04287106315017484
0.04213868465580142
0.041981063691475085
0.04173583484857968
0.04114472799185998
0.0415622096699904
0.03921589587163329
0.03788172054413192
0.03595296350767508
0.035352240953239765
0.03381613682174422
0.033876196269300406
0.033053343385149356
0.03314798837428854
0.03219091381494668
0.031447555368391146
0.03043922670385037
0.03044295285379011
0.029059436512430342
0.02777340356617097
0.02736809905094213
0.0265559878106744
0.026619001018114218
0.025904592657737025
0.025583515374594516
0.024972296180938155
0.02512927552684637
0.023613157023015523
0.023588354615032482
0.021905116909930026
0.02151758404298683
0.020590360114157175
0.02085383948007683
0.020585592970754813
0.02081079979080356
0.020274991135832584
0.02047569077201328
0.020274019037246377
0.01914158138225258
0.01910003584782576
0.01853620150705306
0.01865471930336815
0.018271651985661892
0.01868409542172213
0.018696196124146622
0.019518888655532446
0.018962309552192472
0.017580011240521463
0.01713830051733271
0.017608794714947137
0.017313690280480184
0.017526050758598505
0.017510684321959635
0.017592947879110827
0.01736753143881969
0.016694025218226716
0.01647919185333286
0.016764976820088658
0.016362894334902206
0.016226237916813116
0.01646409415683737
0.015972120891311704
0.015812804134372395
0.015482146016407567
0.015376132641020744
0.015069474234452564
0.01507374014018318
0.014996877206910111
0.01496280653956878
0.015100994231224567
0.015142477464498824
0.015273460500031649
0.014996855782601334
0.015391724843048675
0.015534981125322532
0.015783538090049475
0.015495815155936829
0.015974809992614164
0.015657033921999432
0.016512257004384228
0.016618935978415232
0.01709985037738851
0.016705160090723623
0.016585916473289372
0.016613335441897633
0.016613891197206562
0.016736970858889515
0.01637617764929771
0.016644018953158094
0.016539576879100692
0.016854781395413996
0.016637724238318427
0.016880099219186973
0.01643634340083906
0.01639028954193829
0.015699212675681088
0.01595636710939041
0.015640379379450883
0.01573053684999961
0.015170482345431547
0.015464218690441003
0.015406904463887327
0.015337063603705306
0.015228784458897238
0.015130415521106397
0.015142850438277447
0.014884120213473753
0.01469868337309806
0.014341448408924064
0.014543209682284891
0.01414404818486466
0.014707309291331518
0.014897618430315946
0.015050395675549333
0.015120484699210603
0.015349704611756644
0.015325813276861187
0.01529478793909112
0.015271995632929393
0.01543322455911841
0.015461178175000034
0.015427059240421058
0.015419025791957969
0.015126462166570724
0.015456060092255131
0.015053720809536944
0.014940578472160515
0.014369669849943128
0.014425934066429093
0.013501994887261021
0.013616285137531135
0.013194313508663326
0.013288223791122038
0.013155876840599021
0.013142442219973271
0.013145734823292335
0.012673707640809662
0.0125280337434849
0.012443418041308734
0.012709152412068676
0.012631550697798519
0.012607068853846638
0.012655590972117985
0.013068411704473617
0.013096965466699431
0.013387166353249822
0.013019798920117908
0.013371246438302177
0.013120676853983222
0.013152959178272696
0.012693137950980884
0.012635096688052894
0.012670939038289829
0.012756690615615384
0.01264976034717306
0.012765602601161417
0.012797542150153572
0.012855151879259452
0.013004504909189687
0.012735917077626741
0.01267386143277741
0.011984663608270241
0.0120241975816643
0.01187470009562024
0.012551532825918017
0.012246932861877073
0.012641411454838563
0.013232451848166106
0.013429453490617421
0.013332023415750969
0.013326284733725846
0.01336988319283965
0.013544988728055582
0.013816708776830005
0.0134610604389053
0.013356883127495502
0.013322296830587096
0.013733086153592415
0.013621412453462229
0.014258621572729892
0.014053658960590982
0.013954506816472288
0.013699694881111266
0.014013848218297128
0.01371405618425866
0.014102801111907433
0.014215814513667956
0.01471851416361278
0.014577753213953843
0.014169897430646325
0.01385351875347094
0.013881482042299527
0.013918661316997769
0.013516572199466248
0.013806579307080631
0.013488063597160458
0.014037344247636785
0.013905487023314213
0.013892995875762721
0.013776566920081178
0.013867006825888404
0.013685770487803128
0.014317424208657448
0.014440422693300639
0.014967481013556818
0.015360226136296269
0.01549077943696169
0.015250087768069864
0.015041479349369051
0.015273505491202106
0.015250302503189334
0.015488672628966497
0.015309980464705688
0.015753973088133894
0.015163425343086312
0.015155034823136557
0.01466088826935674
0.014263078455853158
0.014132907014880696
0.014037603528714505
0.014014182361082999
0.014012747672604416
0.013860175264036014
0.013468413598598579
0.01334597892798081
0.013653172380882593
0.013746615628475324
0.01334268319218871
0.013209486208748561
0.01348175365481388
0.013565999957290686
0.014582102839268118
0.01710232316745886
0.017554212168549597
0.019778156574565598
0.019991454655428634
0.021582357857183977
0.021730309354540997
0.022061790384159275
0.022087638842470007
0.02376262775827051
0.02415819828607958
0.02672472938150735
0.028095329285251696
0.03047416787340317
0.031245201107103653
0.03282269301142975
0.033163103674724935
0.03454052675320086
0.0349781938926097
0.03530466111145732
0.03542060059909543
0.03504337825090991
0.0349529617518259
0.035636484394752935
0.035435836878925125
0.03668190875579816
0.037032232801417694
0.03801778805965725
0.03822623732757329
0.0381048288464222
0.038252011035781915
0.038290945929234946
0.03777838162615582
0.03865518812761855
0.04066246688659843
0.04130092215624306
0.042340073897927925
0.04293343672531903
0.04278075242853075
0.04272696383235542
0.042511803586063816
0.04242500883831669
0.04333143263927564
0.0436037685198121
0.0451142778373709
0.04559543140037138
0.046428128317665476
0.04669564336285788
0.04653191972910778
0.04648335640241041
0.04640930898186654
0.044185840644656534
0.044365464781039095
0.0423420975229981
0.04297201641079812
0.041646723091861404
0.042214112954003305
0.042075177946763916
0.04229363629056948
0.040697990910274
0.04060735797275994
0.037739977292465796
0.0367480063334857
0.03496260129979024
0.034378697341903346
0.032818950443510166
0.032443977831312025
0.031186536884003527
0.030787751465457047
0.03079476133081117
0.0307853738177927
0.030872564188979826
0.030869013395849736
0.02986133587142384
0.02954500653943884
0.02845963266472472
0.028568968614498393
0.027740053188070504
0.027284464022113125
0.027609781416826774
0.02752904116302313
0.027504419718993867
0.027956268214497208
0.027049517129489175
0.025376029833504007
0.0248434073437679
0.0238999499317187
0.023338479332316094
0.023699670617014765
0.02381584400793016
0.02372308628367115
0.02369989570159241
0.0226687460907551
0.022355305096635872
0.020599159321235398
0.020048624330166697
0.019841932906781153
0.019775458747311993
0.019349877079395762
0.019445969128391867
0.018583349663641092
0.018751305213625568
0.017922747319716877
0.01782190137336962
0.016524846978331023
0.016626578718593757
0.015560884852284866
0.015566708553316363
0.015337643638176062
0.015270823447050616
0.014842732249392185
0.015383002856570762
0.015078447809150755
0.014848049207813319
0.014774198712419848
0.014536331341789308
0.014714338554444038
0.01461274082723863
0.01473629894479598
0.014327199157485824
0.015053574666734643
0.015017608187594178
0.015292630568591075
0.015048402182271587
0.01568460336044874
0.01555594403110761
0.015218872394358096
0.015100564953800957
0.015336269874027275
0.015068485311831956
0.01478133654446389
0.01469607241799932
0.014584591014999473
0.014531487975313988
0.01473564249635057
0.014799718132188692
0.014682124339137365
0.015254841738472604
0.014816868077612408
0.014969286567526543
0.01491762169329926
0.015181603891169177
0.015256819182819079
0.01552316636078614
0.015367996661219779
0.015805575913138258
0.015277542613789006
0.015648760860724437
0.01591738949961175
0.01615755237055234
0.016235334249996153
0.01597096125976462
0.015888043776585963
0.015903428227678568
0.01643846830204136
0.016266345291207643
0.016207913902066724
0.016065858241034202
0.016009404794997833
0.015985145805786572
0.016442983129311844
0.015905322950127348
0.01662349066977664
0.016098408212622463
0.016267135223149043
0.015916050825027714
0.015593932620199577
0.015495322288056317
0.01559510676746594
0.015999584162269324
0.015270402548530038
0.015566371048634271
0.015633818435602204
0.015658255083890443
0.0153716337116871
0.015282353125418077
0.015391384438869837
0.015421319819382873
0.01571187747021712
0.01624247598866174
0.016546985591197848
0.01664134715031713
0.01714232749846332
0.017414053657439733
0.016755271784022883
0.016901895671457372
0.01658401034821834
0.016340476216254153
0.016315755518201858
0.016297456945313822
0.016292148427227825
0.01679479611939652
0.01687709979046563
0.017570608501708704
0.018084189132265355
0.017925406310603423
0.017870640231744016
0.01784871372660405
0.017346555913721223
0.01730950578651371
0.01729582195969914
0.017821821281980295
0.01867649802951539
0.019060981431158558
0.0186566369255681
0.01911696614476714
0.019253154138862666
0.019354540604783765
0.019682237856297732
0.019853553976439342
0.019449826229915607
0.02001656887964798
0.01930874845762572
0.01980097583692054
0.01972941808236888
0.01981331505396474
0.0196881037566137
0.01993570007373693
0.01973608382231792
0.019293326466154996
0.019434365927803753
0.01885942033396827
0.019262708657311674
0.019387836315136305
0.019371162218777514
0.019366067711156853
0.01928610360928541
0.019264917047750227
0.01892364193264126
0.018368330295670122
0.01808207942817621
0.018428240357359717
0.017788846984795867
0.01749126697824829
0.017787532073315883
0.017862175784931433
0.017932514155820912
0.01788542266789781
0.017812197405844866
0.017803404626835443
0.017800171090888522
0.017918536239474397
0.017963495904081864
0.017828344527051624
0.017486142865810197
0.017502069300868704
0.01749628479572624
0.017146409551610682
0.017234228487890992
0.016789310576215636
0.016647520891565046
0.01630445394698511
0.015980546278735755
0.015578596425592204
0.01571073141298145
0.014998592882747724
0.015208103658761532
0.014989558158803993
0.01471273070315142
0.014550680547660384
0.014670721601078662
0.014029716345307735
0.013931426457082648
0.013183227225989358
0.013243650916237838
0.013208962758369629
0.013210469475041224
0.012931363529426903
0.013107288643926341
0.0135896696041184
0.013468786167075149
0.013667106341877426
0.012943341496211215
0.0127370920360965
0.012366830941276354
0.012251474503910832
0.012297886519983717
0.0123121367054859
0.01219446518142173
0.01215278962837512
0.012470498163313278
0.012147813249209933
0.01215518538826859
0.012155850694189636
0.01199662686043048
0.011669766290082812
0.011763761501591818
0.011373449295065117
0.011685134219283496
0.012107883216223605
0.012247285113372025
0.0116846189026904
0.011499141763154497
0.010946856955117167
0.01085565943251362
0.010532098825003746
0.010653509082277579
0.01126239052234728
0.011265583853262874
0.011230803993471932
0.011319735597678873
0.01116125475223905
0.010637328662882459
0.010796487640580747
0.010586355539994303
0.01066035000699976
0.010410588249296842
0.010574270716216022
0.010515231966599594
0.01062706821688973
0.010478644333400037
0.010932609316585407
0.011288437659691335
0.011511627354487375
0.011168307269399304
0.011331599277870192
0.011458829934300805
0.011492450709934342
0.011509368108997784
0.011113683155871922
0.011466179333327909
0.01134811141598684
0.0114102376439511
0.011423398157487032
0.011849673118082651
0.012178856830281932
0.012217457079847425
0.012222659178923002
0.01236867337827444
0.012809952179272017
0.012541424765550344
0.013341112476375485
0.013406089635156855
0.0139001922143434
0.013850853307293824
0.014342684525138689
0.014253510810012813
0.014469679039234478
0.014104526357436193
0.013814937721974445
0.014490988125895641
0.014413257052344615
0.014803042468929963
0.014642444944287647
0.015404603254505943
0.015640816445608736
0.015708696710463127
0.015152467150199269
0.015543181108783282
0.01563901072702453
0.016510748006559325
0.01658351279260932
0.019808656401262864
0.020492399141801322
0.02373514890813201
0.02460231150643348
0.02601900088161516
0.026220177030264736
0.027639003907126102
0.027964886411922928
0.029546610186058805
0.029540294510604845
0.03056338962793069
0.03329368264594483
0.034142918717070404
0.03780724327402484
0.04142940813260454
0.043670396572448276
0.04410877023733119
0.04572459909614542
0.04638965347467823
0.04657998472404912
0.04749308999449308
0.047776633842815136
0.04903540940837596
0.04973509992783416
0.05153116880780905
0.05209905285513867
0.05372005157276402
0.05381374877483794
0.05446223781393244
0.05391044532000629
0.05450416408389854
0.05421781360585949
0.055924293416320284
0.055886201804288715
0.05881514717441607
0.0595280238862941
0.061278375853920736
0.06131293487925037
0.06193399279286922
0.06213329050883627
0.062209939076028106
0.06225077957261364
0.06220727130081213
0.062196965646529385
0.06375972839913006
0.06406234659474197
0.06519745321264975
0.06556816334984561
0.06547960482678222
0.06562308964456864
0.062446444638744554
0.06200625939114854
0.05883708768122088
0.058612665738903884
0.05754474153853209
0.0583103710381844
0.05716239341089801
0.05789841174180625
0.0566243465995931
0.057118641476689554
0.05593467214385024
0.05345818632660589
0.05270844004169115
0.04904002866399559
0.04634612557021195
0.044402553684031315
0.046034045866295
0.04506239369718412
0.04528484278559859
0.045335617717047604
0.04460561609086005
0.044358044335955214
0.0431051325142101
0.0421859026025378
0.04133681994636154
0.04105785355239809
0.0404065029328638
0.04024207891074469
0.04095832370576776
0.041036471146543144
0.04044932216174664
0.04025856204783254
0.038939217236952046
0.039843091410293005
0.03717780979907783
0.03762400259722699
0.03623603506554787
0.03730583874214723
0.03659970551504532
0.037034752278874976
0.03676418071005036
0.036725135907824114
0.03590289906486487
0.03605119055585043
0.03503891673637897
0.035731125586813135
0.03433228058191349
0.0347115281381492
0.0346156848877634
0.03442451296784962
0.03458826532880864
0.03407619738821266
0.034479751905921154
0.03403893451851714
0.03468094697987706
0.033780990009638724
0.03426815753048177
0.033367258745551326
0.03363786349179407
0.03282441088673209
0.03286925778162527
0.032478116960706405
0.032843048638490385
0.03266848184682844
0.03212854202262738
0.03198464012434103
0.03026739962275367
0.029675500587962776
0.02914781339747565
0.02900779663364355
0.029100230491909258
0.029063704462085237
0.029063708014733316
0.029090498737072288
0.028370191273794792
0.028148483218855148
0.027634557584701066
0.02802813490322081
0.0267193374601146
0.026304488942665377
0.026061422745841275
0.026604797676329933
0.02621355612376035
0.02516256797414851
0.024848453972130938
0.02374875510494172
0.02349118439117588
0.02231740925620078
0.021585792222156158
0.020917219375605964
0.020686609942121875
0.021161325064309015
0.021359021496368355
0.021608149613293617
0.020988152281149405
0.02009985333874813
0.019820851566761177
0.019471153257972693
0.018838383247562485
0.019009463897213627
0.019010019297196017
0.019379150907298873
0.018932866076153215
0.018991177988570685
0.01822192591887738
0.01798833563611065
0.01803944193097869
0.01800831782001573
0.01851256840967129
0.018672261039375387
0.01882256323763664
0.0189999137992394
0.0191042989022377
0.019165401572813667
0.018731228627318425
0.01856246532536533
0.018331735620149624
0.018298000853405175
0.01842249640824713
0.01847362781847825
0.018761411719593474
0.018924006552879218
0.018796611686439257
0.01874982169663582
0.01862740127377777
0.01912404708604621
0.018967780078488972
0.018338407659781692
0.018527980450475778
0.01896886037329525
0.019073590063697285
0.018804489902970355
0.018715437632969276
0.018608018076518237
0.01857175559524067
0.018796722639462648
0.01877339531343533
0.019272017612963058
0.01976802785767322
0.01998182749622159
0.020053505136612255
0.019580002867655266
0.019875413046426565
0.01938225700589545
0.01991749662732489
0.01977317620168647
0.020242616486317862
0.020004692009705147
0.02003639949330474
0.01966961234677364
0.019965725547097198
0.019725692994245612
0.020087431384607394
0.019812538560125926
0.01965037964016961
0.019601761857868737
0.01902114856403724
0.018841069654984277
0.018228755067164273
0.01803502771169212
0.017631487146306715
0.01736763393354048
0.017336131391698758
0.017305888166249058
0.01757701415459018
0.017919004285010434
0.01757120644255996
0.017472802666377074
0.016637386561871144
0.016662402816407552
0.015998682705201307
0.01618934906026017
0.015919746362897395
0.016585066992225762
0.016392370870867895
0.015954999127611093
0.015454135205705129
0.015713946046492653
0.015458604437664501
0.015092975964751449
0.015380872009247416
0.015178009509457272
0.015116273863524328
0.014997974404297338
0.015260002799351711
0.01480734577618559
0.01527501118285553
0.014558407644106377
0.014287203443704872
0.013922810957490935
0.01427058485940973
0.014281878219369206
0.01486605746260982
0.015053301224117164
0.01471748678552813
0.01461645857222265
0.014230271652006694
0.014138592080953258
0.014007312274292553
0.014322526231876869
0.013857681386830085
0.013774150071115217
0.013310417031484098
0.013842459739347421
0.013908748146428541
0.014225636274757978
0.01403424759309802
0.01476944463714093
0.014517708804235783
0.014681227720103883
0.014709424292957858
0.014954127879876182
0.014444504498828734
0.014599742563957949
0.014279292043028058
0.014120216514680407
0.014540818003603318
0.014733146108743595
0.014881463273349325
0.014628147942016799
0.014963747177293828
0.01466996157680484
0.014737471224367152
0.014004020970737259
0.014389117189574571
0.014361694468560742
0.0150654229833606
0.014884034095558338
0.015429863042293825
0.015517670142167001
0.015102927444292629
0.014962104033125033
0.01514858438950069
0.014999895651215366
0.015027208574984472
0.015484990655296026
0.01502556460190378
0.01563398707382097
0.015528365002309563
0.015489453063476434
0.015004939901349537
0.014923758588559446
0.013797080932977157
0.014004739662341592
0.01382662082101226
0.013989932095912361
0.013882240524171965
0.013791579777250134
0.013766001992838452
0.013835700467632231
0.013842262494988565
0.013778042571149434
0.0137606715388901
0.013425639874252701
0.013728065701095653
0.013672749768296737
0.013662987655733412
0.01350004636367376
0.013746840644958534
0.013578037910875678
0.013553137351188287
0.013305384226109544
0.014336860684383036
0.014346563896064632
0.015012450895099482
0.01502822067745236
0.014958837383142385
0.01487060276719781
0.015249033334189763
0.015371193826207264
0.015592384876317937
0.015661517561459923
0.016024670679245713
0.016166780887240165
0.016014593004230863
0.015987371719340344
0.015702191693514625
0.016294966425840204
0.01588204305947454
0.01600012109341388
0.016068962461881407
0.01669966630127046
0.016786531238555093
0.0173967711584558
0.017206792115105164
0.016747685624422682
0.016606579390174556
0.016079640910286214
0.016368911740520346
0.016667959644098798
0.016766765427163096
0.016996093616715578
0.017591568689037808
0.0172357451950576
0.0175130353702435
0.01738461823879524
0.017507935778781025
0.017383326711533406
0.017840466674651247
0.017546552337097322
0.017995072233527455
0.01810335772249338
0.019115817324914422
0.019092848004919425
0.018756501834888833
0.018504462060313694
0.01855644408866086
0.017922580743876065
0.018048901296128798
0.018078785962787596
0.019382824790087246
0.019782568242372907
0.01926066203978777
0.019089679296744308
0.02011829958578683
0.02201747853030034
0.02301075367554394
0.02332128540387205
0.023770415282868246
0.023913490184538932
0.023503628333237638
0.024753288250008353
0.02466223937466353
0.026422691615637692
0.026571102144716398
0.028809295464113975
0.02931649253772679
0.029919516425168564
0.030112642472734055
0.031087961956782508
0.03139654286668905
0.03093562151183766
0.0310310638973592
0.03048699732731351
0.030998747515991517
0.031119867238471342
0.03204118665923437
0.032301890613450165
0.03263712698589091
0.0325297322639764
0.032662815855804266
0.03262144048923607
0.03269082751733776
0.03268013742579761
0.032467583874890446
0.032400308161647545
0.03392999523473044
0.034452945032579944
0.034981099950384315
0.035151366667197474
0.03488832770831565
0.03479393768509445
0.03424429255921966
0.03405560383891695
0.03526999709166449
0.03665373138982965
0.0369769957990308
0.037090946436250646
0.03683754926224943
0.03712368750735216
0.035855840545301575
0.03600547702355124
0.035798592469189254
0.03664132694520292
0.035160018855808446
0.033776319765384324
0.03259869534136547
0.03280887811990303
0.03194355639393335
0.031643178744490415
0.03140455001483212
0.030131325614522413
0.029728427444749985
0.02845971443655902
0.028057823360938823
0.02650553463011058
0.025780333740176378
0.02519056364041579
0.025606507090906012
0.024817259593429387
0.02456181930200743
0.024427277042638966
0.024569199670668295
0.024609740166111154
0.0248134262795082
0.02486338211736698
0.025106990675851287
0.024955246698995653
0.024970202516175544
0.024981176178466152
0.024942655989747004
0.024743364547796243
0.024374034925799593
0.024258113292793336
0.0251866468977177
0.025478453081685837
0.024652963623212523
0.024836674688079527
0.024550161749039078
0.02446018274226758
0.024838710921543085
0.02496248239158511
0.02501691514376328
0.025048430397948924
0.024541818601595367
0.02338492677936281
0.02432012362724663
0.024618736086662703
0.02508569857028437
0.02535899730300303
0.02544157707418635
0.025023393989340587
0.024677808162442198
0.02459093429977516
0.02589687629269803
0.02564857928786339
0.026435115116703697
0.02623892766176681
0.0265862569428037
0.02672242491302933
0.02689359952272783
0.02676177894654226
0.027676650032152365
0.027303645391307432
0.02811104652493006
0.02758191271184643
0.028065451364270043
0.027449963628489154
0.026973752059220372
0.026586006146583078
0.02654440438321637
0.027337307670090766
0.027175752901595226
0.027126293732381276
0.026769434234866392
0.027353724339784828
0.026428230742139073
0.026535972375352018
0.025819140194228377
0.025780052091430618
0.025641298922608472
0.02620120270119495
0.026162415736170553
0.026636697788699207
0.025567430744913567
0.025657859358797223
0.024890174052936486
0.024539644350270718
0.024105078141398523
0.024424263350800522
0.023910406183302344
0.02420499082496037
0.024116964853929317
0.02408781082339007
0.023652181857029993
0.023580537843380812
0.02257449478720126
0.022253161369133957
0.02218106256955633
0.021677902718860654
0.02190622042744919
0.021885715262838
0.02250330217128297
0.022270379610281988
0.020833016159011692
0.02037813701764481
0.019711864548171646
0.019854075472545318
0.019414229717995883
0.020113602862304444
0.020208989048464878
0.020863104074039976
0.02013432003541252
0.020088539126479475
0.019146767664660405
0.019240471445487305
0.018618855628721072
0.019263509516044414
0.019142225673838425
0.02020826820455214
0.020470143962023814
0.020117118296656095
0.020255863428409602
0.020303032471502433
0.02016544073046704
0.01943058850927749
0.020071171851235716
0.019875460397902837
0.020735995150360134
0.020822129160730306
0.020924142920301803
0.020355097369316934
0.02023902909656607
0.01972626835754083
0.02009885901098504
0.01979587720062974
0.019885483289934516
0.019569137043081823
0.019854185635444943
0.01972611627178065
0.01968942035864341
0.019682670095733764
0.019374919177889555
0.019395710474611895
0.01898665450355375
0.019284142227480202
0.019037062892286703
0.019108017430951682
0.018659148366465154
0.01862237343350094
0.018220058568533436
0.018688363841981824
0.018204386163366247
0.018313634289929173
0.018811270055646152
0.019126109285632437
0.018873102488108962
0.018494057597771264
0.018376441477679303
0.018056960489462565
0.01794898570268847
0.017961866352949395
0.01855281875478645
0.0185530106671684
0.01899176514228129
0.018780555903947317
0.018916465927219836
0.018116009617894772
0.018322483981942805
0.01727027328613539
0.017428894946385595
0.017104625659981675
0.017022619549465476
0.017289616457391643
0.01710737969448052
0.01704876112271931
0.016514536422786066
0.016356023663981086
0.015387963690445688
0.015265493038779774
0.015152289286863989
0.015441302294911217
0.015753054228257953
0.016251092407368443
0.01587736341319883
0.01603398166829135
0.015897951627972372
0.016188064179668005
0.015791213465218504
0.01566479157939656
0.015622133007711713
0.015474541309791878
0.01603105032758795
0.01607968778886251
0.01616988581153824
0.015704558813584745
0.01579076985253038
0.015674046790164108
0.015730812504133183
0.015640959733045513
0.015793200803832994
0.015248232792734262
0.015318628875736564
0.014576944895458344
0.014179968575579597
0.014072847803170965
0.014141121744621378
0.013971892994057225
0.0140480179229005
0.013932237528305115
0.013922792642782423
0.013618247582033586
0.012915173192454157
0.012899916364745405
0.01264395428870596
0.01253007344304672
0.012289201294406395
0.012861141567601639
0.012951780677395863
0.012981902844214428
0.013148606224526675
0.01319913983518408
0.013099384950316493
0.012771136123109232
0.012650187917838776
0.012613083395136695
0.01228503869325339
0.012169099527316082
0.012897419595116427
0.013574248448816667
0.014463998786709125
0.014412306622292908
0.015110671408221466
0.01687378572764585
0.01743200496742869
0.019332562883636367
0.020272529052030423
0.02074729500759386
0.020769695915247455
0.021153645919786915
0.021302633715112526
0.021819755491162857
0.023790395656915608
0.02438134547030708
0.026931760309457254
0.028277142858042788
0.03020863538088111
0.03084984048272472
0.03213564122765428
0.03259618480844275
0.033295996691352955
0.0334772206581862
0.034147073767538165
0.034686808526342545
0.03493727020557075
0.03549048106675721
0.03662625523007945
0.03701283327746925
0.037541348951770255
0.037338249161246485
0.03771621332938998
0.03747511110183159
0.037899843919493845
0.037840701374492046
0.038496704733191195
0.0387911189991447
0.039716340808915236
0.03934394010275489
0.03991170680386699
0.04009504329285633
0.04085518504118018
0.041074293458278455
0.041123708327469165
0.04112469416627558
0.041897174154936684
0.04216254126691888
0.04322673804319982
0.04356636126231949
0.044088648398056283
0.04361458540009023
0.04346310636220094
0.04396441371036861
0.0430503678318022
0.04139741452499513
0.04107809787836533
0.03962830169368853
0.03884875844944531
0.03914486538941912
0.039293244315841934
0.039200167633345766
0.03913333039793542
0.03885320074851034
0.03635303749540901
0.036138506355701094
0.03414214008299097
0.03295367153507776
0.03134316856605828
0.030829036080131565
0.030248430748817765
0.030068836344946847
0.029842517182913298
0.029845992628538154
0.02928560695883899
0.0287253867420347
0.028406492754238725
0.027656008498466677
0.026899001339136457
0.027593434335836053
0.027255661871502745
0.02821105500683327
0.02802281104926367
0.028413944084127434
0.028052635860870746
0.028311922355111426
0.028483452421920616
0.028813369167994658
0.02806420381824321
0.028798302491271514
0.028014050787726813
0.028678173507006646
0.027814832343422385
0.027552173138655562
0.02748735570616567
0.027479499958665044
0.027348593930273068
0.027620100382126415
0.027550425441144423
0.027519645632185896
0.027164658998374423
0.02703791581315401
0.027467099931190724
0.02705011199010325
0.027480800483617264
0.027036601222877064
0.027487220105557555
0.026986242715814193
0.02802477782243833
0.027341619282116397
0.027979595641843668
0.028404364426307446
0.02879751092696821
0.028457204264957105
0.02865503523255863
0.02874927241688292
0.028173401216188908
0.028897855331528347
0.028667347409946885
0.029295771028679096
0.02837959263074828
0.02840399892608538
0.027877703286820932
0.027724932450456055
0.02736597207260974
0.027722410453951872
0.02866262076233491
0.028983118765957893
0.029069085098214903
0.028130592663716612
0.028493302598285003
0.027555444448433514
0.027292845421698252
0.027527921375263407
0.027563061985414642
0.027766207577405153
0.027076202777061447
0.027067063331689446
0.02708548832689641
0.02659139141812547
0.026646977359020604
0.02577301450675357
0.02562338174946655
0.025667719872941946
0.025747761118408964
0.02576388898387491
0.025555726556757256
0.025147260835137672
0.024465557026972836
0.024250450204862283
0.023907877646751608
0.023838296873759865
0.02344521984054631
0.023348383469599488
0.023269824209652207
0.02323817123224585
0.022895445475049
0.02303944850487104
0.022094381605036836
0.02178600604740818
0.02110883368695
0.0204728241642408
0.020082442427769957
0.020311627157953763
0.020037483407760084
0.01976659771969062
0.019942789006581207
0.019084645229339208
0.019082031622721173
0.018384962508399265
0.01825806550501413
0.01899725487556555
0.019192764425251026
0.020333280215179043
0.02085103691855133
0.020569347005543137
0.019458253921791645
0.019546221212446764
0.019054156671228104
0.018910695528418682
0.018485323987960746
0.018320860981732794
0.018265854402934514
0.018136057885972768
0.018467383558701988
0.0180131565650616
0.01844999411681035
0.01799192771368702
0.018017696821958355
0.017558905177587975
0.01823233382344471
0.018571346504747316
0.018329285008849575
0.018152163585926934
0.01831899059033977
0.018424330464075763
0.018594464451336917
0.018664570279177152
0.018523082449591798
0.0184981279843982
0.018453193443071815
0.018411344431451558
0.018182062648752204
0.018943720105497927
0.018641703474803196
0.019149283253952668
0.018884367647866745
0.01869717874118681
0.018550027205722214
0.01892700108459682
0.01875300513324697
0.018782705790630846
0.018749706458856926
0.0186543528583037
0.018906953763323363
0.018599349528271504
0.018500062843165993
0.01856519429326126
0.01866988454016136
0.018661349157939967
0.01896004816210672
0.017901761926790202
0.017758594551684895
0.017052043288296192
0.016857065787192326
0.016816048020252026
0.017515168848908417
0.017848448714834087
0.01797418855985888
0.01831274844657741
0.018155462146358416
0.01880739950940145
0.019001641120171817
0.019231480884285647
0.019459480173033446
0.019752849063858685
0.0190343806587544
0.01957697961500736
0.01973287822901888
0.019798390796030244
0.019207732174985906
0.018870516828986883
0.019048716982836174
0.01910626511924707
0.01872937484412221
0.018589384916992226
0.01808669471466482
0.017913576661950707
0.018037951187445195
0.018098921973907077
0.017872815305493263
0.017823911074898058
0.01738509734157554
0.016368241391464377
0.016418266954083653
0.01596536552122299
0.01588907695572104
0.015692499363991436
0.015779027865414356
0.01535041663391195
0.015299759489726521
0.01492424018582415
0.015307634748997245
0.015088871851106467
0.015491257012869903
0.015630271114094773
0.01623249945677182
0.01635263739873709
0.01647991379696541
0.01649838280347768
0.016203595931635374
0.01683964794285677
0.016861313627008444
0.016843390035912717
0.016822482678302043
0.017172981269364035
0.016567231266949364
0.01612338003008391
0.015963360382139496
0.015868152842938542
0.016163578958381716
0.015811916107049732
0.01571972390762982
0.015620050945359478
0.015337923009363066
0.01498665031864549
0.015069316205496265
0.014346729564863906
0.014417304373146627
0.014462965167506612
0.015400761519603663
0.0156834096350052
0.016111430022402586
0.016279419290983522
0.0162001340185005
0.016160328832592264
0.0163069587269327
0.016999502169963973
0.016884451430977398
0.017273778615326328
0.017513609734211583
0.017565789975144776
0.017935454724188397
0.01821510186044568
0.017943139189860968
0.018278479925137744
0.018280671255792583
0.018540657185289813
0.018464447008140646
0.0186301288741905
0.018647542429829786
0.01939427488276349
0.01910512240951052
0.019132931558851287
0.018482551667055192
0.018545594053331213
0.017740987580424302
0.017579596883165155
0.01702697851042647
0.017519605638950993
0.018141556963858562
0.01775732008287949
0.017640937000300803
0.017279778428351954
0.01726597246004574
0.016912328864514846
0.01689624403864009
0.016559635316513596
0.016784551746712936
0.016607459952771696
0.016444815391255804
0.016085531316707386
0.016300174167563936
0.015622655193779781
0.015779537489924108
0.015833530308294073
0.01591304997740168
0.015956642440236438
0.016000449101488394
0.015982298174640423
0.015213291814079592
0.014983459088860793
0.014804495389175585
0.014738988561595907
0.014991191579563414
0.015043053167464036
0.015281262829482768
0.014694933442011185
0.015394849634082554
0.015151912117652856
0.01575443596690132
0.01594648467177907
0.016554467828669966
0.016612092318063848
0.01721610082651813
0.016857667042274115
0.01762794181615263
0.017603823749845066
0.017578516791771602
0.017370558684765346
0.017987673667862778
0.01850540833890755
0.019032713513459816
0.019083058221854708
0.020376748062440914
0.020488698649868957
0.02147940200055432
0.02268783318821148
0.023082885862002703
0.023318180715809288
0.02321554289431885
0.023585011803958313
0.023698750625043244
0.02442929593054835
0.02440562990325948
0.025781167187521752
0.026109756897446035
0.027024429572580114
0.027338511129940447
0.027598909001681292
0.027511394538289578
0.02788107813626719
0.028478934269522402
0.02864923662712149
0.02865916879753153
0.028678377270012056
0.02923252035225762
0.029410549225856793
0.03000829139385905
0.030197326710883245
0.03005654359318025
0.029992362408378576
0.029829420405768324
0.030362340143573127
0.030391103789372934
0.030449066754217772
0.030119322326859464
0.030467501525587446
0.029696919678236927
0.02999624393136848
0.02902329016117849
0.029214711703726436
0.028226742059050503
0.028543597423695912
0.028054044574608958
0.028444673596127113
0.027673472078453328
0.027814089208887456
0.027762087130890976
0.02867023310645102
0.028435788168164933
0.027225188661049494
0.02649025587188674
0.026932628402519743
0.025751330742364
0.02601563205928202
0.025834827006630395
0.024784140029909668
0.024906763737657333
0.024187480276387004
0.023700606103637778
0.022991065261701277
0.023042560364777788
0.02224549755566347
0.02262083357062808
0.021357022865614594
0.021001271048665435
0.020108716598278297
0.01970186786886787
0.019399019032153002
0.019671830762551735
0.01935381828079543
0.018568253376595165
0.018325756777592538
0.017830811888291193
0.01776847274815888
0.017010503458251915
0.017326408447367287
0.0165354762167921
0.01621398581038781
0.01570245486634698
0.016122683381320606
0.015830854011512276
0.015665218264396884
0.015404370183753478
0.015565001444987235
0.0155196941942418
0.015337583823209907
0.015293208176251728
0.015045829336717715
0.0156902373932758
0.015412052398400555
0.015471427457432706
0.014853290421767798
0.015002350535551845
0.014481068940376103
0.014730292197846797
0.014439970566242397
0.0147819937114258
0.01397474447184023
0.013887454681092475
0.013919390859754268
0.014696602602494809
0.014271906419661662
0.014419136895403781
0.013840248854691714
0.013041691303577383
0.012794727529776844
0.012634797840353741
0.013054011263605144
0.013392522245431
0.01352954269093388
0.01335565062629873
0.013291850677928273
0.012804072696608547
0.013297519122457963
0.0134140444594617
0.0140241250442433
0.014192979788180397
0.014254286266993241
0.014211836703084995
0.01442377931411583
0.014354191876575186
0.014517296898286802
0.014400061865792171
0.014899976916615834
0.015146716181064845
0.015214677002788477
0.015103875481667528
0.015650755664819646
0.01581912407746196
0.015465752164761083
0.015421421954873083
0.015112790588879696
0.015044902350142879
0.015165817811260576
0.015059725805492313
0.015851531853478
0.016471835975948385
0.016743034881447835
0.01609835266440232
0.016090718016814106
0.016251836321084928
0.016307547887734582
0.016865925328471927
0.01706028122248253
0.01742834897197372
0.017811450374924983
0.017745751032876563
0.017731320297100363
0.017592335164444698
0.017560611886351076
0.017211989605345628
0.01720773407935019
0.017459221888215967
0.017558666754203606
0.018046760706889816
0.018198337463142863
0.018034407385663705
0.017532676962441353
0.01770216901560186
0.01773678059327268
0.018498693531967817
0.018753702579670385
0.01907205204287013
0.018535728823016837
0.01858769391086472
0.018443048241546675
0.01823605780715159
0.01816504566988572
0.01842270975015737
0.018717139114005295
0.01881479333923123
0.019322146177474665
0.019476923172241825
0.018995756367077253
0.018708341043181573
0.018101639283688256
0.017913364892047045
0.018090303220225687
0.01889376446955268
0.01898736441364717
0.019810177243038504
0.019862755632545644
0.020251813599274797
0.020058571823051156
0.020436789878349227
0.019458494680117316
0.019273955762528744
0.01883930646466643
0.019186566933539862
0.019081889184798497
0.01930781783119388
0.01939732896246911
0.019309777668028823
0.019277530668692523
0.018655566193800873
0.018206627519381888
0.018216763404456802
0.018605053243941162
0.018730840228895027
0.018770905951394537
0.018792389732246447
0.019387897747479742
0.019042622716837525
0.01976223233315664
0.01946388492810215
0.01968621491341624
0.019861006419821248
0.0198943805193576
0.019340523212917137
0.019816113338910157
0.019415397296323477
0.019259115775043877
0.019585459014207773
0.01967631212053294
0.020218570188010192
0.019956309760163268
0.019825703161798533
0.01978403696082501
0.019304803940817492
0.018730050422278106
0.019064925489383527
0.018503044888134385
0.018643674302114353
0.018576262200046677
0.01883933970912308
0.01887764263945526
0.019466154735155183
0.018909307880104437
0.019611753882456263
0.019839151047784203
0.022058109642492253
0.025381481464291353
0.027089194918721558
0.027537884841601218
0.029218911649658518
0.030281392659129963
0.03013165510393544
0.030907318841610066
0.030676331965833588
0.03359900764930378
0.03474511012818394
0.03865815328888022
0.03913640321635726
0.042135618556344685
0.04296024096288597
0.045890121641041184
0.047450402314192626
0.04784699907786682
0.047728989675279915
0.0477461725312683
0.048456478376563285
0.04803500869094519
0.05019357882336371
0.04994396184116168
0.05188221207797151
0.052316286728456785
0.052188389939176086
0.052742877520299956
0.05276824848609885
0.05282783109921522
0.052556036334835896
0.054058699685467414
0.055152087427664365
0.05555185598389869
0.05676293491949238
0.05716160659925218
0.05844186195078567
0.05885231182107971
0.05897086507333271
0.059119731430410195
0.059256974986766145
0.05928923623932615
0.06062166502417492
0.0610730369692871
0.062286764446343866
0.06261611854966712
0.06278036265469365
0.06345704671112708
0.062083884973390596
0.06218220451782813
0.05934432714653732
0.05650954273566916
0.05459066182594413
0.05453429155076765
0.052504579564704265
0.05223509041358282
0.052717824850964067
0.05210664486316256
0.05205243005670756
0.04908123831462767
0.04749985321277792
0.043401268662990565
0.04307204332191609
0.040114013599466564
0.03996534740422645
0.03718188628874188
0.036003118935854
0.03539628405257471
0.035515720894592887
0.035519124261840715
0.03453943414075831
0.034173552126232826
0.031920070634525066
0.03194671449100037
0.030032398986846922
0.029272423379102904
0.02989580074948326
0.02948130550554541
0.02954369306269137
0.02887234572471371
0.028814963303484542
0.02772525102866918
0.026368404880650974
0.02592067974475771
0.0245277422412696
0.024082597726984966
0.023123053767035166
0.02318927870239106
0.022963036137469754
0.02278885679437695
0.022474821422282135
0.022366897904398175
0.020715120107906063
0.02047295808517749
0.01906963757875538
0.019169584510905415
0.01854255941932955
0.018410663676951277
0.01840738301592669
0.017847210402704233
0.01752763528432316
0.01689481833617114
0.016970779842161113
0.016440082229133943
0.016852263341145826
0.016097107502945185
0.01623635368779065
0.016211192843615135
0.016413583531535575
0.016453885628270788
0.016479458628667298
0.016545199070362778
0.015848399901819733
0.01563485036059708
0.015267093709789252
0.015716645212122963
0.015325523756921575
0.015155601102908908
0.015280311964082617
0.01530131368940639
0.015224233136103396
0.015212705764029184
0.015347204640056423
0.01539626197397303
0.015434740524242003
0.015467461292728866
0.014802820309595208
0.01489524221613242
0.014878818369634372
0.015037682618394896
0.014972418705925994
0.01473878089993335
0.014302396439613969
0.014504924361043066
0.0141832929468263
0.0143740594067894
0.01409846905726886
0.013765973125418893
0.013990249592190765
0.014095674398946408
0.013872587305783559
0.013834204274706576
0.014220215889569676
0.014088433071057217
0.014487702585112387
0.01411187983381417
0.014354177203196311
0.013803002816781793
0.013889859445106961
0.013938520899642365
0.014226675317281667
0.01444305920898483
0.014441680402660511
0.014385960291043396
0.014341330819571235
0.01433003603261628
0.014095507629794033
0.014022939869705896
0.013912581609275393
0.013875913669568847
0.014029369287080611
0.01404834363275065
0.013987949046414554
0.013966139907687462
0.014204804786351864
0.01434446444463116
0.01407691611757825
0.013976927307226555
0.014080460493033877
0.014598022329457134
0.014680284144992091
0.014766044608432232
0.014530275977371908
0.01413865990452992
0.013884609465041099
0.014759546864698563
0.014849462655391507
0.015202539176864548
0.015316532521750376
0.015901249078326456
0.016060501007619327
0.016282964717279448
0.016629070789165392
0.01636545195932557
0.016796954151250786
0.01667815858286323
0.01746812790978974
0.017771040996699843
0.018516233996097187
0.01870696443016628
0.019001890888610748
0.019087073596817782
0.018982414092021643
0.018870358392742308
0.019213720474672687
0.01943032435961878
0.019559249154634906
0.019527713188383776
0.02005713692597807
0.02075181625662017
0.021075662197314347
0.02088202230365269
0.02101739418623909
0.021108992627879637
0.021142214434515222
0.021262211593020105
0.020928865343242464
0.020815488165009402
0.021064408138903513
0.02157973645444911
0.021452159342490645
0.02256679308920682
0.022748238589167243
0.023351506060973245
0.022804723184575767
0.022792619317101
0.022872734161518016
0.022911639447854255
0.022295316790805354
0.022242691141007548
0.02284246512401952
0.02295294646954535
0.02340647658099114
0.023160680840187013
0.023279051337318286
0.02233355028943687
0.022891207396449578
0.022471520027002104
0.022865803704018476
0.02240570121869158
0.022432823676970536
0.02200727103716059
0.021815360169385997
0.021787395475739754
0.021568745397716783
0.021449808805675527
0.02177178266925604
0.021672008068609704
0.02138922590753169
0.02133858911029881
0.021443985546508657
0.021479168555605055
0.0213769929034449
0.02189103468914583
0.021786400569529338
0.021645718181842532
0.02188699528849195
0.021976792396059864
0.02182209838915918
0.02151774954821098
0.021171873279283684
0.021061096705947108
0.020874357118067267
0.02109394349412811
0.020639685641407925
0.021205981952912536
0.0210149631604135
0.021738627801432032
0.0214408133283533
0.02126044994031842
0.021172436505639648
0.020205104859144795
0.020067508918970293
0.019486546477551426
0.01963514557363185
0.01895117066876818
0.019149889378539935
0.01919863783100787
0.019943923136461355
0.01953502019629672
0.01893568024221702
0.01874222835706442
0.01899359515216358
0.019448309032365073
0.01939306715403896
0.019965472544400318
0.01930748117339364
0.019934595300196506
0.019666182347983837
0.01989685651462316
0.01980460369441625
0.02017768928936972
0.02007587731375796
0.020189637580093334
0.02042184005549425
0.020486274998043782
0.019327302334304193
0.01966617773397477
0.01973360708594823
0.01972708366403823
0.019573042345122364
0.01952916518105172
0.020074014421574304
0.019731857797085924
0.019695863246996584
0.01972017766931782
0.01955016881294478
0.019489076579908792
0.019099863144442814
0.018713222326888858
0.01896065207339069
0.019199718346485543
0.019568932699853717
0.019411205396877643
0.019984658214427232
0.01933646505009791
0.01958334615237433
0.01888949002214735
0.01899331044496947
0.018662809910112984
0.018914825686573242
0.018770174126978498
0.018596994888043113
0.018709703348000366
0.018444696882363994
0.018797932156497322
0.0185035427242035
0.019227478859793975
0.01872592276295065
0.018887809313136675
0.01876635202244927
0.019130139081053328
0.018488281541684796
0.018271014755888465
0.01820190585312549
0.018294111710633706
0.018699395604282985
0.018153980790846066
0.01791269921426346
0.017528460427996075
0.01759379737243657
0.017187632786953875
0.017353890136000104
0.01724436265794382
0.016785900858396458
0.01664975025243047
0.017231655007181143
0.016734317833104008
0.01650621500153285
0.016431283546031024
0.016150723001872782
0.016051589107325667
0.015322616045395882
0.015458351134429447
0.014863654429516844
0.015431992870843975
0.015194735362641982
0.015136701595617884
0.015286426070468186
0.01566328138865999
0.015305540223460033
0.015288564520025487
0.014736430327540472
0.014918105454378931
0.01437798126574897
0.014537585319561699
0.014125818145839157
0.014344270163219965
0.014092125748381232
0.014608649195579129
0.014409099530469488
0.01441507591287161
0.014370063515070017
0.014370728630221444
0.014976731623682338
0.014889282874702809
0.014891829792705875
0.014441247719474642
0.014714209894484818
0.014472582227800658
0.01455932150416738
0.014327281804460561
0.01458615260022017
0.014349913511489776
0.014573728918939021
0.013939695773407822
0.013782428236165536
0.013566470849418427
0.013875965033401945
0.013823470396008324
0.01389771395974398
0.013908966475201252
0.01391069785469168
0.013891679419591508
0.013998633718638152
0.014363837913027994
