0.0
-0.7086774507800863
-0.49805518955329464
-0.566980919553638
-0.29515956148426026
-0.488977669921787
-0.16202435058853604
-0.24829233920845878
-0.09232150885137154
-0.10085044382532203
-0.024721139216834997
-0.012522102421587855
-0.17554084149372448
-0.03806473570244613
-0.204691792861782
-0.5853944169924066
-0.6058076050707553
-0.7027846857692379
-0.32194970734886424
-0.6505504066551169
-0.42833261099891046
-0.27869428729029894
-0.5707118262573452
-0.27940248883076413
0.888337751846784
0.7138329649702801
0.8210682711095175
0.8363206969254624
0.8574977833033957
0.831118544215199
0.8845286427868493
0.32454514010849744
0.7895932074598411
-0.3548682294731967
-0.1908447912888108
-0.6934932235599311
-0.7385918237487342
-0.6684937618081372
-0.33640149386078866
-0.02220691080561349
0.7228739442468155
0.7728408939044391
0.3111092994784009
0.8427460532368956
0.561531497173045
0.3320787811553034
0.05392161475597944
0.2612180650969622
0.38307189658526236
-0.5428478651812524
0.5220692784653256
-0.3690679036512129
-0.5837648041942248
-0.19396273924829183
0.3153162063399265
-0.7347153474568475
-0.36515993153719106
0.616350470803545
-0.6437606315018486
-0.5378935618748056
0.23610626871264503
-0.5389470131143085
-0.5396835936371581
0.347837772850795
-0.17981459287674215
-0.5551041327584932
-0.43423403682295486
0.4242135625583476
0.3860219334031204
0.33965216283172706
-0.7247541754905231
0.9070804696667036
0.03315627730434399
0.9352676635824909
0.43228693955832864
0.8977575442072848
-0.17346080574842404
-0.3571961025502909
0.24293579922199832
-0.6310008244658357
-0.004267639490888833
-0.7141332738976252
-0.5337072485485642
-0.9270741063310968
-0.03727661590092879
-0.03569516516428012
-0.16651405823641996
0.8402025887532925
0.6131515655356966
1.1954043026667205
0.6586180714762635
0.006786701788847972
0.22216078491402252
0.3018579768213204
-0.526745189654293
-0.2706099705310069
-0.10402547457174416
-0.9545995003860329
0.33980761731958536
-0.7711431690694757
-0.7899509631621625
-0.7360060894939275
-0.7065740227306241
-0.0013820644046600855
0.23625395160243584
0.5255134402991974
0.021545556540852016
-0.14804341157675344
-0.4194817857081785
0.6344653779963477
0.04506805071845111
-0.15180116835285343
-0.4596214435410427
-0.16482389230865158
-0.33789009926608854
0.23471604413380448
0.4024657628893311
-0.7880086340242604
-0.7124318783221029
0.5454229271178231
-0.28839331308314275
0.6360241444251705
-0.3556919744354625
0.8013887020751727
0.892842037347779
0.0249516477549509
0.17592250999565545
-0.20574630886870365
-0.23228737612013595
-0.4881003962237649
0.19704076418376437
-0.24994449677209074
-0.3102900738615969
0.33234685209269305
-0.5318523828600689
0.34444126923643203
0.02004572687839054
-0.24400399615088947
-0.44884372116381904
-0.36729794005372407
-0.12130404376303422
0.44386564606958556
0.29922624401031866
-0.6175950604478078
-0.04348400163535521
-1.222482062860312
-0.48447627505810853
-1.0699263591545933
-0.9204135285555471
0.4306175217502999
-0.7634899218008437
0.2198884800796973
-0.09459149065813119
0.8827803986654552
1.0169633622284953
0.5309855946792579
-0.34850279332952655
0.05419640206762462
0.6219355054647565
0.46354567953560194
0.9694346511616339
0.40080506480480965
-0.6029416723808263
0.66679665947525
-0.24104535640289448
0.6626047820639462
-0.1211084435184264
0.7786300538662168
0.13853207524962197
0.8352087701301041
-0.07071178527016679
0.13576424627898598
0.6725258253776397
-0.10225475425743315
0.5540952021712625
-0.26322432880952495
0.38120827394726675
0.9996392087036102
0.3563708924018267
0.8107997533778746
1.0118727982409268
0.07112151605685395
0.397759181577496
0.08610623892263244
0.33703056366269657
-0.5083762481144777
0.03359646862749588
-0.20304577187195397
-0.9089355634520733
0.1517556217765466
-0.510236808452311
0.3953008199550953
-0.16725383643485775
0.015767331350134285
-0.10306579271485447
0.5532201280339816
0.7657859313241171
-0.3191798571048713
-0.16674831525205064
-0.09328480685449855
0.49369716094897353
0.34365020313934314
0.16657900804076053
-0.17930170973418746
0.4198744793787307
0.3441335457875424
-0.5085915705923699
-0.21636108784030275
-0.3302970913724295
-1.0002262783088238
0.3520343630796222
-0.6099300095427223
-1.1302714911917064
0.15289163224497712
-0.5019909609875498
-0.35757780154216223
0.18142566105572178
0.40220202844521086
0.027086552608142106
0.9486198430917013
-0.6458235399185426
0.5211940934073149
-0.6152821896519289
-0.6710928664293667
-0.6753216726443301
-0.6204784642752076
0.6012382279457265
-0.8400086948816124
-0.4003002034186814
-0.8744464889566452
-0.6406657509680894
-0.7840955856744707
-0.8182104523614621
-0.8778510796566271
-0.9274430346641632
-0.8864177625710248
-0.8415614126735543
0.35590772627113665
-0.5414927950118651
-0.19621637295160216
0.7081399348398575
1.0958612798699212
0.8970145751687914
1.141265359016492
0.23383491563640177
0.517902140911342
-0.2689177572125795
-0.5639027761026519
0.5073703674233302
0.48280503495890786
-0.4905694740480878
0.9127802363819969
0.6949296804599733
-0.06519592982010136
0.8547837403022698
-0.6485678347443994
0.21405058946233063
-0.6524325595627557
-0.8021698721962667
-0.8734346367667495
-0.8783148650595399
-0.39712260960275675
-0.8463234043795799
-0.3180244298891268
0.18496913588909847
-0.677105070078903
0.6084975480178461
0.5078763056039588
0.23407207357119125
0.8199853251072523
0.8708121198281417
0.32583236123051174
0.054888305305006296
-0.2721781436032154
0.05507212484755046
-0.7780997648524959
0.6648238292505982
-0.7107017298528313
0.6386483008786624
-0.5605437809408618
0.5670704729536303
0.4957106720926945
-0.6149352728940551
-0.540483137000654
-0.347008386751602
-0.9670398195849156
0.4596871256894803
-0.8444391544955017
-0.7855474782413373
0.35248839659422104
-1.0629706388085696
0.544018499791004
0.6436984792697027
-0.09051228970382982
-0.48108317046244176
0.6984044538303762
-0.6827062209615563
-0.233892917643732
0.03999603727947737
-0.5222317249318041
-0.32822451880061276
-0.5500794604441627
0.29578796016451997
-0.1818842125180148
-0.8213761230244734
-0.7098376244240353
-0.7672381806557962
-0.8466347352883248
-0.8664687726283289
0.06132360092600833
-0.8586332898597479
-0.8253742107346627
-0.8677856932685849
0.15112798489067072
-0.45893518394362975
0.4761605532634645
-0.0950650620289767
0.613036819535861
0.4472533799503945
0.3855264584248149
0.7003814604063153
-0.04345518588040956
0.7251839994448628
0.7287077809195804
0.8783000342164304
0.6580926872582915
0.9489038209231614
0.9133996749466705
0.6667500986152348
0.3635094171513585
0.42973883768693677
0.629134544229813
0.17933352823304805
0.28408026502170947
0.6819808152615452
0.7106143666021749
0.9382475716543304
0.5236030197597773
-0.3724965775054986
0.9498140074757329
0.35257164793546053
-0.4601057789364162
0.638705089323745
0.8245334461549532
0.32439811597454465
-0.7879323405182416
-0.39781573034574935
0.2454734844337027
-0.32727991119908184
-0.1733692187798854
-0.7125671762666885
-0.8879704316962013
-0.28194700953821916
-0.6268688397424335
-0.378704601748494
-0.18554810758785154
-0.7495844979613652
-0.04264354098109252
-0.6123337028207734
-0.598332966119062
0.0019446113412859567
0.2105878361036245
-0.9104261776312649
0.03982470964374968
0.24597136166525785
-0.6320540971026142
-0.503766638377225
1.063588991557135
-0.5371896253508509
-0.14063556182248277
-0.8511151865241777
-0.008314460903953491
0.4023502428038637
-0.1285738010399853
0.6506982339897627
0.5765317527605046
0.9409676052893667
0.8733134722112171
0.6991281085603329
-0.34587846776979014
0.8951499486617175
0.32588656777010117
0.2653472878546492
0.9014777734793908
-0.14159096061745732
0.0015165257415519356
-0.011228840209581661
0.8124132845468082
-0.8188099432204194
0.4540060397156437
-0.8385900723872171
0.5166055769619534
-0.4619532297188717
0.0759289680293683
1.1272344066331055
0.577913581764843
-0.05227887553069249
-0.10641303616417422
-0.4241644112232821
-0.39311399668881786
-0.05501468170265528
-0.870818007707748
-0.7917995376138387
-0.9337985697523143
-0.9183796267004211
-0.7243224343839129
-0.908159292654574
-0.9974513735581219
-0.6943802125564352
-0.998676435016926
-0.915615087058022
-0.7695049185684453
-0.8354248823929564
-0.8362353582538201
-0.5177913236819135
-0.6029315508261341
0.7881198118056537
0.7332890336398852
-0.3435979585955893
0.8861975148872644
-0.4615481300246207
-0.6730747020774438
-0.7119618661214311
0.44085916940156444
0.5382377570393841
-0.570015931407279
0.28171677759356384
-0.7388072031497444
0.5034333189054474
0.3170411122353822
-0.3570603519841821
-0.40858010406221124
0.45512045021765907
-0.5668540921695632
0.16447162436889423
-0.11950013813593055
-0.055151464810781974
-0.12020979963777331
-0.77509616686441
-1.0984667546485283
-0.09590231017474256
-0.48551998848960465
-0.6176744543987687
0.11234194753164453
0.42577557801532995
0.23007422070385444
0.6211805486793303
0.6679883058443221
0.32573474780391554
-0.2984049084947596
-0.6244563107231555
-0.9120032729539664
0.17289816382782178
-0.08208828344695618
-0.384974198256894
0.3527270066512635
0.9358915965430515
0.6480689347180042
-0.45401717085124554
-0.5675851237717902
-0.006117104002930529
-0.9674128992802205
-0.7755065565553592
-1.04484668307195
0.3648963800726165
-0.9234795293311076
-0.698487068322344
-0.060186592420263474
-0.5235779979643789
-0.20667763101589587
-0.037981270390923416
-0.35571787152796513
0.4629503407072163
-0.6234017097984733
-0.690404732535898
-0.2539733761003782
-0.957496784680963
-0.43984411945271573
-0.8120598621754852
-0.9588856787140895
-0.8800829644546438
-0.8968024908598371
-0.6767707992913011
-1.0228174608102498
-0.9091939240352863
-0.9084968873891661
-0.2323445566708686
-0.8384824703514858
0.28469669031009415
-0.502755233132751
0.4892328414631702
1.081720469113887
0.9288534783450376
0.9764668463898349
0.8588735023490267
0.5939384162447101
0.2433848416311132
0.24362345948474529
0.41143585417542494
-0.6684487527523085
-0.20410682343989486
-0.7992756650576872
-0.5649980798104501
-0.9145852750386202
-0.8983016455396935
-0.892914111057775
-0.018226712163614364
-0.09292223884066858
-0.4861100226548064
0.5019723295000676
0.9941734659000935
0.4243754016557776
0.4958068257360559
-0.3166276153862619
-0.5882800477085637
-0.7328722792103406
-0.11798456738168861
-0.216157339792599
0.4776322337143127
0.09630968638351306
0.748268638703823
1.1629251456349823
-0.04718026600052466
0.7344040075609906
-0.4131846475246522
-0.6153560628479933
-0.7489574678344368
0.27223343971013
-1.0349291361143278
-0.5036812685999323
-0.7694923446384917
0.6217084756975289
-0.5334129535754111
-0.3481030568110803
0.6468761645584992
0.3446222240926626
0.6318869287229922
0.732758686423062
0.8817523497849235
1.0007517323702952
-0.13664359015918703
0.9059763949090625
1.1028927191823297
0.4188252918187421
-0.5716151964194345
-0.18184789537637297
-0.18137616078383456
-0.8473675662118313
-1.143970872153987
0.25232428540415297
0.05124402425938335
-0.041123561099273065
0.5733207049621791
0.7909333322582044
-0.008189237694405271
-0.3057745236023622
0.5547902371286916
-0.029274635280423345
-1.290277628997573
-0.8897896396210707
0.22254335754940974
-0.548195700183393
-0.03308743475341719
-0.49027650559929864
-0.6425602477749819
-0.5641254147449597
0.5298287022221108
0.5589001743723646
-0.13820824268286763
0.40662620857164405
-0.46055535111470863
-0.6468579844333265
-0.21910108729958153
-1.1499780963800037
-0.9254665778377621
-0.5329161473975099
-0.038074647447486454
-0.8842319884837462
0.8950262881794472
0.3526479097536859
0.5715543995566011
0.2702344207864007
0.751955026115048
0.8829308835451419
0.48048282134904907
0.8870403968527498
0.018963432178198958
0.6493925248417547
0.8621707091832327
-0.08218458394415912
-0.6633865387627307
-0.3689889448248252
-0.7719718059133083
-0.8974838407467596
0.2899292981589045
-0.44749856078528377
-0.2385690744617725
-0.03618807231125043
-0.5166512751021256
0.4662225415860143
-0.4633819242617181
-0.493896787902921
-0.5963269455435699
-0.9928455497933972
-0.19277026800841218
-0.5321417434015376
0.3760481838764773
-0.7879010551727197
-0.13861850974752948
-0.5788863369109988
-0.048829457987307034
-0.084235477146761
0.4786692496011228
0.2965493377796347
0.5313377116981071
-0.8754407364904893
0.5308668759374899
-0.5994174270297138
-0.7850919425455841
-0.3703053746568276
-0.904994259947656
-0.9240691748316759
0.3420307509588942
0.26092753687968895
-0.5702831185204404
0.3420552116029535
-0.4605372759835364
0.675709276986173
-0.9297413339597802
-0.710166379906137
-0.34926614396972644
-0.9360769626556772
0.257077664272255
-0.7851037688171263
-0.1557934318224008
0.16241364252610957
0.5172310176724748
-0.3875830178790003
0.14818255207291
-0.11180849166813556
0.8290520026587969
0.9669297106148234
0.2584924699036987
0.4051677224330737
0.5801082941517325
0.933187388486949
0.04650647935630231
0.713970009542406
-0.0537679305516362
-0.3403867629236015
0.45586238760422143
0.42465701246305243
-0.3948769216938769
0.5729142614496034
-0.2803381752518964
0.5841329114852388
-0.3201972443051429
-0.6338010221658497
0.04714779502944766
-0.5204623806202037
-0.14856829741478347
-0.48296317316046267
-0.22464011653222904
0.7842519242298942
0.13749897352598847
0.838840656189355
0.20539710439936065
-0.28573403200846537
0.32094419430692894
0.1456391036558316
-0.3116096619102891
0.11665569456639902
-0.11114388514778945
0.1431984390471827
0.17956494589093325
0.42372511358467313
0.1365224325744804
0.32710323023006893
-0.021476775600300535
-0.2740436388077323
0.8510500233932923
0.05245300073481696
0.006182790360023699
0.2996949076006413
-0.42087660957075224
-1.076484410296604
-0.5752586032606306
-0.34189023185709644
-1.0686421652735016
0.03133963093275893
-0.7160007634692975
0.42659988473655175
-0.7879525673622136
0.04602304572092508
-0.5818702308496634
-0.22225823795896088
-0.3049832679548846
-0.5570508289991007
-0.40485720352294
-0.5166539298634332
0.4389153860198539
-0.22172295675101578
-0.11414182882568441
0.74007684531026
-0.9137201550967744
0.7443229861770695
0.5856036887681075
-0.6243484686772796
-0.47280377118203865
0.4954136022227452
-0.8901900284474928
0.28132932566707497
0.5478810073492023
-0.7863905469855752
0.4100453944055269
-0.8281746880743832
-0.6883131328615173
0.6352273237862418
-0.7751806631273489
0.1912466963711853
-0.31884629463694764
-0.902431116370048
0.4770563627418921
0.5739102441358553
-0.12659950574522488
0.5005737971242573
1.1330586934381661
0.6516811567585378
0.07429837958148894
0.43454916810984345
-0.48890216370623657
-0.14457767063221827
0.04758281634159084
0.8317187513507404
0.07602398807310795
0.7921397789682312
0.057200661776074746
-0.35079766798201284
-0.6920235875261782
-0.2660136864476462
-0.9018081300915844
-0.5232979787017502
0.6564272470929149
-0.19298855259337394
1.1756225744139273
0.767376963764471
0.30384195613617293
0.4604667563821316
-0.4558918283930458
-0.8537625670704725
-0.7769527530457536
0.2732323191486704
-0.8629578227964322
-0.6054376913658577
-0.8298283296852567
-0.504353451889215
-0.2520344793662844
-0.8861703878396008
-0.17910937725889192
-0.8758632178953889
-0.871038447887478
-0.7246093257206956
-0.782812439865487
-0.8156618908706386
-0.8008193999022823
-0.8386497745765027
0.25291466764174664
-0.9517554139351119
0.6497543378937547
0.41058906397162387
0.5869902663753519
-0.1371313204776468
-0.2765757210989707
0.005121571958379645
-0.6283369617674637
0.6537075305648516
-0.6599398708717622
0.9442681661825268
0.8858276381226281
0.26678590797545226
0.1690401256952455
0.5829443715902056
0.7059065742149566
-0.09900431309233854
-0.635710380130978
0.19461186730761007
-0.18501806169704005
-0.9106698813656338
-0.9054556116844125
0.4389275483945699
-0.9363958006207502
-0.8840235032237678
-0.8390446466475434
-0.8679922306917075
-0.5462579246096879
0.2877098033417146
-0.8947726482421251
-0.13037220966544952
-0.5294761089016585
-0.19443177874087672
0.41376405232657554
0.8171733191318092
-0.38213206270294453
0.7897108631108779
-0.023457745004871716
0.5859604427201642
0.22773109030077346
0.5961018673029574
0.37505141984829604
0.46865385822871175
1.0803896157980386
-0.35638853553622785
0.7506287453818794
-0.3792740435205183
0.7091183112193873
-0.8043522054821173
0.008649831805706304
-0.9610278631462172
0.09515337623600878
-0.19975235702306643
0.26687043243858777
0.787598570339016
0.7723977432442806
0.8341244973834845
1.2326418525047964
0.8550378582103915
1.031452090735466
0.5295637732460032
0.17105819422397997
0.20238014550641673
-0.5883582758395081
-0.1804642305962113
-0.6019351181681649
-0.05016664577666269
-0.9773212029529904
-0.9120375599629216
-0.6014387968937538
-0.8948918658666166
-0.8185794904329384
-0.6149669155208791
-0.882027942622496
-1.0775502607267835
-0.895181168501185
-0.8610869290029778
-0.7592070506497439
-0.04379977368616178
-0.7937797792934879
0.5405058174062705
1.1178671221429
0.6799427087433272
0.9715737272668605
0.9265997411720232
0.7912227394236145
-0.11268049820521298
0.2664831410986558
-0.6184763638061944
0.03482936637127415
-0.43898627170210575
0.8609632832181542
0.24858574434957037
0.3279698616621911
-0.10268475566016233
0.9165292185464843
-0.6785624402941448
-0.21981002219601886
-0.6526101211714028
-0.3122882098930182
-0.19186105886945565
-0.41959945232806606
0.7017829749714987
-0.10151451161056824
0.44043803033857204
-0.041993094200670766
0.380034631307131
-0.726201380154878
-0.422129181689362
0.06514886541663464
0.06013104040312607
0.46285085033642404
-0.5742499505906928
0.8833551321606212
0.629519756401361
0.02393863674206992
0.6143618148862364
0.4021993556823491
-0.043540863000545604
-0.12755737667358913
-0.33219828260455325
0.5613897835763216
0.03846628207418992
0.3851709973459063
-0.4604619658957479
0.5174027740429988
0.9473708303316614
-0.2725711894645138
0.40449781756524805
0.5272049199007387
0.45781203623060723
0.5829809876831278
0.7727127899886093
-0.0732748813418927
0.37792835963721416
-0.033155168421166364
-0.0027159930143793587
-0.5767240490735197
-0.9217391166601077
0.21841733114744172
-0.8056148120955774
-0.16594299009412825
-0.7086799462023656
-0.172904923370239
-1.0109878212630112
-0.8571472129842099
-0.32552897682312454
0.02539512873219041
-0.28740266403896086
-0.24342536482350574
1.049906031308356
0.7991647648986909
0.2933037212561663
0.8013194840216077
-0.01489728723814443
0.5903302548725589
-0.6342392940841197
-0.5635630524366957
0.4440852078388465
-0.6927878307303982
-0.5950046126188479
0.06562317936467368
-0.5224678428328644
0.11025207590536376
-0.023735937678263985
0.5882729640926403
0.5579486087946371
0.8076627408189434
0.8627062967991509
-0.4456410935681886
0.8700786912077143
-0.5050349458385195
-0.4717808810741086
0.672853046763888
-0.4395672191586746
-0.4248981939130701
-0.12827972383017505
-0.6940175352566751
-0.7877789183528137
-0.14673759526916463
-0.27220950943949146
-0.9525544327331654
-0.15625047428951633
-0.5031152064553963
-0.6401612737559266
0.05697519529534917
-0.9044259843026516
-0.526877737101236
0.056874068502393016
0.2770473122505748
0.07822565672125464
-0.8791008095968723
0.7424785507338392
0.32544465919267124
1.1127687202441878
-0.5532445115372203
-0.637920743601269
-0.724705009931724
0.5611382811316892
-0.7199690313188608
-0.8728648750378034
-0.7925894285864714
0.21665564232827034
0.07318285253599374
-0.7598410589211437
-0.49933126848899884
0.7066555888222745
0.06627166029829545
-0.6959080754977012
0.18358511670529984
0.2526053015062092
0.03291735299730986
-0.7684805378503861
-0.16497320653901093
0.7840075907179116
-0.6673039204066453
-0.5937048648649583
-0.9470959978771722
-0.46593040550478154
0.2651331034964371
-0.2521124690781475
0.19751614166485418
0.8684956018238554
-0.844322244013539
0.17313772925852425
0.39481992478859523
-0.2154187399957802
-0.2565946005445355
-1.0037275156103844
0.296010961225581
0.2665082992353736
0.31952541305721294
-0.13616731070638785
1.273127080396998
0.44747777115145126
0.7793363522170184
0.7165454587714977
1.0115045984154958
0.9840080883402477
0.8433628854309367
0.8645215320709098
0.5468338064859378
0.11877994581576481
-0.6250955756185985
-0.22490683305877884
-1.0441652658878144
-0.8987490564149019
0.020036719484623655
-0.22891339236757963
-0.5824187909208118
0.7849121809344233
0.5791073424368893
0.3616405065271133
0.944331865354687
0.9484634526305937
0.6225799709162241
0.9387620467159923
1.013246429908949
0.9165709292767982
0.8437837767940155
0.8792965050273079
0.09423102641180517
0.1408632830906285
-0.6948713593625795
-0.7947068850812365
0.3098627882156956
-0.1943545269697161
0.360324363382728
-0.6444412829879619
0.14669497891071342
0.38386581206972414
-1.2180551591456505
0.23982093572872099
-0.155458590998967
-0.42879719147279044
-0.038397207613532214
-0.13317204197930396
-0.3150840444728221
-0.04778142785526898
-0.1898105154649352
-0.5259064383983738
-0.42304964099925385
-0.23765465093497962
0.595070169176342
0.9167212722755296
0.15459170363323416
-0.2817430392567355
0.4764829506143533
-0.7642531083454838
0.47021814132023093
0.6959295430257446
0.6210388157638379
-0.0682651984815546
0.4966555757710552
0.37564115193914016
-0.13095362176015723
0.7632283225499401
-0.9160924951692844
0.43733553946940723
0.45375252798587856
0.7922090231691683
0.018566587209627623
-0.03097104863725044
-0.2524297610467851
0.8770907363351222
-0.5546793525320995
-0.7755971994563299
-0.4827701477488109
-0.8526572076023691
0.2554531528575694
-0.7990737290068757
-0.3890671019236251
-1.0801653490947176
-0.8705808240065206
-0.8889204254902147
-0.7061535573460228
-0.5389768173427122
-0.0201110134971453
0.4907939237875071
-0.1900683852633544
0.8694822574050975
0.1315524708083133
0.6531551694446982
0.7433448515219878
0.19153646581496625
0.8886781473290111
0.8079728765490131
0.15059524170600466
0.8360739884100507
0.7198653745236022
0.8997045607620181
0.09628528932430197
0.8391278378521388
0.8486718442792766
0.881803552604401
0.1560577456276866
-0.07830374910357121
0.6977766944028397
-0.6121826994137294
-0.0536767594663196
-0.20590031382998636
-0.09876170101004197
-0.5300684213947754
0.2900143842067602
0.5479637375517858
0.5575437803474259
-0.2248569005988003
0.033635511198518105
0.10290802081743035
-0.5571003343761682
0.7693567193059472
-0.8335744026807009
-0.9437918966079135
-0.27151003487723824
0.07009813748265384
-0.7235414707431799
0.4925499731739602
-0.26179319351745683
0.6742654311871998
0.5836770734381019
-0.033257387690559415
-0.5130312980216118
0.26137630112915755
-0.18705127406329822
-0.5212450013333096
-0.02127270650092656
-0.5854844654272131
-0.24301777932179952
0.5600982614049413
0.8089564178388504
0.12620213032479344
0.9193522131550451
0.6615535187998922
-0.4345965307052614
-0.5764319454818512
0.17311588045635523
0.1525489495759524
-0.48116487792885315
-0.2350458278163943
0.6393161356932822
0.08216972232386012
-0.44467304989102197
-0.5836809231663816
0.8973488887057969
0.4548762514243253
0.9754405300171491
0.7316025523518822
0.7447235945135454
0.8034008445905668
0.9889253086120932
-0.06503163757953068
0.30452062965092574
-1.580607924252966
-0.610871475946439
0.43742198524108433
-1.0727579519887078
0.3464027242243405
0.280524808263758
0.2698443104821534
-0.873060627790257
0.4599603822468664
0.5574456971525472
0.5994993247796561
-0.09062146879230609
0.6145556257336344
-0.13815334690998066
0.3935202303741708
0.6848423310828997
0.16106867770902406
0.5456793209898694
1.1317143753006411
0.5418134251603743
1.078954843355095
0.8824264815951516
0.19956479661320387
0.785577354682487
0.17999631510085726
0.5576863847979014
-0.13013943820923848
0.5682714210000434
0.6086800208886817
-0.09023104794220808
-0.3131696876378143
-0.2825436292362069
-0.5662277450953027
0.8649041250930355
-0.1375682589336776
0.41820744212722094
-0.4240859162401489
-0.16809282214851515
0.4738221079176189
-0.32014539009556886
-0.22483263463122782
-0.6312350627898553
-1.1160088907070285
-0.48472769863602555
-0.3169194459586009
-0.5792743935174159
-0.5565474409622706
0.05730537570375685
0.11276994121361972
-0.28673017398906653
-0.5774308740911251
0.5215998338262375
0.29290585201434194
1.007219541841944
-0.08091409699702506
-0.3728500054222778
0.2484497762021463
-0.4679949758306717
-0.41800055826354676
-0.7330091355938316
0.0846634742140205
-0.6843254326693179
-0.5984376914025684
0.5573849513556068
-0.17644209541354253
-0.7833405288247167
-0.5199726258440129
0.35669641735850144
-0.30241750607959245
-0.7800133664501687
-0.7105802956367053
-0.7167687947616707
-0.6200321392152216
-0.3777879042924014
0.32065808521320555
0.36232258757075797
0.7495758670261964
0.8017189050704437
-0.5770389794765169
0.7485414166678424
-0.16391791926660249
-0.09055176041343985
-0.25105145674152096
0.4354726270843142
-0.8913680891989323
-0.6139125002532225
-0.8881438844064092
0.060138464242486644
0.3451163011348649
0.7519557711765333
-0.7739200632100268
0.6774416046800744
-0.7907300026893044
-0.47671020050881646
-0.3056392887742265
0.7285840485231554
-0.24300329997531156
-0.6179912664064188
0.5498024852677129
0.6502409168445762
-0.6746391915004926
0.3636574454357985
0.909410893099826
-0.5360560372641555
0.6430128799879018
0.5963912481732314
0.5916204584089175
0.05882104382776013
0.8616002023020043
-0.18756023411912262
-0.47546759776014086
0.8081150270554378
0.3506658870053512
0.34318047991011424
0.6952559748359952
-0.16167685988379776
0.19666647204455442
0.9435029000746388
0.7695551110566
0.17007636547087462
0.4422502277130288
1.0458503966355224
0.8798543423395995
0.7656947791070632
0.9503426088959629
0.884073529072623
0.2928407738057826
0.7431420708971126
1.0528128623178037
0.4014640503541663
0.7667491176585827
0.8213293191905557
-0.3346591630191866
0.7639982901096477
0.6142865340970759
0.32278625088262103
-0.11974669792623274
0.6109426876368865
0.4400760053792003
-0.08106981157852322
-0.1890706895325987
-0.3499610747223476
0.0921621660456652
-0.2132244631703921
-1.2216742588014562
-0.9631815140110147
-0.5942735173917717
-0.42472031820119716
0.11671283040498073
0.5226574711269151
-0.6876482072401446
0.9252912825970939
-0.17608811619599762
-0.4518060400199412
0.4516965848589176
-0.35694733160845094
-0.5775354325789419
0.6051626327666482
-0.6471698594504123
-0.8561567462700859
-0.5153221709346814
-0.7981837109724732
-0.21918266031438838
-0.8126503001565404
-0.85902032746984
-0.6402622254439019
0.2349746574889656
-0.4251940230158436
-0.5892586797205404
-0.08956985809664725
-0.3979122919870609
-0.556602074189483
-0.40881765926147173
-0.9521029649534383
-0.7286475485907935
-0.7544555376983584
0.13117342626821754
0.20433419545517936
0.20180155227060792
0.8498772918553539
0.9440443701018877
0.23106718570900064
0.5910113104249587
-0.04133376040578263
-0.27321418479974297
-0.4133696857411057
-0.993835125389738
0.10361808332279257
-0.10877112780649362
-0.5648348058489949
1.125582521174469
-0.6239163974391144
0.7690384271077665
-0.2020603516966231
0.6479287071951558
0.8208852125721381
0.784768456645379
0.8583003114098811
0.01727013392817897
0.820219601251072
1.2942018070671877
0.896997079710401
-0.029776620916177193
0.6653968233134162
0.8958515144757181
0.7244107272766351
0.29115637550639695
0.5094331315264873
0.35113592898331064
-0.32794912996796055
0.020173746022791567
-0.3923885550096689
0.31984004734761284
0.2389929878062355
0.31913107959058434
0.2964287604755889
0.40102221004489075
1.1411563287561264
-0.5071907145649208
0.654050231750742
-0.1220943744654839
0.3950291826130694
0.4907814954436601
-0.2738627634086624
0.5201015300454005
-0.4217217174039388
0.7156113349951276
0.5560216802776652
-0.5380364101005101
-0.5553121699206274
-0.3520595078957784
-0.18321220446711012
-0.8307857589802498
-0.8549283523186164
-1.1166095760839054
0.12042232558878789
-1.0148973952693414
-0.6673582568912413
-0.6283016580012448
-0.934842522944983
-0.8440606121856556
-0.7223003819020963
-0.8525764617027582
-0.8894815448032798
-0.22646785795825167
0.4007846612260606
0.2458709478995442
0.8428106896910944
0.4763315977897278
-0.25093175855009375
0.7719535712001974
-0.6016722699622581
-1.0495785437525595
0.498448146975304
-0.3279636990686064
0.07325642605292343
-0.2083946891456414
0.43080912060936943
-0.1388863303033675
-1.1225874712965147
-0.6635702263684939
-0.5109190780186039
-0.924094588697743
-0.17314033311093285
-0.47215621366642074
-0.29065130043972587
0.4187894934166437
0.6163150634976834
0.2400766714914062
0.48900833326480614
0.2588753578954062
0.15397243447560274
0.7866167074313113
0.11428598986085786
0.581061880508749
-0.27083192490196906
-0.014179875279060172
0.12595398814516726
-0.90366890690234
0.14362928995479773
-0.46066765710355945
-0.33201063352409516
-0.2386312358212389
-0.8093190551365156
0.3862926843337602
-0.6637038963570183
-1.1128196470513205
0.09869366755183273
-0.7392441879489786
-0.8641368344401845
-0.022887235845948484
-0.1667402408417119
0.21039669254490273
0.5154658561802179
0.37233811528837507
-0.21501639772775305
-0.5114244207732777
0.051753078024994625
0.3373951609952385
0.00350900658179093
-0.22360073331363162
0.6843810740267928
0.607816030641308
-0.6336916826576651
-0.2762308318528703
-0.39041171858634033
-0.2964973179927227
-0.21677547282351717
0.20611645248540905
-0.14931017617584175
-0.18615292696045416
-0.7105010535349131
-0.41295593519614937
-0.3664503983778771
-0.722705255275208
0.47747476106089776
0.015072927053667917
-0.794688395980709
0.6068822809838867
0.017584946047648486
0.7478687380725266
0.8809014911449464
-0.2388417862928801
0.716625957154226
0.629884727095247
0.8775427796820385
0.8405255718950315
0.8582424049703985
0.8586700909375422
-0.42539824817156274
-0.3543854155032612
0.520380107661603
-0.2754122255763887
-0.889047057118582
-0.7381156900669461
-0.5833389596919103
-0.7462371177241549
-0.10682033489486964
-0.9309735165020376
0.37302979988398105
-0.8408696492200658
-0.711097532892899
-0.8765520902483885
-0.8047490384819763
-0.894913162363669
0.28740387368032594
-0.871174744592076
-0.5364729001816265
0.313303579903096
-0.6140246683090873
0.9176591077015015
-0.026524251387002984
0.3553801463272553
-0.16846444891340917
0.3191705433798399
0.48298506792781787
-0.3110668297158179
0.03639567673397276
0.5037188964841383
-0.6558268449828106
-0.10826929197668955
-0.8210966731486669
-0.8017337251440874
0.37010110852950606
0.45320756743340657
0.12415575110902222
0.6282317691167345
0.005577010882245825
0.5814065425696262
0.3422619109974049
-0.7019783331386866
0.02849363515139436
0.043032709289742566
0.06695710507372687
1.1024326240750437
-0.05244868527861635
0.8162308515663221
0.5773709978122246
0.5363442644004542
-0.06117434353468987
0.7525223106022643
0.3146871057749875
0.07875111168577431
0.5490127597293292
0.7329332544014658
0.6326504984272551
0.5353713811953215
-0.152472394564372
0.7309203411370973
0.14158067216010112
-0.546438384514482
0.3140213142024492
0.32006653983419525
-0.7218807017574796
-0.660775546278587
-1.016290670504226
-0.692226057429898
-0.7452398736989858
0.5528984583333841
0.33856140935999723
-0.6655753006284438
-0.43399816461883756
-0.8101252780874383
-0.4893641410340285
-0.352945367951198
-0.7985416100958908
0.007262074974664079
-0.8515955927953635
-1.0799979804903415
-0.444251880109096
0.41589769007045463
-0.6800345615515319
0.6993810185682292
0.7245284442082566
-0.17240129682722793
-0.32784388676743204
-0.2524063879290926
0.3926700912131676
-0.7383709127375375
0.18125061820609606
-0.2583118435184408
0.9894456679646721
-0.40445466113970363
-0.6042610737394583
0.19350702435133066
0.4571366733381186
-0.5700035223624418
-0.33555635134863
-0.03235459322585249
-0.4308376644848767
0.19456045767757718
-0.35380739391234267
-0.9124761872970649
-0.7335401733587426
-0.7472259354357355
0.07413788072525013
-0.12079910733215427
-0.9288711296923575
-0.8168440947735738
-0.23155688672396485
-0.029184568714375247
0.3581388786838722
-0.21854713398617753
-0.43011145657357974
0.6289837556934346
-0.8365120127973557
0.6134497135971866
-0.4928362007283277
-0.48547558303135807
-0.9057390991647629
-0.5407445602866789
-0.890750245604317
0.3818600209953507
-0.8984454435474192
-0.21805545358655598
-0.4530460731518068
-0.702623175645376
0.08757177616739159
-0.3967483359209605
-0.717150401898579
-0.7012158945637793
-0.7072988499443223
-0.28308998730489876
-0.29821388638955837
-0.3344052704353466
-0.30158858371036035
0.33659222839308595
1.4924545776887301
0.6569779763837934
-0.4651112537206433
0.4505203612129839
-0.749011487048652
-0.592777892186124
-0.7137227934575553
0.38803482357806185
-0.6292506753890057
-0.6695345863283606
-0.1396205866737953
-0.7852207760136505
0.21980936570132859
-0.8992349546699988
0.1126280251119034
-0.5093189427111112
0.6674703556912738
0.8748633658053718
0.5305850871899052
-0.4315572806882474
-0.4108729359796862
-0.25494144451000145
-0.25889127187982686
-0.7847676518947416
-0.7082998754879406
-0.012672627519390134
-0.6732288343084626
-0.6090338227982609
0.6331653109879326
-0.4558513966047054
-0.6217921222178692
-0.5241709848879604
-0.48575935267372206
-0.40658166323714906
-0.8071387393651973
-0.6437985038543225
-0.7451952359814457
-0.5756874618049583
-0.6691550737903805
-0.8946816232026152
-0.8006715171594242
-0.1341893519891839
-0.814272943908182
-0.1191004555151286
-0.7782288128770929
-0.9152296442199147
-0.4711452853838255
-0.865448139816762
0.4368266243627352
-0.767131757855946
-0.4275372827504128
-0.6904494487730218
-0.5674974379869281
-0.7842195511309946
0.041660179708842504
-0.5053497984564621
-0.19134249126977187
-0.28822478931534523
0.26886247986495965
0.0220950879691425
-0.3050575519911327
0.5259209317728001
0.37269568355618543
-0.9815497914604946
-0.07522642571755189
1.3479701072743921
0.16914073522595247
0.4512395745136043
-0.6283574182859158
0.12132414098858868
-0.7899172659355579
-0.6671271372805321
-0.8682668050847884
0.24088868364308325
0.11677277060110125
-0.791852290904723
0.8861752526238925
0.7437501035896574
0.895897548859605
-0.14841626016561782
1.1289607300093158
0.34754572633552694
0.09076047947020793
-0.04755362473997854
0.3010093385726786
-0.26081804349011073
-0.6672724945429958
-0.522080659995295
0.09934188277077821
-1.170352725204677
-0.8191383924403217
0.14705925463546266
-0.8387130782556277
-0.2496236704426974
0.6656183308969125
0.8309065939720295
0.5795202003942211
-0.691472552791482
0.6147137076308385
-0.4363954332851814
-0.42166453219747096
-0.21899248805421473
0.4171196451607403
0.29473395157878785
0.6449435013348945
0.7614691939769163
-0.5562777647053164
0.8930528441386657
0.185339411188425
-0.1458688419091217
0.8430356026528412
0.8636766213839531
0.1691973540391597
-0.17501627904366562
1.033421065372754
-0.32624784479223734
-0.18543002383879892
-0.09933955288909402
-0.14466056758004842
-0.736763641399574
0.28716240503294344
-0.001975772495029282
0.44470974640523864
-1.2497168009771005
-0.253236622030895
0.016302294208973944
-0.21710896163143656
-0.9445670260221669
-0.8229089797604454
0.3515840905530148
-0.6650290707547186
0.20020442010419237
-0.5455103942955317
1.0113094214273775
0.3563206975472001
0.5969484911061319
1.155447394266306
0.9063179635253926
0.8372864293625655
0.9900192286928293
0.08704210350689029
0.8919973574372917
-0.39254300753388816
0.5987780192783501
-0.056948186867028294
-0.4987503938958662
0.11484786667640456
-0.3328425463123803
-0.5831508909126206
0.24826771859329766
0.20493261677916125
-1.096994842406383
0.019781252772437197
-0.06994483723357847
-0.6007318178420596
0.327221295014805
0.6738500336591542
-0.34875381809170847
0.10876070371853519
0.1677357766712782
-0.6224944728047223
0.4344796505359386
-0.3886483434968555
-0.25629427844715813
-0.2159883672979256
-0.1471514907781929
0.40835381846198626
0.21179561976571143
0.7847304881418833
0.6233976591614436
0.051744908781049204
0.858418730704104
-0.05932351886876486
0.6623349220310221
-0.21188689019077123
-0.9052440400916284
-0.27753870216589727
-0.2714308132755846
-0.8195646144529559
-0.8856797967024941
-0.8674720759282553
-0.340069721237229
-0.06870500747580277
-0.8574700065526119
-0.6033280957363207
0.1499585860878873
0.17014244405262496
-0.10023878980210077
0.8016272062026002
0.7873738574728598
0.8743398814527776
0.9647247239207992
0.8889978273411159
-0.19824926126496123
0.33713658949597225
-0.9276430571573089
0.8854429640821202
-0.5280733352020972
0.5954754753542375
0.9781507298358127
0.8695589579404392
-0.3812171035269415
0.8349689639147801
-0.16049498123335626
0.7271383846116319
0.25671331480366666
0.021457894448918213
0.8280062002868609
-0.4959472035322099
-0.6277125199078231
0.2879937801420088
-0.9635745215770685
-0.043636545485954525
-0.4292640204110997
-0.3561629288374497
-0.0568436600399056
0.06205712729407886
0.6505217376944085
-0.36847799363727674
0.9108802772596676
-0.25864511110963706
0.6992954941774101
0.6581176074246198
-0.14111270780263963
0.4323802536368381
-0.6957059785395666
0.3819096716322356
0.3564179143966998
0.5216819002179589
-0.5053466198211929
-0.21841031335025984
0.034815395801724325
0.4909537564068553
-0.4084653637737645
0.6183401136418951
-0.041878589581855974
0.4198194791131448
-0.09349263999481783
0.5108116208427271
-0.37349466181442703
-1.0999745952157247
-0.0828325738771839
-0.2177502306083554
0.32553841077315737
-0.9918758531628202
-0.40920843880999314
0.793637126405193
0.3605694255963745
-0.8821296966050047
-0.21671637997512883
0.6968080558586928
0.17805561579705542
-0.3348017324254333
-0.25332616528016305
0.7636665900722217
0.8173746110417239
0.5418841507481613
0.21284198052576164
0.9225264393441741
0.8545421653677298
-0.12134414601873678
0.8488375761527416
0.31786123745203837
-0.24164422120190998
0.14337939687527024
0.7442896291922495
0.1976574448252275
-0.5311458846855683
-0.16539637503973526
-0.20542115020395502
-0.007252962712825717
-0.4944064511743571
-0.45147429296060293
0.21161178524014967
-0.570597859995644
-0.7758766181855042
-0.2678909246703687
-0.226273328725632
-0.7862982397650272
-0.6996569419338613
0.047807987239631866
-0.8620513552745137
-0.8967090670943131
-0.4848398833766675
-0.8217088152438057
0.14771455178904513
-0.43494772468393794
-0.17520217937799676
0.02353606021974497
0.14765895473366042
-0.05024899169758312
-0.13778927774095284
-0.13446629979880642
-0.43516327051058457
-0.6065677017460012
-0.9087575167279627
-0.3004953829189392
-0.2967922738624065
-1.146852424628081
-0.8699917115303972
-0.06287293768178248
0.023151039832705056
-0.9443370549760826
-0.3421521226128432
0.20371761929417775
-0.7369241704972138
-0.7908449596700169
0.010774950504789826
-0.9307078787008007
0.22741528958505952
-0.022083172485991343
-0.5155092991931345
-0.6283752992670739
-0.5366989801306394
0.7200429436870883
-0.6070630045327512
-0.4663965642285137
-0.6548592279236904
0.41215215900119917
-0.10820261251719643
0.4721569701204891
-0.5253238553237545
0.9590787020644924
0.34830376931131335
-0.27633195112697595
1.470970296574059
0.8228194692283599
-0.15972644518040524
-0.25351310854731035
0.16402815745087262
-0.04416642424806616
-0.5788782106902961
-0.8793168345841627
-0.7521576983318277
0.18860325544917578
-0.6653860128786004
-0.7819120935434924
0.15358194315773266
-0.6627549187200061
0.2939482740541305
-0.6361326915727545
0.1621990967625414
0.32454698958470707
-0.9785424499525146
-0.3692743292649361
-0.24634578773374294
0.3646858292116174
-0.847303031361309
-0.6535199381037504
-0.3379974554524754
-0.38502839293603075
0.15155268725049353
-0.09480016059841434
0.36969245342828005
1.0876716173416359
0.9112412807999146
0.8453083647215718
1.016267441526228
-0.1674439499742677
0.8578551678330225
0.7296805862879584
0.5766856866820401
0.9837014936260146
0.9494259062937671
-0.6233109009459084
0.8377420458335489
-0.09118865990234193
0.8094301565338791
0.20918844918170032
-0.10454057928230798
0.5964166302268468
0.4192268879529505
-0.5929680813439113
0.5686321368008683
0.13553605889223674
-0.05028933470803332
-0.511421232752215
0.37367623859265886
0.3338554340865144
0.7450722505705513
0.6981856102150574
-0.04924133838489131
0.6432156082271827
0.7234014366401909
0.15331084632142977
0.14900418627809964
0.9567213457769459
0.15296901424404397
0.38932398020388537
0.6589676571681886
0.7895576422846484
0.7131556776081216
-0.17174072393232653
0.03741367885002811
-0.19269476835935273
-0.7779050381720793
-1.010593116058217
0.7365729973335745
-0.11418995018066425
0.6177048516620531
0.3594298500822536
0.6733144468856082
0.008197076514659951
-0.15866402243103117
0.282926686160087
-0.027240687619193737
-1.4149989490726496
-0.45419036752529474
-0.14200191586525235
-0.9853141185280667
0.9618296579527039
-0.49667815525300507
-0.5996832231882361
-0.29822450014003987
0.12949591274009298
-0.8257979597957237
-0.41337396264311477
-0.7933485254781882
-0.9657373351423
-0.761952014046755
-0.3523488843420912
-0.7703824805575441
0.3371686393677542
0.7008030733967904
0.05322559517718872
-0.24050921568453854
1.10446942610303
0.4495422515010229
0.7477861733579737
0.39731775070812136
0.9143325556762005
0.005551089091690775
0.03710468844736714
-0.675838125835696
-0.7283250326547661
-0.8599373154663914
0.343676976729425
-0.7504882783590341
0.19792064615221905
-0.8634311507892842
-0.39200223382623167
0.31093259206957147
-0.5214843202698312
-0.814088800621128
0.14303528420306055
-0.3223907040182412
0.21048328148899165
0.14116004531877757
0.9605030254185392
0.14270233151992218
0.659597083034942
0.2941689206636293
1.0250117576207323
0.3952044970837937
0.8932965026656396
0.6991083493077068
0.8925215728572067
0.13441388149729105
0.7055998756877615
0.10332958056810426
0.047873539830664
-0.6533515980865676
-0.6386078988178292
-0.8032729620179309
0.5844471760158754
0.5475037183130791
0.23424523688761067
0.9358363859659571
0.8205279761389124
0.9989580851752717
0.9938437507786557
0.9389389366870178
0.9085700706281321
0.7067682343195367
0.9379594572824896
0.8903769403903434
0.2949394699484802
1.058097051974361
-0.5218841228688935
-0.012783216451554003
-0.8916887931824979
0.3342582375147548
-0.17075043930435108
-0.8798817516727321
-0.5863987867415514
0.2559031640370447
0.0014179681802166666
0.16746192504944435
0.2957135540750937
0.8441121410975483
0.9271691568278126
-0.48248845440382837
0.7216698448613887
0.7377391635650405
-0.1363482090822179
-0.5559658988889196
0.7136233949415001
0.4958425901978505
-0.21484090005302536
0.7954518673393596
0.6269130532684837
-0.4245119637587371
-0.3336583213524593
0.5124601318505415
-0.5971388619914823
0.2150728185740508
-0.07009886605938409
0.2786298373831384
-0.556851728133009
0.7631278243290166
0.7660571799138824
-0.20018515743381216
0.8038910646821216
0.7019011342336974
-0.18501187952489295
0.6576409836780481
-0.29673917288850093
0.7877667835213782
0.7738200972765263
0.401695202411561
0.9350769694703349
0.9028726991756573
0.6054052438622316
0.8851991280563908
0.932154942066457
-0.08304516663596373
0.8919312886027714
0.8443522542537044
-0.3357000097858249
0.7884031311006285
0.8331798307652789
0.11340156051764516
0.072797171690127
0.6740225048873209
-0.05387070677029382
0.7029548783960978
0.7087485554749571
-0.6583845187633429
-0.5832543356075892
0.7135391252975866
-0.4940772499699625
-0.6888867174450457
-1.3155508682780543
-0.39228005621172357
-0.2923185785144945
0.7126600902555471
-0.507742922309547
0.21300855700645438
-0.18790761156590619
-0.025210094277037798
-0.8499305175932872
-0.03296796070022745
-0.3817961674886242
-0.5810842522455595
-0.048943448630300646
-0.7168435563606848
-0.6888939179329097
-1.078911642715033
-0.14125835745959903
-0.9410166049131355
-0.5838099496395661
-0.1708649541616819
0.19037308881602144
0.5436050665388009
0.4172442151346645
1.099233224774981
-0.14573287445016336
-0.5193493207232409
-0.4659371745324019
0.42888012372072193
-0.009769231973993153
0.7483885384252628
-0.52106833401911
0.37032793510875517
-0.7717250824733853
-0.3345797143903403
-0.9610211690068386
-0.5401342594553258
-0.0488603542917484
-0.7650890802850144
-0.6931554544799508
-0.7803321879004426
-0.4901247614007449
0.19441822838000922
-0.9832451094931847
-0.8010041900828773
-0.7186829628264672
-0.2096645567054447
-0.8101881691321422
-0.06378361512701669
-0.6187587923990845
0.34386885840296666
-0.45058023175299844
-0.4605193434899538
0.4112835948923532
-0.2465826096498409
0.14457245980405187
-0.030314734326099213
0.22112286136598458
0.7225318071123716
0.065154351938011
1.0596405420524784
1.0855830208794053
0.7221934118232878
0.07031428528139416
0.17663133706709666
-0.5689091810297042
0.5063718256250911
-0.9437318681220344
-0.8387199975393136
-0.7399643589421745
-0.8842276115058874
-0.2628606012793673
0.17973760324414845
-0.4874218551212881
-0.35733762700052596
0.027058619919159366
-0.41042893263194324
0.8399916887549734
-0.624832504422669
0.03735646629566891
0.09006509866290136
0.08196704307871605
0.3822047587501112
-0.45098435046705676
0.22667592460884023
0.5789035399619784
0.15722992285559578
-0.05491537710459471
0.6982490064690005
1.3594388703111466
0.8201372725301912
0.6165360424603763
0.3694951001026082
-0.27574131889551756
0.5146046820023165
-0.5285638713413421
0.9763395552333856
0.6633140397512765
-0.073990802476666
-0.24998445476679798
-0.5254519585016945
-0.32048777335048906
-0.14096088255013506
-1.0445947985541135
0.3476863589257751
-0.12353263102305301
0.6609658597420327
-0.5235836202285208
-0.14695300290533664
0.46695039441474256
-0.48678819157409414
-0.6848802516411222
-0.7021948803010776
0.5232358854836285
0.48796858057450687
-0.46172171445903387
0.491262890456635
-0.06064360611255837
0.1271572923762575
0.6588972589708005
-0.6415319865970489
-0.39801240624493395
-0.8202763356857002
-0.8078680826673067
-0.4272614440282618
-1.0464224258234438
-0.554661259817574
0.009728173248870875
-0.8128354484727633
-0.7821712693724951
-0.35804826507357834
0.4810355181023946
0.1864216771748134
-0.9551924204089749
0.8649356440844982
0.09678836213525577
-0.08954588424577237
0.16468796442037315
0.13515621851228232
0.08664295878887796
-0.5992877653687018
-0.9130308427081272
-0.64055621520366
-0.8647298688841989
-0.8992217394463173
-0.9153666682253272
-0.8930955848544626
0.36475640372133467
-0.9137250629828939
-0.36018044118209647
-0.14552664603809295
-0.44631337211562505
-0.6084195857652795
0.5762715530860322
-0.07682647528170206
0.7275442098577007
-0.28646720555849137
0.05343625842162225
-0.32947160542733367
-0.6007637032567944
-0.5971109905634022
-0.6850214774041191
0.46073067121571937
-0.67982774642859
0.9314957533331583
0.5769323451879751
0.31647226921434257
0.09830837807827275
-0.2300910380321235
-0.6583894566639901
-0.7294565138875136
-0.1600471258482421
-0.8920764886621428
-0.6787078052778986
-0.2998023906835271
-0.7060829006791206
0.16529967213286578
0.49606879493721007
-0.8463912816080753
-0.5806928819131797
0.17206072574116926
-0.6614259660326779
-0.003310658229838337
-0.6999458091619247
0.16841084768898384
-0.6283625291695062
0.5134265777827305
0.16626400116911688
0.957244996358716
-0.22736318639596453
0.43157046676666105
1.0592106246896733
0.9319784652337645
0.7235779090101514
-0.01767235101342224
0.2665629867079564
0.49239601532773214
-0.24044985285853382
-0.09132669168938734
0.6947738663366688
0.6745987757551022
0.629121149510296
0.5416672180026015
0.6968120148230292
-0.10598445201200701
0.19507250267121679
0.7189957750356468
0.029858546252512386
-0.740266017266307
-0.17850746651458171
-0.08048031935654454
0.3261344501106331
-0.3000232879364315
-0.3375854547423466
-0.10819060471328668
0.3984464969725592
0.1876555000603729
0.3776723771061672
-0.5542833747515471
0.5079955595023702
1.0462934810859128
0.8074267958187171
0.5378158135169668
1.5926412653952289
0.9620308131707849
0.1673234987827248
-0.30844137738463273
0.7102941658061213
-1.0633456163786401
-0.437851810242477
-0.9232088355287181
0.3860309025027889
-0.7537570992043874
0.2973951722681848
-0.7926401283215339
-0.5618606125814668
0.43490078250647196
-0.5576714468943658
0.47870496809806395
0.3131492456044598
-0.028960217256255083
1.0485893841141174
0.64823460739766
0.7956534924734926
-0.10567634001793602
0.1736094489152773
0.19930128470263986
-0.6770798433056335
-0.23049751249089845
-0.5205040536502823
-0.6801942709820241
-0.7312958583729467
-0.3746341692778987
0.20235344167808234
-1.4312385404994719
-0.4044748636403068
-0.7285583661553019
-0.8921096541926021
0.437659768102182
-0.7650099169813132
-0.3998762004303277
-0.2736401498690052
-0.6200657471655855
-0.7122150880353837
-0.3562763783893613
-0.704996669521152
-1.059254311055227
-0.4552809992069894
0.24558060363862133
-0.162399759382718
0.11277059951736446
1.1498065525867733
0.7736162018561146
0.27285493342508804
0.624602959274275
0.4983742801076463
-0.20698847971244683
-0.7113073402264093
-0.09749146470992343
-1.015699618242259
0.39337317269645194
-1.0019298696844898
0.33094178867546226
-0.3155057620480277
1.0753645585092004
-0.6135323900487127
-0.4471368113293358
-0.3584723480583786
-0.3573078082275166
0.1777933006760335
-0.9420782704671592
-0.536986666248271
-0.8728465886151211
-0.8394510805626547
-0.8356504554317459
0.012483355696798926
-0.535813006059612
0.5318280143935621
-0.5182710429710469
0.09142827394649156
-0.5415470631808842
0.791655619444834
0.5916933370298526
0.45320496874556243
-0.1798191994727053
0.4599961248047912
0.4374320152931317
0.17006032670431648
-0.21359866296512298
0.15813876364795876
-0.8731229969125994
-0.4094179773228702
-0.9218073310255624
-0.9056549501589136
-0.5806373482745388
-0.8143780252347796
0.09060392121596894
-0.09069637978702294
-0.7272883915059442
0.20751441563662076
-0.4866174021874504
-0.416521761782903
0.10664006462691011
0.3309777559199434
-0.9971116213724626
-0.22304967336906611
0.4014839814146539
-0.15376648615533717
-0.3131784380106507
0.8007860560090663
0.3745125348659064
0.7749682621241278
0.7384946163123179
0.761119442781464
0.4372493733915424
0.3245613962341919
0.5908157615961104
0.022869991727686223
-0.44852295781150564
0.8074100244601226
0.8283206983679661
-0.4196689434502182
0.461094490593551
0.7380449580909176
-0.5207128445691233
0.5899449923753526
0.23617560862747355
-0.032488546952166075
-0.048415786044814335
-0.7254895363758345
-0.4295686648130954
-0.7498425456023879
-0.8033045869193151
-0.9687730348427975
-0.1365648878732394
-0.8103301410014323
-1.0990472761914787
-0.427864468960818
0.0797547042264718
0.4656322385793559
0.2987933431024691
-0.5526971737485534
-0.35546575492694266
0.3977926551672677
-0.7593942170172342
-0.7727858553411995
-0.36443979163886076
-0.02587380380852866
-0.6233053774590633
0.6942327879525115
0.3380858045003673
0.9272360021491117
0.7381958899435537
0.48937540943500313
0.1920979818697397
-0.6551559685660107
0.48348140728070005
-0.5479389297506024
0.3069082898420117
-0.7435446976160619
-0.6179165718074895
-0.34069407341010993
-0.7865048206802701
-0.7702593108346896
-0.23683217173014137
0.14769715744625977
0.399852349063333
0.4439142511767724
-0.6116968093071441
1.1205088914626722
0.7782557094583792
0.5435240996392889
0.4818820958688168
0.9050139181636074
0.9332509365064401
0.8600027390520515
-0.2008132056711256
0.7633975512884866
-0.18097528381536554
0.3934019142376147
1.0264939277295495
-0.5383490728246989
-0.16818351563551193
-0.5500209250572468
-0.8250630289491343
-0.5868144425658824
-0.34790060257361066
0.06430231447734691
0.195438861701702
0.5446285339888296
-0.5757220724019565
0.8641597303339048
1.505069174207782
0.6122682785196343
0.8073674629606833
-0.4011924570772276
0.8120608355706058
0.004446407536475627
-0.03789111548876645
0.8374910128767967
1.0841300074716582
0.6796249130991451
0.47938866608481134
0.8635487266303141
-0.03615885427033905
0.4139662230115324
0.5945800121132925
0.6940275443232724
-0.4628538052314386
-0.3453502089422471
0.27056457694582214
0.3450122652881382
-0.03698374103767876
-0.6381115842306835
0.21746563866967916
0.6076985203382206
0.5449165063701169
-0.3249823468582693
0.05915441376081687
0.41556742026688964
0.25197278856269967
-0.6767372688132212
0.07659156596168493
-0.45411446439180914
0.6586949306864217
0.7477623975186409
-0.5784521942605336
-0.2513115318569328
-0.23683837089196258
0.11675417564264678
0.24922436021123962
-0.6796950577116894
0.6876038709410155
0.1307242263215428
-0.14342685967265267
0.4264047893919468
0.6209500538161411
-0.7851449090899529
-0.6195466416356801
0.20448233110918212
-0.8629982458171721
-0.35565137755411325
-0.802203934556257
-0.6375778593250461
-0.8101020189467005
-0.48568502958932736
-0.7310118242427037
-0.9430229925972322
-0.6810029205734862
-0.8612080532426105
-0.8428790071356884
-0.3603958215291212
-0.8250687418520593
-1.0021251425809454
-0.13204417561987847
-0.21300998319793596
-0.5810512710084881
-0.44367023156621666
-0.4023426336474252
-0.5763567361236233
-0.5832237901698767
-0.8788076978150372
-0.9039665614694055
-0.9732320935991068
-0.1245322189300253
-0.8713586071212045
0.27999352994139615
-0.7332737234668711
0.6216172031607355
0.18428859418007804
0.8585323917247418
0.6086744553675306
-0.22816896133841058
0.6098564297942034
-0.16735115582708615
0.21252959161351193
1.0774033643948835
0.6805050814150863
0.5262401109907365
0.9427861119856709
0.5285492432502885
0.8507162783659513
0.7076199359857678
0.8022535587507555
0.8628660320916184
0.44598711527967516
0.7912930098244224
1.0246160795883876
-0.0036409091061628818
0.5376853532309541
0.1652952034443853
0.5086750534816515
-0.08964335078939767
0.2578919363466039
-0.18446959928582918
0.3144552516974587
-0.7968429555238215
-0.7909259234665957
-0.6431042317587619
-0.7938879218973389
-0.8252571131216007
-1.0062855737053025
-0.9820720647266852
-0.25512969964574994
-0.6752084038689807
-0.320046988683075
0.124679400120427
-0.3434575212034765
-0.21243502700504724
0.6086333469854676
-0.4160552851808219
0.029793261592529374
-0.8475064482342494
-0.0631439967398193
0.3291930953244592
-0.7365050298414981
-0.000752760513702988
-0.16192504829145427
0.7058401959373193
0.27558921683488036
0.8569814813282552
0.2015245126497851
0.8638198735121718
0.44184995588137677
0.7860914079465618
0.48337386850017816
0.6875868426921855
0.3481988924024755
0.4748073266365561
0.12872266877038419
-0.7525445004818132
0.4847162377250459
-0.011028151439319567
0.49892932426349246
0.9139314151850024
0.7376918483131296
0.8888321759017205
0.0213765538072912
0.8638044617598457
1.125287541375007
-0.2918748683159196
-0.1441563231317442
0.3244881251172401
-0.07237330901869599
-0.4133924823296695
0.5472642264586008
-0.13627230863075157
0.771906429369774
-0.4239144057602404
0.6617531113927974
-0.08032235662331799
0.3791456356019113
0.7071706892933451
0.3516751409313318
0.9065811632504244
0.5883493426918996
-0.2350352066009178
0.8242584245074718
0.7698630586170301
0.31671969993763827
0.6164185081838728
0.7671062296239519
0.7759895687697043
-0.19300070831420424
-0.3780552188177462
0.3880714174136719
-0.6024606803800234
0.22950849494754966
-0.3188245356106587
-0.47882595145136997
0.33762258619256047
0.46098359227330044
0.4484058137300897
-0.5120961231244392
0.7628870782776095
0.4542102590221181
1.156215148253648
0.8772196187621518
0.9389844836460339
0.8536742068628738
-0.3867915356311735
-0.3767031494692499
1.0422257970227562
-0.2641283739640574
0.3535468439925755
-0.6946053308111733
-0.011458975873670507
0.015877967328962628
-0.7955172422760606
-0.07176478134422726
-0.49382602957488886
0.23990870350849325
0.2288825935560248
-1.0046317513551943
0.5887241493135948
-0.18990807744529703
0.1655250666315038
-0.48802631247506745
0.547039509244063
-0.14134876177667532
0.40228392269040114
-0.3913741057966522
-0.5258759752122601
0.6916699188372668
-0.5837003161034489
-0.2158532531798687
0.21470905413240238
-0.7116675292227113
-0.7177415939098324
-0.005974940023870445
-0.722943015044653
-0.44408547014629507
-0.642178761841369
-0.6020997654825204
-0.6641715461125486
-0.30897449676140054
0.8272712350400231
-0.2960513563285452
0.9684755667220823
1.0314619092289865
0.8468777941317999
0.027830898871774368
-0.24305789398384303
0.6869082904787502
0.12651910548599266
-0.2977006411396941
0.7725697829100161
0.29369821153103826
0.9294930092406758
0.39743040448505296
0.8663197038359466
0.7822488718269124
0.4249280499146073
0.8973330519318297
0.13441158351239624
0.7658965713051743
0.4607671629111958
0.4881176303132302
1.0112732914262375
-0.1586365077927805
-0.1808325226267231
0.5806814096096307
-0.42199207379333714
-0.9444914306247632
-0.5397670688913179
-0.5537514111696491
-0.16154159248178068
-0.820241261815573
0.09227788064598941
0.3214637220890151
0.11264109282763712
0.0701700668394063
0.7266003477756562
0.8049604618062198
-0.34449923422903095
1.1542143082742289
0.9086660914733199
0.8233142807256721
0.8266628954825013
-0.0351209623046469
0.9336543793365519
0.04079149286501549
0.3093169975546346
0.5079285540348955
-0.2232653764627417
0.24649669276738972
0.43795148931799033
0.8249748283993502
-0.28367716667572385
0.6542738091549134
0.9338142587293865
0.5745989378935377
0.7614294790926588
0.6190311655025273
0.9557133388813313
0.7086826220499418
0.8524188424585191
0.9396950736753488
0.6886627897983165
0.49886232027756594
-0.2447107668768067
-0.35846158971314
-0.35799899125528145
-0.608898337701336
-0.8873477318235901
-0.11987450722711812
0.04208920627777446
-0.945537088440829
0.6430587190791586
-0.633899342556387
-0.06600635050973835
-0.5870695657834866
-0.40468198179931636
-0.6232260310669324
-0.7378200173590097
0.2871571202817449
-0.5963986728223718
-0.531728687212252
-0.6051036289039482
-0.8106717387677533
-0.8316266101330265
-0.8055372796684264
-0.9284752800708689
-0.8118724459545357
-0.9478085492834383
-0.15171839499074502
-0.9313720236237693
-0.049473982774625114
-0.8344280830208965
0.28839849299206555
-0.36846214035080527
-0.5823258454996934
-0.05656696457609467
0.6489292596382493
-0.3795370248828156
-0.799620025216564
-0.35643635875493196
-0.8997420403923553
-0.35108910781081093
-0.7754467373498615
-0.8249381559005036
-0.6731309576440558
-0.8361613190546675
-0.5673940747194051
0.04622819075473861
0.7012008075946634
-0.06666264028010249
-0.6161264702636284
0.8858727819938357
-0.07062435904167419
0.41656250474890943
0.2797751563792785
0.04408746043652689
0.302906156781535
0.16078220506812868
0.39792735032375304
0.25057465665544476
-0.4140168041204031
-0.12609771112804302
-0.6352430389456662
-0.7234963536015286
-0.18932304894590724
-0.9124918796312678
-0.7917868233829783
0.337500707822332
-0.8065935243044422
-0.27134093755358535
0.4242718573294626
0.9662435747741244
1.42397613078797
0.7967951386748808
0.9378430428453863
0.8009743054955688
1.0123218906344098
0.24539681019263582
0.7378089745484424
0.7835702633360084
0.3844705839844975
0.9716291816739462
0.29424114996842254
0.4563945414678451
0.6283035473407066
0.003319341371258444
-0.14237824550171618
0.6146568971300489
0.43229648318349734
0.5948961522913427
-0.292934027832211
-0.0499997145657165
-0.005022298882964238
-0.7100318148802198
-0.7857399074825051
-0.028027668897615987
-0.17947105863279544
-0.7828565831929168
0.09893583650354398
-0.5607547732700546
-0.38982033030995433
0.4473005245095414
-0.6853905346186344
-0.9138036140519363
-0.34212934598166234
-0.6778668136894463
-0.7955160053846977
-0.14793114629566873
-0.639268179989289
0.16176249315878755
-0.422756394213023
0.03241514106291521
0.11834055681110667
-0.5162987102554302
-0.39927831783123535
0.4555910815858333
-0.22992285971304716
0.5646927734176002
-0.4015225532199438
0.15985938565006852
0.44591642593474223
-0.04894320180627165
-0.27453377501117915
-0.46914776642770994
0.33848043230259295
-0.5250858389011246
-0.8582147090536729
-0.987947427893028
-0.8320181095692363
-0.9717468469431159
-0.2070969807020091
-0.03963106785497872
-1.0364106058493745
-0.4190150985757719
-0.6124389837187814
-0.626258012611695
-0.7329959670210131
0.7569362080348602
-0.6861251639656458
0.6348256203934277
0.20628070767556994
-0.19438512338685476
-0.43843075687384436
0.8716721756560649
0.490158388256521
0.4399939555159531
0.4711679046655085
0.6209472008017703
0.07398684322053284
-0.003385576976333793
0.16946409941348461
0.4342969005976265
-0.6126447041189949
0.058965104903254684
-0.7202935639208425
-0.41065936425013283
-0.72577420835453
-0.793458569470131
0.28411731581364785
0.07761864608541225
-0.14506719383653532
0.3363886815230446
0.6506772708891739
0.15299550343431045
-0.3039698067969743
-0.06945549575292498
-0.6946902584788885
0.5875271206698236
-0.07051523428168194
0.10211229297138869
-0.23587299350477164
-0.11880904630570766
-0.2752518594463411
-0.6587107808801909
-0.7320657022629384
-0.7949209765994967
0.05538649306575216
0.43207602046877924
0.4010707212601937
-0.28467581417648447
-0.3200838018208514
-0.18354393770481026
-0.6273985718636104
0.15335394129007995
-1.327180462340257
0.6597365746259006
0.6138120758161223
0.5878673871991209
0.28688536627853867
-0.7174900530614157
0.5370153002126354
-0.7959734584951268
-0.4817712964184535
-0.4202497322929246
0.19018681446468055
0.44126125050900145
-0.017016372028321847
1.1882653867872313
0.06939231612899399
-0.09762557066166022
0.5703723433910614
-0.0014259777232783488
0.17684969600276368
-0.5548485126923999
0.04693438877108669
1.0141907910957606
0.9092623886614962
0.8127191583602318
0.9589052144918614
-0.18234361699960133
0.6787347630084268
0.2429273366783289
0.1603116847092123
-0.28654597152907524
-0.5940017262611261
0.8658652949717659
0.18762636687353806
0.5644657386174787
0.7776511354555252
0.050314374377014914
0.15685715288502977
-0.09768148222537665
0.13146727699211036
-0.32028150040103576
-0.4877505151447581
-0.5633104629719969
-0.9962222304529236
-0.06532267398647229
-0.41971564504589365
-0.8568699283852144
0.1928532531749616
-0.58353028117001
-0.48523294466827505
-0.755841017052709
-0.7171664699806657
-0.8190768936548818
-0.8561731483310873
0.07105101932248403
-0.04485865043655224
-0.23132325384726826
0.41357521288620325
-0.30602648604778593
0.40728360800379604
-0.36002934847239354
-0.7555114090583273
-1.0407557559237979
-0.5850815501124207
-0.625006382514778
-0.024440817534798542
0.4112596294326101
-0.0826437778690623
1.0852438385175627
-0.6153768417728092
0.9342770207239764
0.4121263320525441
0.7339574384225039
-0.2173846534482149
-0.5296796039622411
0.7781501994776521
-0.1990044661248227
0.43177519521134233
0.8608533873863099
0.6694900170977698
0.8329524003009456
0.5995705757711092
0.7167091482214445
0.6195179038128136
0.38169203941318275
-0.0414187671528663
-0.21001207855123583
-0.7880987815788152
-1.0896026776670111
0.247506269120225
0.41359155041415874
-0.8174517061727828
-0.5149780948857987
0.09601580873033799
0.209872501982596
-0.7836801395003024
-0.6049850724870613
-0.4309293018098317
-0.4338100895592347
-0.3913736407538595
-0.939355371788541
-0.621068101925029
-0.811035097256295
-0.873419451759039
-0.9011132799884176
-0.909710305386378
0.06958906252260055
-0.5905094995528255
0.40349801350672587
-0.1714017792385143
-0.19393459349658282
-0.3036044968918443
-0.4460227802847996
-0.0815355087568157
-0.34912609551770935
-0.1583685215175754
0.7427380908853247
-0.4236350118343799
0.8079176285201495
-0.1872848447728397
-0.07165323545403579
-0.47618911065941005
-0.08378633946810177
-0.6149472784331307
-0.8126225993423062
-0.7847080457358429
-0.7293516229702282
-0.5918835227931054
-0.486277193033279
0.1461726834478907
-0.684934767814626
0.3601977963152725
0.7480148206030814
1.2297061464980454
0.9888568031614421
0.25110994221276495
0.4934006150924659
0.01753114406920564
-0.6881606146560226
-0.5685368284323258
-0.3437970262231915
-0.6441591513126494
-0.9037257742749845
-0.7066300533039842
-0.6117023448328474
-0.5880525439567834
-0.8905216097298536
0.29479574287106036
-0.39817030629184513
0.4457516723173591
-0.24886971212124553
-0.4210159001842566
-0.4738739207370366
-0.0680073964749075
0.31877972799521426
-0.09054421961173431
0.4636709282475515
1.2538167468691783
1.201237050278584
0.0005470022103646333
-0.43018367105988764
0.7150250755173503
-0.7225825653706444
0.28757032565423346
-0.869933562880344
-0.14436947788451104
0.16420813120903488
-0.011626851489291878
-0.6017498574579807
0.22217573950258607
0.9491830500518161
0.39025252282410205
-0.8311570426856332
0.39730419997419353
0.04931524024017264
0.12134092665825591
-0.473917297008257
0.17081155003019832
0.2779446542554127
-0.6693836537709055
0.2753243939772445
0.28824669203732833
-0.5559410512644469
0.2754104528588788
-0.3850643656321575
-0.7789878139834943
-0.010447625121501991
0.1478226511894447
-0.814538797855431
-0.9052710483369519
-0.7078431467766053
-0.7038803224500791
0.157176216380025
0.09643105769815952
-0.3139687061770684
0.24321305042834118
0.01209444902889123
-0.6060713776832571
-0.6247851407929645
-0.8759206273203919
0.7723576420958772
-0.8303506605886553
0.10262212699770945
0.6084065787717865
-0.5201035350509111
-0.2581096444393449
0.0029519160033040226
-0.02645640464449106
-0.43545306224373537
-0.7015200720874497
-0.30326042354311467
-0.7289752459072432
0.339698912803297
0.35045454214615845
-0.13202644531526198
-0.12111241980306708
0.25400523881374926
-0.06956050611302134
0.44844208486294423
0.6159352346362665
0.6835367473175471
0.5283778428634527
0.3255351744316215
0.39225293390516325
0.19307745622471284
-0.5663620555552098
-1.1740537833717155
-0.6637124775372412
0.06360827264725577
-0.45621873712604666
-0.02105773561702229
0.5690916673286832
-0.2993090963369718
0.6822374060815948
-0.037509054606103875
0.48697073708687366
0.29619396160991096
-0.4323002826988602
-0.18083817191457485
-0.35231002442394965
-0.7788454266024216
0.04810718561699434
-0.8809833691177296
0.18863894138595305
-0.7627132355316064
0.3103336735621631
0.3181924125997986
0.336270248135065
-0.09566499839359888
-0.04976443871419822
0.5696807794313363
-0.6358012776100794
-0.5518945776067485
-0.09090923307948517
-0.5551685737838041
0.1092257409174906
-0.9072628432706347
-0.9446209550670088
-0.2883959833604204
-0.4437647495655477
-0.7187439004106313
-0.9086623842809634
0.5629909220775315
-0.6802292413676763
-0.4529604444063926
-0.31550176747592085
0.031864454592885005
0.17404930116284367
-0.2912565171468158
-0.07065962302738593
-0.2964949344336689
-0.042677227062533296
-0.8714900035304216
-0.11477940275292253
-0.218510105090173
-0.7773447212701348
0.7484725010834128
-0.1986867936194081
0.29784509070844534
-0.5962085787018636
0.8778598646587771
-0.27006857115618654
0.3023660518450624
0.21713650917515248
0.7975893571421752
0.5151172814246745
1.2803740533698524
0.5193136441235793
0.39376129958319894
0.592069238166641
0.006377139625798334
0.6333055133107066
0.8692155954327687
-0.27609861577181727
0.6290858066151057
-0.6931472932831693
0.6508121819620953
0.14181006825661124
0.03685850303183247
-0.1127793073104928
0.3534885077266252
-0.62799048500216
-0.7279261692158878
-0.786415518502575
0.6040566827543987
0.42762069033875827
0.01740435429807019
1.0188370202619121
0.49795004596533365
1.253570407736092
0.6307113175422486
-0.04402211121201205
-0.4550091729418986
0.5606064837980946
0.5640719940907017
0.30133865646508085
0.636516469786699
0.8912518308686203
0.10787131884563994
-0.35817719789983515
-0.7955231131679028
-0.7830798372186307
0.4066378318164432
-0.8820687156019531
-0.7128466582138182
-0.9161339040610714
0.2455652356465643
-0.8869763238066453
0.6393031133828482
0.46570685514777876
-0.07026444820315647
0.6630664152866075
0.6907710570331367
0.2168714841253616
0.6332294327494599
0.6490943555957696
0.7711478710330123
0.7633036562543457
0.820738134712677
0.9016943854789581
0.638384819937022
0.6224519641204206
1.0761864015829892
0.8763638499304048
-0.4160857554911226
-0.31473732599328463
0.5590006348131917
-0.6576850603598323
-0.6081568462945754
-0.5036651384906432
-0.9504237139738265
-0.6419246703353254
-0.8998328798276471
-0.8986782328059497
-0.9053042607478194
-0.10161076109658795
-0.2396968964198054
-0.7128495974398019
-0.5678946288798321
-1.010070912370763
-0.1557149327362084
-0.8830254911324533
-0.2600392754811909
-0.8652125962290056
-0.20054637443496404
-0.025027458575023198
0.5243865688308469
0.30352663020366033
-0.19242269565278658
-0.16640647927871632
0.16202326709119008
0.06350754404928716
-0.6000247346707681
-0.33265910008596444
0.9307542098033122
-0.4085807207938281
-0.28581483760657833
-0.5511543338487004
0.13879079524157478
-0.6476424986362961
0.18935233179860234
-0.7375728135652491
-0.8425369150437982
-0.721512367074381
-0.7698117362701573
-0.3952604238991648
-0.9384225578136516
-0.6919049283447731
-0.9359040833160777
-0.8960417633688382
-0.12034894178279676
0.42632885633771167
-0.582749733377385
0.2657867085150045
0.9196409734354108
0.872220354882221
-0.3148699269645461
-0.025716541117839276
0.2990815136836451
-0.6169186434729355
-0.27978787964618634
-0.8694164773822795
-0.9160645779360141
-0.8182212637589201
-0.8851646847547878
-0.9252423087928765
-0.31533740525146836
0.16257203991662728
-0.1678069475620496
-0.5114355465067246
0.5890783656292115
0.48687620494770667
1.1885879944396387
0.5103480350286773
-0.09387309623707552
0.06482745224868625
-0.5806419323700445
0.7758961308636287
-0.02512313881109085
-0.3941798649805064
-0.41670186422629296
-0.023434357225937008
-0.11034098562156469
-0.6808090273291336
-0.7040568495977175
-0.9130613965971002
-0.10168812122681925
-0.919923302528723
-0.8372943586393908
0.12538681619189762
0.29717436590856616
-0.8462600314439386
0.7096893420580858
0.42392952834260056
-0.533217689699127
0.7970627739852588
-0.29586000228972575
0.40008449348560715
-0.48604308697740395
0.8657542038263797
0.49068241944699387
0.04133077723048051
-0.27388220767963545
-0.1133308792814105
-1.031161999075039
-0.24705347424451407
-0.561284359653347
-0.9966659774731823
-0.8455055057207654
-0.9410965650846734
-0.8368469795852314
-1.0432688202478788
-0.8488467970844231
-0.8850986999660955
-0.9231810311243214
-0.5380219121741703
-0.9543138504509006
-0.23009927680070752
0.3495289769630159
-0.7180083804366153
0.6972012193163096
0.1008425385766547
0.7936604767637524
0.6197667976941622
0.9705311872041825
-0.057228720598221816
0.3610581987224888
-0.7035759099009169
-0.563202349810197
-0.7251620718589413
-0.805678984175656
-0.0668590428972109
-0.035619329990508763
-0.7723145708111236
0.7201698330089337
0.856182324690727
-0.19673623305374388
-0.009488446107035475
-0.6084796390988934
-0.3537709371575761
-1.0123914430021135
-0.9910076008956283
-0.6157746428482691
-0.7598229668349812
-0.954055329214262
-0.7957774074947597
-0.784565195425942
-0.3915366544430863
0.21121769514578959
-0.8875094309731979
0.44233148566943514
0.3994240415218848
0.054687868888864566
0.687421355372096
0.550893991691477
1.0589199410081935
1.0177737422730122
0.605634395062902
-0.2359346304643204
-0.2505877271579815
0.2771221951656073
-0.9393282819028976
0.07254796606740732
-1.1490644327941548
0.3157887901115155
-0.5807471403804438
0.3456859270957584
0.7677726017981996
0.2462806128087145
0.3834458050550016
0.12348689554063474
-0.15798968074447894
-0.7437080950876973
-1.0714403798532772
0.10299197496397938
-0.7350210221823728
-0.3721100572469096
-0.5461090712950465
-0.3911098302908742
-0.8628499901560669
-0.09651068389664652
-0.8997888754411609
-0.9646590059241951
-0.7234630288819455
-0.04689522674954372
-0.5787776816442194
-0.6179541213593289
-0.9093522784838228
0.2697460556840572
-0.6414756508808956
-0.8565049267988436
-0.7683632121780666
0.05982654351358074
-0.11426008188059167
-0.6184233776073351
0.2692862095128117
0.6555341635138277
-0.36172759642061325
-0.19799591651383497
-0.4365017075145545
0.4004328817000231
0.44088556563884285
-0.10935614996204479
-0.8672676879879668
0.5248079430688228
-0.2677380673590808
-0.9906432005996348
-0.007858555353946306
0.032923068207001416
0.6462502871142403
-0.45582106528725697
0.12164702270908467
-1.0529208092870541
0.07293445926534758
-0.723576166241749
-0.642239617540681
-0.8452696281370344
-0.9606949731805645
-0.8185144879442059
-0.18605309725649466
-0.8149905629504122
-0.74265051509774
-0.2843188553681111
-0.6056035026824493
-0.6471096699413172
-0.9050896813913016
0.1791882925038213
0.673170767759032
0.2959241724547781
-0.36857085917801835
0.8186336607721535
-0.3141797295353914
0.7536757252979465
0.19989501538013288
0.9518441122445764
-0.14962619496455698
0.7539655504460976
0.6056449911892994
0.851137776062121
-0.023400318081710836
0.811742041596925
1.4833294237364076
-0.1619593996545503
-0.6922140766320573
0.8729309842994925
0.06949020909561798
-0.32942790404012445
0.3487909112343661
0.6484747874166037
-0.4095539911064414
0.16420215744411015
-0.24210020873132643
0.1101574872648281
-0.5879925068319833
-1.3316444445730342
-0.7032647814669597
-0.05498292634274349
-0.5701196260473662
-1.0237063159628406
-0.28154557268609404
0.5146255085813467
0.3883255615692782
0.5054321647893036
0.6598872631739916
0.6056888895083896
0.5568329915577725
0.21220592027973062
-0.39032467271343263
-0.29943873409258837
-0.9150678808719497
-0.7055990252474895
-0.8818486859473667
-0.8428707494692249
-0.8551917216373484
-0.19891721662421813
-0.07808698863319008
1.0364535517478186
0.9857438794217384
-0.24527506656787645
0.49837748974797014
0.02499844405704099
-0.21946646318196583
-0.12904584343301329
-0.16699077802450435
0.7061669307884415
-0.13378339385236337
0.12107893485274213
0.8387554799237968
0.8274075932219537
-0.3339506023681649
0.20338653500494552
0.33380470723338873
-0.3069897081813808
-0.6885514420220098
-0.3703680018363471
-0.8239875820897626
-0.8290970158722162
-0.8547816416315666
-0.8486067270525681
-0.5304619122453986
-0.32424952083583736
-1.1084828268389537
-0.29122314166378716
-0.2404929031406473
-0.08287729571919633
-0.40075881765965926
0.5379145103965731
0.651819148308731
0.34957725991291944
0.8303404422209444
0.13705852888244063
0.353060279028786
0.6372572329298867
-0.47521156449904023
-0.5269059942407146
-0.03608000329759542
0.49053530311150473
0.30037548683278725
-0.6441617597657727
0.3420274940735972
-0.31000837769484524
0.7038828600210358
0.7082995798926162
0.6463860839438369
0.24516914224115238
0.9142744653471742
0.6212885664950223
1.364799683319788
0.13067270307111678
0.7016950539931539
0.5009897561622807
0.7820980476666276
0.7973746492744365
0.35849144658959453
0.9928695814708806
0.7130429956006885
0.793227993492701
0.8081501369351556
0.846668071800746
0.5764094568370489
0.8708123996473432
0.5738895880008548
0.12571663999181126
0.2261663156196444
-0.029086122403318315
-1.0302796836163668
-0.07103326576616542
-0.760278523087204
-0.6662273557458462
0.26334581091127385
0.04773959344274126
-1.0383743576388884
-0.4631272755543556
-0.36959196346281176
-0.5361886817395178
-0.9976224039850363
0.39427619030852656
0.27864963382586017
0.08685320904795057
0.24680641221723065
0.9962153159685032
0.26389425999971505
0.321450748978648
0.05731829037344949
-0.7602523445886669
0.015009286149305634
-0.691143647431449
0.32029455199294243
-0.7154146991285075
0.4216200609005535
-0.09722255092722265
-0.23182876431824906
0.20656656031165987
-0.3758005228996273
-0.9905129654083356
-0.12977715605940365
-0.9495170231123014
0.3242232537474521
-0.7529284078708692
-0.46629319165362715
-0.6364846015171327
0.6677838055816956
-0.5277273968804751
-0.7414865385733932
-0.43335799246869944
0.2948689941307924
-0.10756702313921829
-0.21275590642971154
-0.226004990613502
0.43677557538345696
0.7717168555308905
0.5408056124124487
-0.45565280322053936
-0.07942983206203469
-0.4147622628504929
0.033831701065287434
-0.9735646803520877
-0.5597317241795693
-0.1957322594933908
-0.7127222770622935
-0.28811324017181994
-0.5262960243949172
0.2761777381429731
-0.18650144131797497
-0.3476259066089944
-0.15829384872144692
0.5803395805191209
0.11543910884943809
0.6209679405083697
-0.5360657477590004
-0.4940705678870738
0.6561985869057015
-0.7000433222820833
0.4215223992523666
-0.3827326621521575
-0.7362675124168303
-0.7157814885850182
-0.769350674864229
0.41500590665692666
-0.08483664076883224
-0.15623902291609593
0.46168891760954206
0.728016382310563
1.1658603791613773
0.5380333328155138
0.02950692865839788
0.359273715089784
-0.3350206241404433
-0.3024176586334154
-0.042819085806203305
-0.7004571842276932
1.0960922817442627
-0.48409835778512056
-0.03765070287597727
-0.16375871679672271
-0.8353470749948321
0.22051493138074296
-0.9933609006774525
-0.33168497541524133
0.1282389924910733
0.5572107990868773
-0.15775899226589263
-0.03315787116877167
1.199706286795768
-0.22177824470343455
0.049221404026390636
0.9465958391637559
-0.44232263844280917
0.04928520696903138
-0.4195760209941586
0.03209964960443934
0.40504169356699243
0.05621962060020591
0.6509030422433295
-0.06880191014988402
0.7470324611999499
1.1412958940652085
0.7656370622494363
0.9528851320349684
0.8878823460082033
0.20534559213509726
-0.30723591640101683
-0.05854131067132179
-0.7046543162972078
-0.6506174653228318
-1.0641956324164423
0.5314098965539049
-0.5714040707855694
0.4771487423039202
0.039593870295249134
-0.26046032002710595
0.3641144505147296
-0.07738304117524053
-1.05136348002728
0.4537355175182305
0.8289912902126756
0.48662034422788386
-0.45411246918069903
0.13720324351287538
0.2770815059441059
-0.15263712691122988
-0.4852320279781872
0.17799098170076788
0.12797507126134833
-0.3021972481677363
0.9657820156355399
0.5749987884190153
0.01820719715378538
0.1930873985711563
0.4254116563671756
-0.7085366068016064
0.13689123240181422
0.3427669754566096
-0.9301401243014803
0.4772265290775124
-0.4011868938075437
0.6647898956214942
0.5372122225707205
-0.5101598416176871
-0.40825956492735027
-0.4424699087008537
0.7357669975215629
0.6455386030703851
0.6332489200703345
-0.18157723004534154
0.5320831017872516
1.1514554042528056
-0.13471048547419395
0.5134508718694382
0.4004902865889455
0.24450044012545102
0.2590429000712854
0.8070604725544812
-0.007830229263254607
-0.3109011576641131
0.9395956977958877
-0.9550234179689837
0.33912240753495
0.13884871463471937
-0.8097761096348494
-0.43155444879018245
-0.5984490172269493
-0.6651570284988273
0.3712542619691493
0.12530006284053163
-0.24392871773230995
0.6717776879628459
0.661384065209485
1.2419898989913012
-0.1993540743224318
0.1854544384925989
-1.087383786093291
-0.8564511608074431
0.011076784275068419
-0.5434052166890294
0.005100426402758873
0.004356931915071582
0.5767691238583574
0.16139986155221642
0.7592487548207063
0.49198304987814995
0.6292273534000186
-0.5466710163940692
0.6171562878177969
0.2514014060268652
0.7689747471683197
0.5286621347630184
0.3304432094469997
0.7604219809292945
1.1390519799030938
0.9412482672980608
0.1844516957767759
0.6791196945578741
0.29745957806856227
0.8280517227270812
-0.5244567922959851
0.6489570199665919
0.2649901794808124
-0.11391116782039856
0.6712962378871609
0.8745986160614384
0.16051293560111046
0.8827595586201218
0.9385986158639351
-0.3785673892834329
-0.31817804347340906
-0.4622267588988759
0.5142620470241971
-0.05846475573121557
0.5254886537154609
0.666805376838556
-0.2691151145756949
0.7696433119025465
1.1336925668149853
0.13766509681662453
0.5923322320038159
0.45730006177078925
-0.7262882193860823
-0.30453304153552496
-0.04006010774836666
-1.0109770358794312
-0.2742999188349847
-1.140663261771407
-0.2147118566882038
-0.7720582662986644
-0.8222043894007937
-0.9511644246528146
-0.8854799725985245
0.2977818905440406
-0.33042818265632834
1.0016236873834328
-0.3374294240458444
0.41798493369799683
-0.4043196669135313
0.20069039044508907
-0.25088336173266523
0.011772447384866047
-0.08869226266170083
-0.35321429130651405
-0.4505140227243706
0.1469304213765098
-0.6759762059295059
0.07071304599607531
-0.4753033092672726
-0.35104367993847563
-0.26517216025477686
-0.11250123287729352
0.8362237295100121
0.6792151790573533
-0.5527903521709566
0.5124887946659564
-0.3884403430499125
0.05894982915461422
-0.6378191445066899
-0.6471437188270952
-0.7136597714422329
-0.08366705036885802
-0.851853965188452
0.6491039247696622
0.33751179120479113
-0.5012465610655475
-0.5072526929336029
0.8901477866359164
-0.3092862958402852
-0.28724909138096455
0.2985440067733681
0.8202907781404247
-0.4003740148901882
0.3451486009086051
-0.16185026364339072
-0.8942291056336246
0.04563842375363392
-0.9345901149917394
-0.5046807853333898
-0.803392525023454
-0.0751533009614731
-0.3901921949659273
0.5534635091126674
1.0594130031401447
0.46124736134445776
0.7624182138815836
0.792805562752293
1.1815036988292367
0.8178088394955692
0.9863467328349341
0.15427871642920155
-0.21512942219353426
0.4957570796802691
0.5749818053755167
0.7795528817009735
0.7857353101591473
0.7568447022246425
0.24744148764306384
0.713658339737608
0.4603620300023322
0.5911649614800557
-0.18347410594727875
-0.7389791311592045
0.30614838851805215
0.02791472534844719
-0.03928807828095404
0.6237372033483191
-0.6020053083679765
0.22585243559289836
-0.1451142731349716
-0.4019283479523005
-0.06264519381507894
-0.7443566751442936
-0.1278829603583781
0.4503101589220874
-0.7518548442641535
-0.7545534498372495
-0.26591783264484437
-0.2592018548546732
-0.07806654609067898
0.04056156648036979
-0.6782259832190147
0.10270602026806908
-0.23258018968936034
-0.5927680860739799
-0.5495434121284873
0.10760762541750213
-0.8988600397286011
-0.84755713700906
-0.5871203973012032
0.3742243219895933
0.6809288696222786
-0.6214335415490759
-0.25201108319557575
-0.2993891354099315
-0.846334643170199
-0.91299091518612
-0.8836299415668006
0.39826052794662653
0.4426449819020315
-0.4385322599028786
0.8998675745579572
-0.21495484714496227
-0.5699227558388975
-0.31027095059945553
-0.8257236310381475
0.4148466614375284
0.34389254370403666
-0.4062123245000714
-0.04729674524329708
-1.0861350966604901
0.05750921044073187
-0.9714845630187094
-0.7330025485794851
-0.8727254036410427
0.25895133053296726
-0.346458822091788
-0.662336252030303
-0.0769951967498087
-0.11032127969585448
-0.8959489587251079
-0.7990632563841003
-0.7946568702116252
-0.40358422193299115
-0.84927205572501
-0.6956758844897455
-0.6147796592053297
-0.8282741317981106
-0.8010647159471598
-0.21904881591148573
-0.4893173910741281
-0.6624475331194566
-0.5685661421517842
-0.5219932055908807
-0.510153130480641
-0.4382175933570398
-0.5654414311522906
-0.6449235311304488
0.3272964499425519
-0.5950792876298296
-0.7392349869693874
-0.09504552386997944
-0.5111137008615243
-0.40824340054596553
-0.6527188973496025
-0.29482209661822956
-0.7054636023970209
-0.6832082768397972
-1.8015889133304874e-05
0.27206494846435225
0.22507502306329719
-0.21320162810738075
0.9793217096887662
0.873270209031461
0.15214723481357217
0.9005708148932754
0.848383081986581
0.7785023336239761
0.6590861893527611
0.3379097030919941
0.34755102637248647
-0.2965102610406478
-0.5487307458668382
-0.41668988561113407
-0.02839097334599061
0.6001245641711213
0.8874093061938897
0.30257845645729897
0.4008301193866307
0.9083548596725339
1.139373181058125
0.7687405572162345
0.6324981890009794
-0.24551228924955537
0.8116816329275395
-0.626313364198657
-0.256623817799553
-0.7716721409631104
-0.025887289428683125
-0.0389671368751362
0.1697770806218022
1.0688543250486184
0.0912365198430698
0.8514962398247028
0.8972895255091491
0.7945501890814176
0.24275115353612886
0.3327697245650988
-0.4024935331663668
0.944527118137715
-0.7382705733207826
-0.14654014167956042
-0.7631738880742744
-0.741043335761356
0.03691925597375534
-0.44278517006305296
-0.3814613712029661
0.3763185037125849
0.17326244133854618
-0.36051958063546785
0.26830553985404826
0.8086076764307063
0.1331127371036097
-0.6077717684974803
-0.6862099118814132
0.6371621059243981
0.057711980047791656
-0.466833312083512
-0.8896915633794521
0.15006859218644653
0.4488400244845894
-0.1607083297078329
-0.5072366265585835
-0.01149804037583535
-0.22583149084183796
-0.6791867439066184
-0.12698421089134548
-0.8316902081968999
-0.9579017147906991
-1.0117683607650538
-0.6645003404994856
-1.00581627926586
-0.35969991667340984
0.044507433810250685
-0.4498844372891845
0.1995004436962794
0.7310395160633216
0.4565116526298983
-0.13649807876653197
-0.26331674358447876
0.46777270713624397
1.035244479290895
0.5419824511243105
-0.008709897316036885
-0.2263262383538669
0.7620420404483346
-1.0465286382064851
-0.5753704465360234
-0.770945612451734
-0.3343098913321272
-0.3783644843554672
0.4011857412564219
-0.20661072452798934
1.0930722056140525
-0.08133177673148939
0.595269335196376
0.18073937626314662
0.8012715187001672
0.07047370109676288
0.8393724904540295
0.4328686360268683
0.25343650799557704
0.6686642634340474
1.0646458365368001
-0.3378782791966679
0.536690544772592
0.6088859781965862
0.3913894173952024
0.3060511928454468
-0.3404545079284089
1.040463654184616
0.08683593669782241
0.46834101280649676
0.020107380890100668
-0.5393800673829735
-0.3470237964598416
-0.07974182229592819
0.17128268054740503
-0.7802541772144066
-0.693350367483542
0.30822945727390216
-0.08127984383296927
-0.4632615015142779
-1.0718697940725577
-0.912577563239218
0.036643353940144174
-0.6467118605240315
0.4484031629462903
-0.8761397115308622
-0.6913654028352586
-0.5575982425858164
0.24521589484824324
0.28852630651555167
-0.42360035053478207
0.7229947958004843
-0.6510078245298471
0.8382706920711883
0.5282025014292698
0.736780861628217
0.7768482895148563
0.7396333667513983
0.9268754148119597
1.0061723722329197
0.8712386350211019
0.9176579828330539
0.9219403284708854
0.7131386770514553
0.9104413794437439
0.8239252241693928
0.7388244425335757
0.928508136078934
0.8143462864406527
-0.16465771495364134
0.7424953657222646
0.3629894329315698
0.35239171607854003
0.20049775458382202
0.13783221951824065
0.9364121484287162
0.952320412174318
0.7449230893626355
0.0897501985660819
0.6952055259997857
0.11680793822259528
-0.3595223835404532
0.36926628018308844
-0.030573586796843744
-0.3910742106936057
-0.3756852751442782
-0.983357327088963
0.4390019655987603
0.2881896805289119
0.6279545141982139
-0.6416249596180945
-0.058244172600339095
0.459587475834564
-1.0013891419727368
-1.063846178847921
0.05423648187174235
-0.8863755218614031
0.32802080995148586
-0.3235456755312165
-0.6825885059541585
0.4725451215296549
-0.17422571647698382
0.6637167667994515
-0.10506974673689506
0.8447539554058022
0.6233101533711961
0.807521493203023
-0.13848970620165035
-0.20340123389825404
0.5864265432327505
0.35279271711660076
0.4267534649320326
0.771711840748644
0.5385674653274322
0.24413001446354676
0.10897399556115306
0.21396646660854868
0.6606572245679558
0.734318445689245
-0.6348018616668359
0.8315672088684526
0.6707069115956793
-0.011930686646709265
0.24269639316766234
-0.29049310284868934
-0.7082647680719715
0.13543740103915025
-0.22016337766028193
0.37661550946930566
0.3079621082603927
0.971389046153833
0.39731753377501866
0.2415975654846968
0.9314180232490398
0.7787383545985574
0.7575444867238081
-0.16250492088541035
0.6624963675363167
0.22928364823259706
-0.5540031283314154
0.1219083458411343
-0.9427449462274291
-0.830282485294942
0.6307746216226433
0.31397674099209616
-0.5481365627923599
0.18950734249212808
-0.2183434647898257
-0.22428277510981642
0.36311065371743834
-0.4049992653936837
-1.403296167156858
0.1551343612717
-1.2082677207480448
-0.048255019503659624
-0.5846151027580446
-0.5700233456563766
0.01927800926339107
0.16746629937059943
0.3251848013763853
-0.007924697876666054
0.4672105212921517
0.41727038442354225
0.5037990038929583
0.10401678969017147
0.18187658455033862
-0.18633427742124486
-0.913278029924188
-0.8784633834096671
0.6436292426761141
-0.8230085198072014
0.2847029241034943
0.36002882012974213
0.45962840554713214
-0.6963580344181262
-0.549648675917116
0.1357226661898595
-0.13998956212402747
-0.8010334716972014
-0.37921596612624553
0.8291326427602037
0.3642906915812635
-0.06327469667470798
-0.18959000750532495
0.06413878299439402
0.32021772941431104
0.14222657499675828
-1.1036866427494565
0.6691633606712699
-0.2769373887207842
0.22261582154313175
0.5080482440129724
0.9155345689030883
1.3358745102835647
0.9476232196315906
0.7684898833509775
0.965095830052094
0.505386153504277
0.7971382335579997
0.7192411782287939
0.01564827246275491
0.8974101741822149
0.13246859616911455
0.09587210241196553
0.7674610829657289
0.1279111535133617
0.7927408541096866
-0.21876904510872652
0.5978459895850518
0.698544037559681
-0.6467745281319418
0.6398072846019393
0.6861678123586246
-0.1246621308351542
-0.6987851949330719
0.38113006507225783
0.022014345667815793
0.440597042626598
0.388898132761415
-0.9490333941748375
-0.17643965889766988
-0.7045611790050577
0.16730267788638636
-0.7889457436966653
-0.7217826172352745
0.23458010464702556
0.12494441506487097
-0.745450652994653
-0.24356437566213252
0.49465971958394594
0.05252568668525748
0.3591835937526804
0.24762132708260337
0.7322257106666491
0.8439175885391561
0.07397429691180346
-0.14048487323944703
-0.5561876163429089
-0.19759843817804512
0.5335205353281258
-0.16583693589165283
-0.7189358279966803
0.7977698868171804
0.2561923930643156
0.846238665268494
-0.7237611016310737
-0.43426739439299544
0.5970717617528789
-0.16566092929016552
-1.3459372876850386
-0.9661261686613319
-0.5934640592225788
-1.0824384652306107
-0.8576111051938008
-0.21340814017277698
-0.08045302899561879
0.7478296656140823
0.8702677054784069
0.9049861705843618
0.9277051125795893
-0.3681680966154697
0.9395292875002376
0.22178605015617292
0.9321026348970454
0.853046394967464
-0.019662425406828055
0.7881954427038784
-0.0722983029216836
-0.7535165734435915
-0.5822035587361892
-0.9437979724932776
0.6395905855308499
-0.29070653821539516
0.4409807627818745
-0.17442898784572947
0.8350559507282058
0.7431237512042714
0.09547483554474756
-0.29663521345777366
0.713535385070678
0.5789694207688654
-0.12943725867826228
0.5329517454084683
0.07138822413667778
-0.5919581228355215
0.5536884074092836
-0.2653959200533118
-0.7970489649300473
-1.022537797556599
0.06449217051639511
-1.0863733041311192
0.13295070412399235
-0.7181712021679231
-0.5702351813449464
-0.6524731871685233
0.5256980128985238
-0.6778210302852086
-0.48293063485022325
0.32761894632849803
-0.05258379440506267
0.2668559558122356
0.7662080503072247
0.7582389500134669
1.1112667494754886
0.48241424845962305
0.5350272536694286
1.0920305144590492
0.2254995605189491
-0.10337891946181499
-0.5449990034006832
-0.701723411674648
0.6894453421535117
-0.6553017996948792
0.24987091202542586
0.6532097107539759
0.10688422904402295
0.015854758890831655
0.8282766470530853
-0.2664098167239531
0.7634808180652544
0.7901880723254893
-0.08049599554329723
0.3105112594647662
-0.717656833324363
-0.4685202698066878
0.36934713731717084
-0.9620469078232575
0.3512751145869014
-0.6939890899019354
-0.40674758392344196
0.4404313325334776
-0.8090133035355827
-0.8098178610621422
-0.5026039872591721
-0.9801627307847595
-0.9182758696293238
0.25129238885573824
0.246169715469134
0.5033459410874238
0.5011418603188152
0.6825846626430232
-0.25754373960830995
0.12689353180380136
-0.7302830765582162
0.3200593297909947
0.012578922175042473
0.46513868439607103
0.29012278039604145
0.9652090688154462
0.2329518563816533
0.7714478223598072
0.08239118377174154
-0.029006521365495197
0.6406468201181428
-0.5866425553977122
-0.4923519273452564
0.3142186180344841
0.2429886496828834
0.5127775291932175
0.32742855875575283
-0.8756775204838367
0.6846067349562571
0.62563878684774
0.8602971667157644
0.9459977649945382
-0.14927238000055787
0.08306994246272409
-0.6616718637955096
0.3510591038661558
-1.0354242144476506
-0.126934798565283
-0.24863664160815513
-0.3806279481090287
0.5260094405826747
-0.5496362752611172
-0.8276546912193574
-0.3345101127527515
-0.8842772667252874
-0.4534606445194081
-1.235116616740519
-0.3425925581850768
-0.9710618586562099
0.002920134584843137
-0.7596159553372444
-0.6650707995645556
0.46699542506341507
-0.3471834560940038
0.20005856187302426
0.44413186877859
0.8350104120274056
0.8750026238380764
0.48603796489488194
0.9381673094456517
-0.45463968346991074
0.9976108102625143
1.0076100454313313
0.9520453424364215
0.8901315136010666
0.20940610647831698
0.7612444376982607
0.9472550091077525
0.4577384468259086
0.6802940290923352
0.8865426866410973
0.7752391594291693
0.7412169384830938
-0.0013719828297403813
0.9092437483278695
0.5262203457706354
0.7670484452641548
0.1684487962725789
-0.6450074133804987
-0.34140628116411287
-0.1795952947637081
0.03536323341149816
0.35197556342867337
0.41211474404033355
0.8275831088242471
0.05104083196960624
0.3343074523230935
-0.6163946137120161
-1.2157937819765898
-0.15427528876757912
-1.0612733342270793
0.29774534788686663
-0.6387420271670052
-0.4472249970385669
-0.23550828255937856
-0.5178849877745604
-0.6544372272820812
-0.8331668623201942
0.4970481035290803
-0.1579099766922255
-0.3833310849914369
0.7459753693025429
-0.15233796952244605
0.07924764082773791
0.4310521118685152
0.0459593221435792
0.6245222285360892
0.5049343518800663
0.4012027002157114
0.6575368082611706
0.7674645824573432
0.5355012380041934
1.0653820447772462
1.0757209431588115
-0.08859614380140612
0.8376891676834577
0.13063245592406705
0.8719356436500086
0.5171505871272348
0.6807206275088638
0.8297756978454209
0.8607503824347031
0.08224812728002318
0.5229661483588397
0.20056131362101773
-0.4406004671597988
-0.8796264553962346
-0.4200263245764858
-0.6557221536267235
-0.679979388799517
0.0420967942560853
-0.6370102070014392
0.12678988772381408
0.1330562248707407
0.7183913828831203
-0.08484231121250138
0.672959374143711
-0.1366062950093876
0.5820757314843191
0.4654550290371644
0.16775576786617202
0.891871993650143
0.9779639587358907
0.09691066151037503
-0.15323141765395532
0.6035022435991008
0.2921965240739747
-0.09542483321824224
-0.17710213463105023
0.7832864626661885
-0.09628635585715736
-0.3276990492775055
0.07386038378573029
-1.1657207284486035
0.0514981974615466
-0.6935283311985975
-0.4231349716649835
-0.07866768855557513
-0.6805755245956968
0.7311063067598302
-0.30998090656095495
0.3755219542114455
-0.9456303556892565
-0.21012598019333448
0.19599481642241792
-0.9795508145756584
-0.3796468114030165
-0.4334546127502121
-0.8665079971409151
-0.782799316552576
-0.6063454803237487
-0.46935444795243847
-0.23902761431851716
-0.6904093285251882
-0.865373236509704
-0.17903697623522452
0.022999072600987602
0.9084047570299884
-0.190515953191774
0.8730871980833168
0.032520573081775306
-0.4324767607652422
-0.7024086464786581
-0.659294725624276
-0.5161419364810644
-0.42758937534244057
-0.01005286944167419
-0.771832613049031
0.11214255708500763
0.11046156707784668
-0.7760337767245442
-0.14833170109643826
-0.7001229999788363
-0.5241068775882247
-0.8165283785879103
-0.19309155337067876
-0.5932334442704508
-0.0147359501801467
-0.7332957744911413
-0.18812615212744732
-0.1464401563904457
0.1543387917532401
-0.7571028609738787
-0.39505946501053707
-0.3334870566581246
-0.0559968192968647
-0.7911302130225359
-0.35962000905058644
0.5460645171051394
-0.8579493776816998
0.18907746867712294
-0.09176096957881691
0.0001557922196072925
0.9819762291427093
0.6403604186819452
-0.2869830552309372
0.5409438099958588
0.9644855738301723
0.5375675839279207
0.7689878571713181
0.8636520623153416
0.5101317127370781
0.7869070732978244
0.7065411889593963
0.6597786918338833
0.5658759231201713
0.5389904302519473
0.9977318368847683
0.5193171884321863
0.5219074933293288
0.10072134839934356
-0.43112419991872464
-0.31166438871429136
-0.6717408413182889
-1.0922375450609711
-0.8972172949957689
-0.8028033060540053
-0.33403933018746224
-0.04998780716063095
-0.8030073280167851
-0.6535207346649529
-0.8700818663316072
-0.6031477420355338
-0.8353503781290909
0.2789059507266014
-0.8493314561364005
0.45001371451166616
-0.4427392021984502
-0.06505148740351746
0.7605677797649464
0.1755002699898341
0.6339095134744741
0.9353939765749966
0.9768923927670677
0.388843166211045
-0.3812303715655364
-0.2817803353063042
0.2896756493494551
-1.0322141822166404
-0.7532218990905049
-0.732221777634142
-0.20470508037173402
0.4016385919838438
0.37034968075787167
-0.4943946068131921
1.0690404226263195
0.31501106229700515
0.96081684292936
-0.29700247848334477
0.6811901911787065
1.0216401165451277
-0.32455932272937804
0.7919555856284239
-0.5133200908208022
-0.1372959319586024
0.3401759126514591
-0.7165103125878802
0.6550525213248942
-0.7342509145008747
-0.251417568871653
-0.3226301057346988
-0.8176713806992708
-0.26541511395954126
-0.7635682834112287
-1.0622173904583376
-0.30108740088979746
-0.6215854803542058
-0.11099893858196175
-0.0798845776788567
0.1279950956492262
-0.3114219376551259
0.7502302775575325
-0.05476707462523622
0.6525446448957608
-0.15739772466869467
0.6669687352371136
0.6421923317421436
0.7492880738298138
0.5921903541641801
0.9499279506429237
0.2449329096407714
0.5724011976135738
-0.2528772127862277
0.6638594801674795
0.6452842939738492
0.269624837777843
0.39215380213018647
1.1095167137530368
0.7446299647596774
-0.006585032565803561
-0.2266716931554505
0.9013409885620998
-0.5272863904806234
-0.7348049777872148
0.6705299909460227
-0.32536587397868666
-0.12777396744271258
-0.36879407882649257
-0.5377653373994551
-0.5776422976193722
-0.9733191116060087
-0.10324988929653972
-0.8025487522161088
-1.2407947394564252
-0.6256080603589609
-1.0270615230381526
-0.8944279997125311
-0.47343330931169014
-0.6259871282240894
-0.13954274026703894
-0.7810534852685093
-0.18884351273137012
-0.21311854422494209
0.43197254003470453
0.25146423910357224
-1.0925135761467097
0.5924202962243588
-0.5198601440130222
-0.31829542042929115
-0.6954450865988587
-0.0657507562146285
-0.7875107479157799
-0.6847216808088747
0.5508124247656644
-0.4324428671118009
-0.18308652795687558
1.440187091531437
0.9008618032244082
0.4907811250551709
0.13851383567482778
0.7542118279110777
0.4178168317262199
0.6205400064166329
0.523570784082725
0.2492246742368155
-0.6142559047109222
0.22451852490806684
-0.875134321132067
0.08328970284882328
0.10656923588772066
0.291353505144468
0.7138273683916664
0.7976770777275299
0.8031531956123371
-0.6312691761726121
0.9217500425272883
0.6271210584503677
0.9931833023430627
-0.32050906897852044
-0.4267743703590511
-0.5576172956991776
0.3015928064167367
-1.1319568749544344
-0.5977085422407569
-0.1860996643046406
-0.9182431963193635
-0.6068439095060719
-0.7287391564875325
-0.9630144233293692
-0.13669016545847507
-0.7811458182116414
-0.7148578659253266
0.12616452779451942
-0.7732076783705567
0.17200664888743677
-0.5150208703726157
-0.14698621453033084
0.5009314489274533
-0.2681938842148267
0.4313929571052797
-0.5672917944634671
-0.0043046846992559895
0.36359735372460916
0.6867549586037409
-0.5481487457423228
0.5811256434313703
1.1867913537107468
0.8670444352074895
0.7197895082653363
0.7180884998862311
0.7664348652933013
-0.09455608106496471
0.965454009151272
-0.24561559388046889
-0.34093051542716707
0.8258439233101857
0.7672724589255454
-0.09874142395334512
1.0363565795691225
0.7158241662614673
-0.3330218615397209
-0.3694885666805375
0.14184731710273518
-0.14777790191374765
-0.604527540580981
-0.7052923321923521
0.051047329498708605
0.06516718026216334
-0.5973139387362578
0.7708584293388305
-0.09535820088761782
0.7048802046614897
0.6231074113988282
0.6247584283489264
-0.5420019231454407
0.0283887874067556
0.15179312410254348
0.3645606852570692
0.39056150586843624
-0.41840631178423393
0.470653153990775
0.863412792397443
0.12348405601864237
0.7649502559603221
0.14673822712175394
0.43588987107429905
0.8108994515336105
0.06867344670198233
0.901412140093482
0.38058389771215456
0.19151171754371232
0.9292770225624174
-0.10269634734579614
0.7048790612743596
-0.4245268914838202
-0.7647485528413178
0.6029233324048707
0.3811397148891566
0.16366619503356297
0.7181826163210303
