 1.000000000000000000e+08
 3.350240537481612080e+01
 1.345029862855602332e+01
 6.088755862488612536e+01
 9.369212758428453469e+01
 1.439299335152220181e+02
 1.398971548346019347e+02
 1.515507188491796455e+02
 1.866645223545143324e+02
 2.356629608407732235e+02
 5.080068852171702787e+01
 2.529874952851571948e+02
 1.752724647708054562e+01
 9.988971797642371087e+01
 4.117630001684977969e+01
 9.000298583547697717e+01
 9.877452605129791152e+01
 2.386628744280157122e+01
 1.466819266762842133e+01
 2.108102326537365556e+01
 1.307802419093553681e+02
 5.214566361844624964e+01
 1.171481083997849915e+01
 1.085903543788882608e+01
 2.512474621705622013e+01
 2.932136355376639969e+01
 1.124655242984960211e+02
 6.144637757970308911e+01
 2.200689321569744195e+01
 2.632603677320989632e+01
 3.745017989683668702e+01
 1.829627638849984805e+01
-1.703013287479750204e+01
 1.304529228255170104e+01
 5.977447537657456955e+00
 1.674026411551202642e+01
 9.709033317913366545e+00
 1.834761067117708322e+01
 3.433150773462313765e+01
 2.381155178353713708e+01
 1.035874213175064007e+01
 1.900769561176237943e+01
 1.428275069568080546e+01
 1.207146724035851371e+01
 1.281754925319184935e+01
 7.963392468645119848e+00
 1.892617776135052665e+01
 1.026869804116792118e+01
 2.288335427861922966e+01
 9.102547680491451132e+00
 2.284973003051096541e+01
 2.063258883587722892e+01
 1.761838565902949938e+01
 8.826413970459833891e+00
 1.136504851849894493e+01
 2.612955871200109303e+00
 1.049042631366582157e+01
 3.488840563552972185e+01
 7.072930858839996837e+00
 5.016396315098520375e+01
 7.770901224854505074e+00
 7.037600923155285848e+00
 1.299367242489510588e+01
 1.086209138807403818e+01
 5.854971733556912916e+00
 5.562579614121174743e+00
 8.351037188308723103e+00
 5.512846286583431343e+00
 8.751607719916890460e+00
 8.355365678566888832e+00
 2.101435866261503094e+01
 1.313710171265322479e+01
 4.075573536551847553e+01
 1.187326433986281558e+02
 3.212636164609207423e+00
 9.764203670445944283e+00
 2.127774900072168052e+01
 6.036753924028808171e+00
 3.701718866442143874e+00
 6.511605101384332350e+00
 4.570415758790414174e+00
 6.659138211036735200e+00
 4.417464721888975987e+00
 4.585037828269369342e+00
 3.751389356968520161e+00
 1.626376923260281160e+00
 7.384130972277951344e+00
 1.129464154456379887e+01
 5.609557914107168308e+00
 4.022346200348472678e+00
 7.575119827119964455e+00
 5.044103117109875356e+00
 2.300737193929228486e+00
 3.009574957010242802e+00
 5.236208010772775978e+00
 1.331454253386590558e+01
 2.648345719907356788e+00
 8.860658348493764436e+00
 2.692369860097609369e+00
 4.687898902413256685e+00
 6.812701434097951925e+00
 1.924289511326697788e+00
 5.603370718770192660e+00
 2.377815967196247549e+00
 8.365247183767703376e+00
 1.217815688639990945e+01
 3.674732935475121920e+00
 1.006344579313030341e+00
 2.116256171106561279e+00
 7.442018676156897383e-01
 8.312336457624983410e+00
 3.493682225041233380e+00
 1.750691356345844385e+00
 3.617079002574131064e+00

