15
0.566793093292185
0.5654290908010798
0.6165561148607618
0.660371452422077
0.6956436010739924
0.7309199480956782
0.7478000153515507
0.7410558479514016
0.7153928396175618
0.6884921072652451
0.6475754653458652
0.6110565038041607
0.5594731921450753
0.5109251296108424
0.45842399169350484
0.40900671683283885
0.35647584065875226
0.3173993832390602
0.2783868999013806
0.24336732725142443
0.2029102836028574
0.17053703073814344
0.1576684596933878
0.1526509910248888
0.1467802026138379
0.1377436394726167
0.13288196466707308
0.1248704706774498
0.11617611882396107
0.10414467736799803
0.09547894137878318
0.08894308340687944
0.0808942944837763
0.07776340547365544
0.07281224478402575
0.07371467137879567
0.07542249696207273
0.07745183054300876
0.08190677104778758
0.08392573983007474
0.0903329402223067
0.09300901863858063
0.0947313479692792
0.09725039465003929
0.09886716432858984
0.09590074663033608
0.09073243248497391
0.09105777296508946
0.08388738121236218
0.08145778310155442
0.08064454241626401
0.07222618098998199
0.06773524858844143
0.05759734519562917
0.05109142274273948
0.042720528191427215
0.03657829839019784
0.03462667267831741
0.032777709531261176
0.034735611278793585
0.035776740903886654
0.038775601514349195
0.037798197232789314
0.037170955433496446
0.03503673585489857
0.03292118703118812
0.03332743519107419
0.03267665621465962
0.032312835464516576
0.032079356252002936
0.031049984068516986
0.03318845705794285
0.032570702155515406
0.03890350570751734
0.040595097367314106
0.04168066351047846
0.045581754690658
0.04734516702010528
0.05057987312126278
0.05221548916127497
0.0549359992327526
0.05491798037430711
0.053959891998643345
0.053291234303851194
0.0548862683782818
0.05672254815109854
0.055101901999252106
0.056187129849204466
0.05015432352268135
0.045510792961091846
0.04446930532838175
0.038265777644331936
0.036257765124539564
0.0331766048363876
0.031199293544294297
0.030771941675670707
0.030497691848809242
0.03595968169790529
0.039464872339067064
0.0429197593171723
0.045828401389228855
0.04769500042201707
0.049036882025275313
0.049898024386802575
0.0516999734871615
0.05091789772645459
0.050416006526939575
0.04902645876378644
0.04782421087140131
0.04807864621125441
0.046200995676925455
0.04499602765938417
0.04066174770415002
0.03788025635118662
0.033810780447026324
0.029695051854645098
0.027312754936522576
0.024579888328864048
0.022826091869822415
0.022399538519269534
0.022125801135348292
0.021950132241273058
0.020869593533216123
0.02017616599645421
0.019713672328186667
0.018945364460696446
0.019528177408293282
0.019119467493426176
0.01885718099928087
0.019976750094766012
0.02069522508722732
0.022278148027646782
0.0222287513823215
0.02229539760427198
0.0203899175527797
0.021387581997694194
0.02202782560340197
0.022053082709532754
0.022112845509327607
0.02114272080478778
0.021034846591649104
0.019889750426058207
0.01972134789059527
0.019613276838196962
0.01731091096819023
0.01624227282345134
0.014175694578572384
0.014611169462485066
0.01505105972512566
0.015333355971429116
0.013854044459219414
0.012904707493903933
0.013605456836791572
0.01401160318015211
0.016274268962535896
0.017211621628492036
0.018470985682135507
0.018623726379007544
0.01872174656505306
0.019687795140505265
0.019898861776699892
0.020925760856160602
0.019823079737694777
0.01996862278822988
0.02006202393922333
0.019561944567867376
0.020335838961630586
0.019970328054004827
0.022480994221929642
0.022603499568761634
0.022682116447789353
0.024032527199185416
0.024640399341293587
0.027219776633336284
0.027971927622903237
0.029382402815533393
0.029343288309712327
0.029318186871676373
0.02921974906113991
0.029156577341352522
0.029116037368357498
0.030765598311273377
0.03182419156004431
0.03065573549263362
0.02972446330325604
0.029126826424982332
0.027110535346587115
0.025816595809332314
0.022507075767635044
0.020383216332270516
0.019084953490830343
0.018304630760281246
0.017803864554600816
0.01796494420583998
0.018068315852730672
0.01870099141056631
0.016336612452070017
0.015854459344844515
0.014647611483566686
0.013541221577661461
0.01480439563922833
0.015290006127302542
0.018215988766968096
0.020383580169762213
0.021774615544934026
0.02395240975648906
0.025349992706951915
0.026979442038759828
0.02666251681268039
0.026459132447806614
0.025732307602780384
0.025265873260176666
0.025730463539073614
0.026028610833843658
0.028838371728112558
0.028668323104669734
0.030336939651605097
0.028793415905245603
0.02894390777315587
0.027924100093631412
0.024992042582615892
0.023375217538502586
0.021605071252645013
0.021967000519448797
0.02219926588679971
0.022378287310636978
0.025278472688280196
0.02534055452161859
0.027279364635923346
0.02590515422628369
0.026701412390490044
0.02543466107625305
0.0251813619313944
0.02410058826659641
0.024523394644731866
0.025066143344754675
0.02514964754527476
0.027279873540443214
0.026999567272653457
0.02888072184301133
0.03008793854914759
0.029545546615746356
0.029042805376869093
0.026821205424630176
0.025865679441130378
0.023574330581552175
0.023718453194807917
0.023251313868545433
0.02272871504941342
0.02569055431661823
0.028307649734788453
0.029987150909308702
0.028799591829646965
0.028037484779495424
0.02649311217964905
0.025502022753819537
0.024372482759883678
0.02343279066253032
0.022829750372049602
0.023121338312400385
0.02330846266594983
0.021813969903867726
0.023528981015753157
0.024629576415038757
0.025498954936320737
0.025069098626242417
0.02625332930074917
0.027202028810947895
0.028666359538409333
0.027842821551077365
0.027314322281470578
0.02880019670838646
0.03012322905208469
0.03401187915261487
0.03535863746799781
0.03622290942261382
0.037738023899600494
0.036036246617158235
0.03579682328372538
0.032182882313492936
0.03142341688983035
0.029779065589965292
0.028723815590188596
0.027982408019681156
0.02826413364406769
0.03099886209808147
0.029954148789722645
0.029283711932034127
0.027427613332169098
0.026236476105434923
0.02651605735328265
0.02594267401773363
0.02557470960236779
0.025322802530315793
0.025161143073634495
0.024270852242045348
0.023396397245216284
0.024363356544774523
0.024929596488878304
0.025292976686854162
0.02334708350454829
0.0220983212842318
0.021296937581844012
0.02104091406803762
0.02087661291602001
0.01956821685227171
0.018602662462173458
0.01798302524108549
0.017677422967699714
0.017481305022008894
0.017232304433646976
0.01707251019087554
0.017369933807609227
0.01682380090219112
0.01706359343479575
0.016881262507972342
0.016764253015836672
0.01714252818549008
0.015513271713794689
0.014755224320091966
0.014427725639540263
0.014135784953232011
0.015606917077231703
0.015622049096989903
0.015933259506628664
0.01560020645058299
0.015386472172910356
0.014090302982655591
0.013258496216155085
0.012124433578008813
0.011358029940443859
0.012089597528465184
0.012105710364951386
0.012716347712397295
0.014811822726536389
0.016156577955172374
0.017921276383797907
0.0173952753928988
0.017593638165635323
0.017419436423035176
0.017190350395961482
0.017995786802405083
0.017743571817851845
0.018458140037116925
0.018926696534306398
0.020290698403078296
0.02046392608236986
0.0205750936343091
0.02263604554904939
0.021967527106978683
0.021538510457126094
0.02072865860549701
0.0202089423098828
0.01963585146972018
0.019268074761051572
0.02226032232177894
0.024112980253546027
0.025301909457571863
0.027180689444480925
0.02838638227966257
0.03062685816764127
0.03154337548353008
0.030813885024511482
0.0277558320079491
0.02743346050915742
0.028600285096190534
0.0289819076669031
0.030620474202630754
0.031375658788171557
0.035193948448508455
0.03441604145587499
0.033031969191989016
0.03436920181407135
0.03323514178083419
0.03203514889056182
0.02873502161565001
0.028543092969765354
0.029737582722992803
0.030504137480437225
0.03220637079374556
0.031925062081320045
0.03411120990432103
0.03412049058203403
0.03412644638670659
0.030860357876094178
0.028764370297050725
0.028595779396796424
0.026262136942003727
0.02515939195875524
0.024886411739153614
0.02471122874954311
0.024012968248355103
0.023564864857194633
0.02432295919453216
0.02195904702030565
0.020822541298694052
0.017726521794790957
0.01573967471346712
0.015810042006315358
0.015791454618102187
0.016310508122790553
0.015467113517423867
0.015209098546774956
0.014648666994786804
0.014326534710511311
0.016281725122260324
0.01619638886035339
0.016224479927127302
0.015196845859898434
0.014403593728260068
0.01351401315472396
0.014479369321566545
0.015098879334377865
0.015034947515260808
0.014993919754274491
0.015569353093056747
0.015938633082479045
0.015892388587153947
0.01571452992235215
0.0156003904705161
0.013950084572046956
0.012945420933398902
0.012217830681191555
0.01175446756103665
0.011590883533766742
0.01248436415565702
0.01152151081532461
0.011954257976073449
0.011348056503408309
0.01164533496004036
0.011415653946489301
0.011268257894612681
0.01144762024187009
0.011710906280513562
0.011879868102871564
0.012428521054516577
0.012726207253496344
0.012600618895109708
0.01251646110004883
0.013671398645948664
0.014346724951021853
0.014780110495423406
0.01633865232131877
0.01733883474071114
0.01720956709196493
0.01641432335550479
0.016314782923650253
0.015976950957142286
0.016972950935625564
0.017649178566149327
0.017058060950662538
0.017049367181082947
0.01736041424350915
0.019601665086454754
0.019831025675930314
0.019045602787654884
0.020493943713065697
0.01909233460185993
0.019357769420243427
0.019612933688174527
0.019320137547359204
0.018721436623887797
0.018337224838111225
0.018101672927540915
0.017913457088389536
0.019731716862177173
0.02052791982299838
0.02239228907844127
0.021547095190684554
0.021878353075454365
0.021867363943385357
0.019907931632356275
0.019132378914267813
0.017469766971951375
0.0176148158121014
0.018164445685620315
0.01851716649652713
0.02152648148612165
0.022233872421262124
0.02459196308172664
0.02416620404965885
0.02407750848554398
0.02276266101094922
0.02191886759686256
0.02055676964955655
0.019906224974431886
0.020226566222568885
0.019950244658138112
0.022394812637206996
0.022751578164626914
0.024440091479287027
0.02552368211777696
0.025494020093497334
0.02585337758475375
0.02417986465218409
0.023858704787023247
0.02346807080264052
0.02435583079223893
0.024925544045666825
0.02523809845997338
0.027192358839735413
0.02770866727658
0.03041627945928142
0.029788133773524326
0.02938502603443854
0.030155628181661124
0.03065015627657093
0.030743297521270245
0.030424677339215413
0.03224082401223997
0.032653518000670366
0.03293607432646182
0.032139764504870216
0.03162873870453017
0.03282054788003977
0.03183170144676618
0.034460369172122335
0.033771021635631025
0.033072478129421566
0.03399954808894516
0.0321056329925853
0.03143228851275813
0.029166482241770444
0.028671422726655363
0.026333103267117464
0.0254277136498387
0.024828973633691406
0.02418844430868735
0.025709616777444263
0.025166061580087433
0.027116618198770776
0.025105120705239306
0.026167991766935742
0.02893075578080541
0.02932838370697135
0.03510101312694293
0.03826349316405553
0.040292990789516335
0.047518953078538345
0.05215615968068439
0.06392146291785923
0.07147175721296488
0.08392304114250265
0.09086145008617325
0.09531412150548345
0.09669022913269722
0.09757333578604739
0.09640596207639397
0.09357613427926223
0.09652993036330829
0.09290805193326675
0.09058373886662723
0.10068569042074965
0.10028598930558862
0.10727061701507185
0.10236832878004347
0.10695565867012764
0.1022936031857994
0.10486121158736209
0.10650895484366073
0.1119971192847811
0.11551910727222493
0.11892134458704569
0.12077366423251736
0.11719255969136448
0.114068001943498
0.1120628406600747
0.10269578129032772
0.09668454184364914
0.0855857415561322
0.0808853791674828
0.07013562092682449
0.06607049405148006
0.05769249336212431
0.052315974836913325
0.04507787854822622
0.04043288504368232
0.03559486937251355
0.032821149834940284
0.03501805489181512
0.037254313098371634
0.041392521170245035
0.04154431620576039
0.0416417295207485
0.04483964153023396
0.0444696686721316
0.046420374066904184
0.04483877538273749
0.04315346642149171
0.042999928047261854
0.041440396001016996
0.04266261349154663
0.044241898109282626
0.04525539205833128
0.04453114150095437
0.04406635918797072
0.0448967455674894
0.04442020883479468
0.045833828223389154
0.04376835022888669
0.04244284536054254
0.039052298068625674
0.03687644000877185
0.03721632398856311
0.03650644606512762
0.037755687182346856
0.03699574364765615
0.03580858427585302
0.03609546241117933
0.03367729833610109
0.03212545984520152
0.030307766769935462
0.029141275997899216
0.027552715333538823
0.026370528336576878
0.02563805231033193
0.02551977326506293
0.027305174131390768
0.026714717203218073
0.028517001289819273
0.029514192265300797
0.029492731214785756
0.03260420036278485
0.033552233460273945
0.03643246039732437
0.03828082423230975
0.03645704699671575
0.036631587790424476
0.03586413883509874
0.035580605996801636
0.03552088129938117
0.035482553426897524
0.03470501398045212
0.03420603392627859
0.03635939172031485
0.03619590407833969
0.03946381128358369
0.038651125014488856
0.03812958975292249
0.03582790755009844
0.03435082041900554
0.03459538175159453
0.03340739110599989
0.035016338406522164
0.03809341957576002
0.03991969923831494
0.04357558897960653
0.0448133658239247
0.04669533143465649
0.04324828880224459
0.041036175285267845
0.03819235641519306
0.0361519565485305
0.03715422819517391
0.03836223970364629
0.039137471945174515
0.040177089323316206
0.04084425590636001
0.038943957005666226
0.035470931432820985
0.033683718532421796
0.03047250888343161
0.02864811174515969
0.02638968700120236
0.025522746453871013
0.024966393919923387
0.023936879370841036
0.023276196201873173
0.020312071589514313
0.017540212814136372
0.0157613934266098
0.014435218452601454
0.013584155701506624
0.013121051451294937
0.01282385780418782
0.012191561058839583
0.011682968346218795
0.011120210475954333
0.011204916997642282
0.010676890329781896
0.011325665785057979
0.010544213905318777
0.010042723076693098
0.011526456523046616
0.012478631231130634
0.014388617602276584
0.014195700490990807
0.014071897395109315
0.013914707362781246
0.013813831849384261
0.014322747589664097
0.01433255218281033
0.015661798886419536
0.01595097488577375
0.01613655139444373
0.015328715651471115
0.014731958920495069
0.016276307298901782
0.01569027316465024
0.016063671226735694
0.015004361146929417
0.015464456869622676
0.01575971981696789
0.015345791866849272
0.015639420149639434
0.015254202040076287
0.015322523814367465
0.014043414115684357
0.015035174360428753
0.015671628990369408
0.0173028178027429
0.01834962087580582
0.017094086330809347
0.01637930246525179
0.015171114298323808
0.014861257051111005
0.013631001984077108
0.012841495107218314
0.014403661255596447
0.014846906144955572
0.016987911284115684
0.01804635254564723
0.02030163034733872
0.020054324479423614
0.020831961507029276
0.02078471676563664
0.020754397810466767
0.02056287740403452
0.02034902470798985
0.02335312620066894
0.024815497230526732
0.02551414807640063
0.030138298483407388
0.03159219471066119
0.03394872454327942
0.033604453639066736
0.034900770290679124
0.03390892528758587
0.03327241626461981
0.0332654565656817
0.03252382426807101
0.03448502549787599
0.0359156749882518
0.04065143980020271
0.040549241179316534
0.0404836559879526
0.0433703579955919
0.041047080643014704
0.04132022293462797
0.04026044715018991
0.03958034406249413
0.038471606317481144
0.038007797530034
0.04025074916006008
0.04035228754575726
0.040417449036183384
0.04200799353430092
0.043028713426347724
0.04338965022641565
0.04362127868574756
0.04376992449621174
0.04231743682339232
0.041385313853960166
0.040033872464193494
0.03897815503053094
0.03912888320671933
0.03838064871094068
0.04187089922217615
0.042492772488438794
0.04289185494979692
0.04559801867382275
0.04334881301153153
0.04190540230310806
0.038306482661723665
0.03599690322387018
0.03602126704485424
0.03475736508427569
0.033946265568172075
0.03269059895637586
0.031884784413024454
0.03324545042516782
0.034118647538909024
0.03441788808409526
0.033687294610181745
0.03522876188648687
0.03404686657384322
0.0332883942033072
0.03341709655485614
0.032648758193414194
0.03362577829619221
0.03274625460872896
0.034442170463799084
0.03597796482984651
0.036687869459261405
0.039188696476217345
0.038087565040628525
0.039363085896150125
0.03647234450788559
0.03461723310341917
0.03256738361256983
0.030972972911923392
0.03101305797086514
0.030423335999929656
0.030828924618343412
0.02961911261381102
0.030157892794536904
0.029603198290609856
0.02879977408819084
0.029947323948483876
0.02863850429030107
0.02852866214486798
0.026476008160179962
0.025422645348778094
0.02474665773798756
0.023161873486973374
0.022766383286007677
0.021449294386000507
0.021895309516516318
0.021748040036462916
0.02165353096239415
0.020760434724620212
0.0187260325040164
0.019134469983279678
0.017733440383251618
0.018292103850491306
0.01792053893869089
0.018646219724842115
0.020012691453193773
0.0208896143413612
0.023668573365406217
0.024830416187666213
0.026613121441573448
0.02646591208169334
0.026020899673880365
0.027671157546265313
0.028247475922154864
0.02906004813653464
0.028594059275192693
0.028295014450727764
0.028465018684181928
0.028574117614154276
0.028547320487190404
0.027365439711209937
0.028414242361157083
0.026871103124427295
0.027721314887318542
0.027358156451878484
0.02712510227485934
0.027726055288809445
0.026175871120018672
0.026836723472535455
0.026818096208351936
0.026079593526781897
0.026179002238061702
0.024423119432145677
0.02396947049052063
0.022993103898220364
0.022366528028213428
0.021068751180625452
0.020235912712201716
0.019103478640490074
0.018248421628239798
0.01863766648472259
0.018136947657034694
0.01836299206580502
0.01697786764217988
0.01608897452801142
0.016647933928383474
0.016433304675446705
0.016478406183034717
0.015834174176208218
0.015238664763954198
0.014886048000840568
0.013748169696426126
0.013827718915239854
0.012888384559424383
0.012285573846865969
0.011553910387028474
0.011084370900000464
0.009997293977613942
0.009174185994481835
0.010885640365278908
0.010854553424976316
0.011684791183215325
0.012854377506916153
0.013604950676976759
0.013820475085366164
0.013929239348544084
0.01480071730255501
0.014550207675385004
0.014137286084711376
0.015159134602727572
0.01522174118057001
0.01717562730008905
0.018667895511873946
0.019625547341069752
0.018258017750074806
0.017380415986562127
0.017007745557689455
0.015948961398028656
0.01673192168629584
0.01750053076671404
0.01791321406525522
0.018203973329588095
0.01839056588657299
0.01870833286222132
0.01762541959028492
0.016930468195126093
0.01674497125501106
0.016625929997809798
0.016077345979685336
0.01563326800829357
0.015348284331597555
0.014555996484872618
0.014047551756454824
0.013163594229412386
0.012596321177544589
0.01243915417231305
0.011510691243675918
0.01194524600993598
0.012026095627207575
0.013963223840233558
0.015089856314298123
0.013638672497104432
0.013056204256315389
0.013154599864177198
0.013401384008529872
0.013559755865137023
0.013230080107982347
0.01407919811290239
0.013719353128143562
0.013876669896711925
0.014294638568592375
0.01456286679995891
0.014077944534091898
0.013766749340590145
0.01300152558258027
0.012626953921797024
0.014657807837764096
0.015612274976630947
0.015294411457400525
0.015534424781116697
0.01568845151483345
0.019384378567696016
0.020695526850976257
0.021536946337040747
0.023989709885057404
0.025120430078354593
0.025288913902537884
0.025075284499159953
0.024938189446609797
0.024679596506620095
0.024513646444800065
0.025615144037275665
0.026322021779464713
0.029678919533522193
0.031473808161139476
0.03262566435151005
0.03140840990856659
0.030627246083810185
0.030125940112287898
0.027911651712647353
0.026490648893223535
0.027086022483659263
0.02787804539681594
0.02838632010611553
0.02972736648385693
0.030587972845726567
0.030060050026685565
0.029721259553676393
0.02833974081754141
0.02701934342837211
0.027223357730811523
0.02597393777233724
0.025172131971462747
0.025974788995385693
0.02608143362618196
0.027896259605432093
0.02811076634765318
0.02778689751008393
0.029665253134093426
0.028706694949960976
0.030661155668982344
0.030426943545565875
0.030276639688232153
0.02992391053791802
0.029697549275684174
0.02821193409425504
0.02699826426145004
0.026219400833116295
0.025358165130916387
0.02480547363814895
0.024977444998855316
0.02554518007416599
0.02590951976127642
0.02807497438511589
0.029464638498565978
0.029503129007009972
0.02861728569998446
0.029422451975371796
0.02938665790709958
0.029099510352199265
0.02989685266160676
0.030408541053185557
0.033312860753963634
0.03422088210300675
0.03556130617418348
0.03414846863825106
0.03278441708772338
0.03434697298569578
0.031331893018963906
0.03118478858720609
0.029374093171052044
0.028227306196095044
0.026035807607596318
0.024629429976964354
0.024898626375757585
0.024378744270433447
0.026255338272674143
0.02488368072003602
0.027417002386250545
0.028285034145884992
0.028842086957068358
0.028896025553599554
0.02649271458429263
0.025775540715397338
0.0235274994994222
0.023324123684851643
0.023178395692994572
0.023166783072941233
0.02486154429983731
0.025041592873558918
0.025293598576564606
0.02376368426955764
0.022781873343715217
0.019809180927828178
0.01790147807171431
0.01684352206719188
0.016468132637919377
0.016894677980856414
0.016343277472148456
0.01596053392709274
0.014404712866965874
0.013406276478409388
0.013399954798345463
0.011693684370101572
0.010598698238380798
0.010356333216806178
0.009682209950061492
0.010589392132272425
0.01072392604896217
0.010810262171643823
0.011606603532890902
0.012117649573570236
0.013041137927964885
0.013633779589054148
0.014394817645462105
0.014954118725508185
0.015313045960001393
0.015176967359023097
0.01508963994689145
0.015618060393673099
0.015360375281857847
0.01602290528388705
0.01510828321179904
0.013898024970272748
0.014061880495660605
0.01325979986769693
0.016271552567661628
0.01694134497160401
0.021703323302810107
0.02523429849765651
0.02750027510124985
0.03039447366977361
0.03198380381567571
0.03421743783147321
0.035066393401146694
0.035664151265884195
0.03592560182709583
0.036093385745716064
0.03839180408690173
0.038926267068643626
0.04277239346190971
0.04171413408994114
0.044550464796749206
0.04320383021361968
0.04151279770268253
0.043141857332159715
0.042747268782750134
0.043925376751075454
0.04346772519697484
0.04317403077630924
0.04321934591255365
0.04254268510999226
0.04418044392993545
0.043040718974176786
0.04345755720250298
0.04143254232457754
0.040133004355005684
0.040403703213856244
0.039412106376135604
0.038775756611416454
0.03722369237399252
0.03622766689797027
0.03519445347585121
0.034531396583107464
0.03410588484120527
0.03538261501698912
0.036201946943096336
0.037955319810549296
0.03999271622630197
0.04015195186250819
0.04198683549217435
0.043164358172370014
0.041343072912734626
0.04017427688357343
0.03995526256942888
0.03824413644080886
0.03880029316616184
0.03811989196406096
0.040481086481812006
0.04311786973206233
0.04297346794690101
0.044565303330269763
0.04228727806434041
0.04274363580903303
0.04303649993729595
0.04028112674466184
0.041697156770467175
0.04056270668503722
0.04282028492403133
0.0443393878707888
0.04531426068802424
0.04575844080374307
0.04604349003078568
0.04521629408847885
0.04356394281241907
0.0458116932399157
0.045569665926477945
0.045414346730100814
0.04501657804860011
0.04476131300815479
0.044597498600676036
0.042012266376328045
0.04035321316525448
0.03684980767845732
0.0340001528353275
0.033190771242693935
0.031198534901640915
0.03367187488612314
0.033471409386412354
0.034600603362348874
0.03375597077571034
0.03321393420667697
0.033332889832740985
0.03087687660243145
0.0293007487026594
0.02820513247772314
0.026797864711578127
0.026782288930699037
0.026225410943901975
0.027350014893297084
0.027337805411231864
0.027329970068539586
0.02565270945652651
0.024576340154778713
0.023133440386362794
0.02046862030382822
0.022057033286409088
0.02260958180319921
0.022964175631334925
0.023823600770845253
0.024459278424461914
0.027291405042507117
0.028221373206130395
0.028818173235746963
0.030192159611946885
0.030788457689899795
0.03283327785032207
0.032603089215141885
0.032455367400925486
0.03238685718761751
0.03234289127681441
0.03108606544512865
0.030279506981184097
0.031197775973843607
0.031155200914650957
0.033068718973075936
0.032820425018976536
0.03266108425339468
0.03343691123081458
0.031461821664153504
0.030846278968468217
0.028789108720288375
0.026931761544152857
0.026764261493442222
0.02612478718463798
0.028132354991863635
0.027350766377901795
0.026849187801119268
0.025772235995604444
0.0250811103263955
0.023573760610007936
0.021658524727524102
0.021842567026858536
0.02108259207174818
0.020594883896934646
0.021219882410773216
0.02162097047610647
0.022187854929524995
0.021533475030455572
0.021113531683555356
0.019728849779810733
0.018840240649424283
0.01847808480131961
0.017564869796036133
0.016978820978977936
0.01693435108780147
0.01690581287175401
0.01639191142034506
0.016293131308409887
0.01622973991929073
0.015265747747789144
0.014647113068662008
0.015435375727223694
0.015934972587234447
0.015969690352350366
0.01468921105054506
0.013867473151193589
0.015330494163161153
0.01626937682326576
0.019487760899296585
0.020344496786724914
0.020598993178152745
0.01970743153818498
0.01890426634987313
0.020649201763465297
0.021102374457625483
0.02237281850688005
0.02169336035420582
0.021257323227882034
0.02285326348846771
0.023877446070237264
0.025223081522508635
0.024522194458262658
0.024072405490143268
0.023739956140837848
0.023526609287394237
0.024992733422009635
0.02607094709806727
0.028831824350156174
0.0289908966880435
0.029092980156783126
0.028255206770526068
0.02771757204141745
0.02723823483648512
0.025340754765837612
0.025643594774796448
0.02514956602523005
0.02419849782097449
0.027272643405836388
0.026673390513100467
0.027798093800744123
0.028069802167230443
0.028244168954729042
0.027375946466024627
0.026171110402464216
0.024961137807856568
0.024108307830681314
0.023561010648322327
0.02692874198420859
0.02908995807698842
0.030769442882228822
0.032243417176160444
0.03318932902204594
0.030622163937739647
0.028974705177027514
0.027221490842389912
0.02523870978539281
0.024003347229052792
0.02245908478958366
0.02146806605834035
0.022909992617867893
0.02383533807278834
0.02626809793518103
0.02424466218935735
0.022946137615861464
0.022893803651821608
0.022464041093522416
0.023094763782795954
0.022987267997048033
0.022918283390234825
0.025642948000062234
0.027391480889082446
0.03052315484752961
0.03219554004288198
0.0327695900986693
0.0314968552187311
0.03161231172450963
0.029847478642052203
0.030390058428572838
0.03187820957492807
0.030239160738377888
0.03029441665760665
0.029423357167535722
0.031527544279655546
0.032877890431224084
0.030162230743348985
0.027906088390855305
0.024328704710220847
0.022032945812165385
0.02325875976528619
0.02404541659090488
0.02497991297352952
0.025579618953408947
0.025087539184720734
0.023631796042548146
0.023989108579478162
0.023111308092065717
0.024022595186892367
0.021804089532856452
0.020380380322348218
0.02128248717609504
0.022374795724965833
0.023471662885679662
0.02417556908333283
0.02242738619346186
0.022769012996005734
0.021626359610198674
0.025085052482658642
0.026506430936512324
0.03231000187702825
0.036129628693314306
0.03858084529001549
0.042714878143892535
0.04550996448094626
0.051039410829053625
0.05277212970500915
0.057350616718785385
0.05962205240357409
0.06107972906076311
0.06273923533934386
0.06234070099275127
0.06588766776320285
0.06397192480590955
0.06951546755391241
0.06818158207375125
0.06593881738923865
0.07203622023470445
0.07191359028593204
0.07764489573347258
0.07792728017222238
0.07810849824827022
0.07791734530729195
0.07814844464913176
0.07971445089496863
0.07999537023165838
0.07919125555594125
0.07487249787886778
0.07210096783041144
0.06637412674964714
0.06269896983536251
0.06162915944921614
0.054123657404718285
0.0493070582805781
0.04204727796590402
0.03704828550225416
0.03641358345307624
0.03284718869600619
0.032234719280411446
0.03234347934955742
0.03241327530067683
0.03667618154941157
0.03941186936649823
0.04396858071308343
0.04406809208937044
0.04413195276186311
0.04476561372641451
0.044454540075874266
0.04594787759452322
0.04623616274048799
0.046421167550738926
0.04554194643465071
0.0449777129386788
0.045725477305837696
0.044285841755144245
0.045042180731982205
0.042421351660509615
0.04073945444223547
0.037677082367654796
0.035711828269402016
0.03673407094662292
0.03550871484095609
0.03709340498601544
0.0364174012120964
0.035012395807044724
0.03753966355936942
0.03758610153747468
0.03859765055916576
0.03646071012075729
0.036748320255406246
0.0352526776880642
0.034165341584699936
0.0347814354815813
0.03435873194450803
0.03635428752835977
0.03535149060016309
0.036977833711782405
0.03565047394254204
0.037167699226339966
0.03814136706760571
0.03533729169872711
0.03591676601017495
0.03530689146243826
0.036377768353789856
0.035881762684446955
0.03556345480066199
0.03699415942545647
0.03659841967807984
0.0374953021478937
0.035804047304824026
0.03528904409036412
0.03268866422616772
0.03101989013187733
0.028885737581211535
0.02751616133626051
0.027882674668832222
0.025738913371671463
0.024363170786417122
0.02330283134544927
0.022146623858370008
0.02443621001818597
0.024270558305431157
0.025056150236371536
0.024409452454376625
0.023994439047958623
0.024490295022486067
0.02480850684076562
0.02571318039774599
0.025090342878590178
0.02469064161524043
0.025109846623735322
0.02537886826476355
0.026732665250790776
0.026316662003629084
0.026768163879133344
0.02397342074440609
0.02217991549248545
0.020143941482348625
0.018837370572636045
0.018923933182139606
0.017646949615748028
0.016827455078135687
0.017522230558847714
0.017865683430084937
0.019480922307403968
0.018897256941118077
0.01852269411035675
0.0168763917093766
0.015819889605228
0.01578836408523455
0.015821050304360863
0.017116288246514004
0.018652729581264096
0.019638729177756796
0.02085545706380997
0.021636282974667072
0.022137372092498435
0.021378831518323184
0.020892043846614344
0.019156113674149523
0.01804782896865977
0.017336595648068907
0.017817437415381273
0.01812601397982296
0.017255411736840875
0.016696709337425966
0.015114127085746876
0.01338639264235065
0.013775785138616983
0.012516660116338032
0.013254846508466856
0.013845483429690495
0.013383487497243952
0.01349014342412973
0.013587296329788811
0.013788899171627185
0.013918276269342717
0.013288807830693843
0.014532806453956298
0.015034816552837445
0.016963111784956297
0.01918349380659903
0.02060840716182654
0.02096219854374306
0.02118924148506606
0.020699893601630093
0.021482292744708992
0.021984391472413708
0.02329514665830906
0.024136313877105797
0.024230229429738345
0.026498019475650596
0.02795335657159258
0.027884279896763644
0.027839950463566923
0.02756507949322572
0.026355547383496204
0.026130830281754433
0.02504910276339333
0.024354912316615622
0.025046039326421306
0.024276219018547356
0.027454087068880497
0.02873990483943848
0.029565068660702763
0.031797022341271824
0.031021841270112083
0.03230140993446236
0.03247763645009675
0.03340029497551999
0.0326413699286459
0.03215433552449329
0.032475179969778785
0.03268107946391036
0.034540175646825544
0.033685448703631236
0.033136934157693455
0.03190543366846622
0.030477007099746475
0.030959852698479753
0.03019167478695237
0.02969870242694712
0.027840041720770852
0.026647260281705817
0.026564965244771626
0.02650347604026491
0.02793152941199545
0.027663085791978393
0.02972081892133998
0.030340939513727287
0.03073889720989258
0.03274037211305323
0.031232404507590086
0.03137915288135109
0.03007380000265831
0.02861172904889168
0.02886075048880814
0.028785822289561048
0.028814687778749227
0.027340482072147166
0.027686686921722603
0.02680258571848194
0.026235220463500887
0.02560791510959922
0.02417879897338445
0.025935477296686316
0.02531672374951164
0.02536948737662496
0.024965866769541108
0.0247068463001557
0.024589324510177535
0.023326611383683672
0.02300294366571199
0.02271828226381873
0.023688694812078793
0.023019184516603293
0.02222829329391364
0.02397608768398123
0.023130919709549735
0.024896554308160276
0.02335583416082544
0.022655010557918236
0.021755418283273698
0.021319599370738036
0.021039915882541702
0.020345389483172414
0.019899682423590564
0.019126984419025203
0.020749116349178493
0.02063701538845068
0.021450826089058888
0.022680581701873904
0.02121442521219002
0.02168532822558119
0.01967951192122154
0.020175981819528212
0.020206665729568533
0.020562148867051454
0.01997179595481997
0.021090828119070003
0.02326362408996546
0.0246579994573179
0.02545488614365599
0.023848277116934387
0.02408868720942665
0.023357217922892536
0.022180304289278367
0.022492209954523935
0.021280575211645118
0.022541172527552302
0.021566463984337654
0.02190574881709143
0.021787690319819357
0.02400243482858382
0.023925843675584903
0.02288836533519236
0.024764240028237204
0.026066011564019338
0.027720263953988102
0.02751042862922507
0.0269846815934141
0.026647287412823073
0.0270666994218442
0.027335853903893818
0.025470427014696095
0.029600167434771726
0.031285600426993916
0.0348462067390912
0.03507143697769463
0.035215976778438886
0.03568670758757501
0.03344712695633439
0.03250625861000225
0.031083613110008436
0.03252191711719113
0.033836024631053736
0.03762400851309407
0.03974486925300506
0.04110591557899511
0.04435406159346722
0.04111167070555237
0.03948527107138152
0.03596254896996307
0.03347112298105575
0.03281895036990749
0.03202245004721895
0.03187378193744974
0.03128200973207765
0.0333103291824292
0.0322607118482438
0.03355565026189068
0.03144200185466873
0.028692519980358953
0.02872833870055502
0.026376620255913544
0.02567409728190738
0.02476887830619702
0.024786613891367295
0.024408407888271262
0.02314622535396692
0.02233622926666189
0.021453940465691396
0.022533620472959964
0.020818412161257325
0.022736380799194485
0.021998700261753337
0.02325820140662081
0.024493268631988717
0.0234855857741908
0.022572449358152426
0.0211797764386177
0.021248362568475475
0.020693724187368624
0.020727376885251565
0.022610513013025076
0.02381900136863616
0.02676005967434674
0.026794892098565715
0.026817245543145525
0.0256309969427047
0.024869730882673424
0.023394893217319336
0.022021635409919086
0.021529027071931814
0.02147936296952315
0.022061249616557425
0.021861137312021783
0.02173271675533315
0.023208901732559073
0.02236748304032735
0.021827508963700424
0.019735042327099203
0.018598905016307503
0.018165574431621954
0.01616414095497081
0.014879736171171266
0.014627015936684532
0.014464834639167385
0.014047332568865133
0.013779403775527757
0.015959319527900317
0.016969474182667508
0.018707647643230366
0.01810149890800212
0.01771250754540825
0.01930491101388999
0.019907246195211288
0.02253947929582777
0.023932918028943064
0.02473239680789807
0.026619484077591647
0.026512370123226877
0.026423058363561278
0.026991668078320052
0.027356569058677845
0.024969884057683703
0.023438247024295124
0.02273930954758997
0.022453782211566943
0.022270547204972513
0.02291557902699883
0.02363254608444014
0.021846965209096594
0.021542705561015764
0.021347449234951056
0.020204852951580084
0.019471600435604055
0.01953228927999575
0.018870065011229942
0.01844508759945276
0.019154445600414616
0.01960967072805177
0.019332702723458942
0.019626867088793624
0.019815644843572962
0.019045995883920606
0.018249056721695536
0.018024774762793773
0.017039220150646812
0.016529754557974122
0.015846073069434023
0.01731335343049887
0.018338280942710023
0.018996020415486006
0.021864454951447666
0.02237840927098337
0.029804655702628583
0.033765605068648
0.03583560785613118
0.04655849668939072
0.051725967854649
0.06388562392056073
0.07140184344239502
0.07870187648153625
0.08268966105685806
0.08524879162253982
0.08514754467795145
0.08448858286466293
0.09206919496964638
0.09448766019852887
0.10648258065648597
0.11223679248559663
0.11592951437044197
0.12446799152938916
0.1205530144009073
0.11804060746309773
0.11185569977238315
0.10788658207847358
0.10481757849136389
0.10297783593126052
0.10179719506925747
0.10310365949133445
0.10394207314492777
0.10019218123146086
0.0977857164808019
0.0904722544170668
0.08062591293871253
0.07415431828158996
0.0639472231121955
0.05739689704979931
0.05414461770111638
0.04778661104248212
0.043706408396205224
0.04352294784718498
0.04384939591790015
0.049648454421914096
0.05114334639508641
0.05506413639404385
0.053864715366116096
0.05380874675156268
0.049582118266247324
0.04686971142923787
0.04499414026886141
0.043675804117318126
0.043998564341666095
0.04325435045330071
0.04277675682377204
0.04631205985561394
0.044191131497952375
0.046124110997789264
0.042532319024121454
0.04022731371307061
0.03635953582979953
0.0338774186503324
0.032368326676762
0.0313962265961095
0.03077238872765914
0.031372860285527895
0.03175820836251796
0.03453307704586174
0.03631382801904988
0.03745661147670032
0.03745318416379496
0.03745098471168692
0.034267556246550625
0.03176706018584922
0.030162385766387922
0.029248825138306934
0.02866255452043157
0.02955053095340903
0.029640988709822177
0.03366465217874321
0.03553367711452026
0.03673310971947945
0.0355582774173884
0.03480433768040878
0.03644735958294869
0.03475945911652758
0.03367626176875115
0.03342782071951353
0.03296864450720856
0.033087189657351274
0.03247414185797202
0.034862417813587815
0.03433332597674787
0.03736438410564989
0.03534392982783348
0.03568625113148746
0.03623354757742194
0.0348329630837716
0.03479598759064768
0.03264540182602561
0.030902581844060927
0.03204964118335972
0.032227012946635485
0.03545795921529951
0.03793745615072859
0.039528654540499406
0.04064561771393035
0.04136242037563396
0.03870007584366989
0.036991536392885556
0.035157795414670664
0.03365339168188517
0.03268795197395462
0.03192835987118473
0.031440897388955766
0.032691051803962895
0.031227828066298362
0.030288815308519734
0.029675486921363802
0.02846260843868573
0.029569112045088032
0.027570005246044988
0.026287093589988344
0.025541644121363918
0.02506325756754927
0.024398057819351747
0.02397117091617242
0.024287498051363394
0.023768688070073117
0.02609176992534164
0.026019610348276632
0.02597330248591001
0.027428052015865685
0.025255231290503548
0.024369086070096017
0.021915549890789043
0.020172690340755844
0.01971253420364259
0.019091131514200284
0.01941972296048366
0.019123245531818312
0.0189329833861574
0.01912761647590645
0.019252520787979645
0.016883911497390377
0.015363874414333963
0.015612529636074615
0.01428763499232976
0.017925507071313025
0.019751837908206785
0.021552243448110093
0.022707640075180273
0.02347633882852489
0.023384077576540974
0.02259749769792292
0.024171651502900134
0.025181852791692827
0.028084825579271104
0.029947786391660503
0.030936068845105916
0.035115603704552946
0.03657366104975328
0.04011121086385957
0.037893293491771944
0.036348334605634684
0.03595663241540434
0.03570526049981379
0.03680778573642097
0.038100890819738074
0.04013037698371453
0.039317762355506033
0.038796273068935384
0.03992972866524211
0.040657115214485305
0.04357178903708649
0.04231088151832878
0.041501703662599934
0.039915159822121384
0.038897007321829755
0.03933750884993893
0.0383920623411107
0.040329528832095334
0.03962349952611454
0.04219587901698143
0.04399681962599854
0.04515255962962115
0.04886188314354015
0.046612501319603566
0.046096310272540485
0.04331716956481837
0.04111974235838271
0.041182367172209106
0.03968796369949547
0.04099260513753429
0.04085758291777051
0.04077093343028345
0.04050622018281421
0.04033634245999837
0.04068724326911166
0.039562649899939704
0.0403164556478734
0.03783256866571972
0.038070732469224815
0.0372962395755811
0.03755919126826477
0.03777835196997104
0.036446189601212216
0.03729463824506942
0.03557546018516468
0.036439725414479394
0.03699436108334552
0.03501520128882176
0.037513552794457374
0.035631463956400114
0.03552726007891442
0.0344111497359817
0.033694894371796257
0.03239597703083429
0.03156240665942162
0.0318153740117987
0.03192730045201297
0.03423350350760942
0.03401013810152993
0.03541656507559307
0.03554862096467896
0.03563336683190174
0.037418377003279275
0.0347954314466037
0.03408204609160874
0.03252062405213381
0.031092326540809588
0.03249919556597551
0.0324091295237424
0.03467697237018512
0.03492942155448135
0.035091428907590115
0.03416399494606467
0.03356882122146657
0.033549493177246384
0.0323400627907942
0.032068650368852515
0.03065658677546851
0.029750405653020097
0.030115939632210695
0.030350518296445958
0.03281318760936203
0.03207011885819496
0.031593260111790394
0.02855567326135373
0.02626136521588657
0.02717977275589216
0.026566179687062094
0.02547997034812947
0.023342606617189395
0.021970969621623555
0.02088745797025791
0.01969938414311904
0.01930959762979593
0.01714251612854332
0.017425601929304462
0.01529513986834143
0.015061999222225975
0.014912382977336824
0.015852820912276078
0.01633128719003615
0.014247576940609196
0.013341581127579726
0.013452605804101011
0.01305176193856676
0.013147984198513154
0.012908277723754693
0.016526337901359756
0.01847554976132879
0.02126057051780086
0.021969094283444016
0.022423784046880314
0.021457437965675626
0.02083729268281577
0.02115342731283444
0.021481356967018066
0.023995810427590764
0.025178232435864777
0.02889254412175756
0.03127617553071455
0.034450312086448255
0.037412044779304855
0.035540824322804546
0.034217902082489655
0.031834797948731154
0.03062960621749021
0.029856183546654202
0.029483917942202006
0.03205303200196801
0.03235710461645661
0.035994484857579466
0.03646070097468193
0.03675989163881148
0.03510106818444445
0.03403653078905972
0.032170077149982254
0.03004754007039086
0.028639276800101626
0.027857615182784106
0.029433806706006118
0.029526116650504815
0.02958535585864757
0.033347055192702604
0.03295308457260653
0.03563291478149227
0.03450252335702513
0.033341141249110036
0.03468155469332528
0.034437080360828695
0.03518996221130951
0.03534919155464508
0.03545137578044425
0.03726467431362436
0.03842834492153834
0.04035080558272168
0.04158453015997447
0.04562613698013875
0.04558344644736711
0.04555605012110519
0.04372312712725687
0.0419547709038576
0.04081994168305809
0.038719856178069056
0.037372142201825845
0.03814253878570289
0.038146236752377674
0.04008096069441369
0.04087204928718061
0.04137972440344622
0.03971181013602028
0.03864143878017028
0.03511032880536591
0.03175694380379986
0.029604934362478318
0.030327975737425857
0.030791982066745074
0.03162845588088795
0.03149675039515318
0.03141222939662622
0.029613441121417183
0.0284590823617211
0.02638696386293939
0.02380612193962422
0.022044680782617555
0.019654499377471442
0.019799704544612863
0.0199044341544587
0.019971643588825253
0.02118472046439897
0.018741809959306115
0.019037157147928703
0.018687992705999724
0.01841852111439906
0.01907327746506223
0.018692956731680643
0.019090053920854937
0.01900606379914247
0.018952163774295268
0.01944242595478362
0.01975704799807461
0.020257678838267196
0.020161743445451193
0.020637326599346088
0.019772582758623168
0.019521371192946984
0.017793747501281917
0.01668505807439515
0.016512296816302566
0.015573740881828307
0.014909458034944366
0.013841994405256368
0.012894748640850853
0.014328596654828517
0.014829111039247077
0.01504667709921916
0.013208487954474565
0.01245521635710052
0.011479289323709153
0.010852995537305512
0.0114638383340656
0.011559186132385218
0.012645286601355974
0.012803551566692904
0.014579752964407713
0.015781588446773957
0.0159269560810785
0.016638921702988675
0.01505408443851924
0.015400636983303888
0.015726669713277967
0.01649042687451836
0.016554189879387563
0.016550481026720274
0.017558104745293412
0.016888246297594098
0.018712910037486534
0.018858962439645806
0.019623382726796614
0.018439307605604645
0.017679436359431696
0.01855643178649904
0.018500559920451697
0.020684230884467983
0.02072197533349582
0.02044488300642653
0.01975916942776151
0.01931911792915979
0.02188319545647554
0.02251866895415761
0.024863923304147714
0.024114432202647966
0.024558576051929286
0.024172909741652752
0.025238384613740603
0.02592214504779851
0.026210831270442235
0.02639609346861403
0.025362103794006014
0.024980960325493757
0.02503767893116894
0.027546992493927433
0.029157325478587785
0.029402122745149913
0.029559219537976193
0.02897980270330505
0.028607966335549153
0.026976216962699865
0.025929054154190702
0.023944072040918484
0.023521402022024542
0.02266153273874923
0.02377851648701672
0.02342868632927656
0.022921773895199914
0.02450051121421793
0.022994102662090087
0.02234239757355278
0.019866315257422433
0.018883724746698465
0.017295617849719516
0.016276462269749842
0.01681175518296662
0.017155275358127053
0.017375726830260195
0.01693230058537268
0.016647735149229164
0.0166368435377907
0.016629853928592227
0.01967992511055691
0.020213434040766188
0.020555809358334114
0.022015619538167684
0.022952441671050167
0.02324607690297238
0.023134840434080248
0.02429758968164845
0.02505231946996891
0.025536661598699828
0.027226922732355236
0.028045357101890392
0.03042906160802339
0.03011826147617459
0.02991880784416572
0.03317109202349423
0.034778027404238146
0.03845440950548609
0.039258585282224256
0.041419139104050935
0.04250680487256233
0.0432048061464045
0.04419507329069498
0.04410069929049922
0.04623429267412051
0.04702854328664383
0.04753824760516517
0.04753649882522392
0.04753537655894569
0.04962206326185077
0.04452633990960404
0.04484788428343437
0.04240908946709417
0.04333625065773462
0.044616544455155296
0.045438163308454155
0.050771680945295265
0.05241796099692222
0.056988969776030726
0.057728222875933786
0.057398161509443595
0.05830068190303971
0.057350234757544125
0.057611982597542064
0.05569255038375498
0.05733178251440816
0.05479206106300825
0.053162214045961366
0.053778281361557885
0.05299611338144346
0.05249416300081255
0.04997933368450621
0.04836546100673963
0.04489834559778496
0.042673350528381365
0.043848618892395844
0.043488503691660386
0.04589468004996059
0.04770646110237805
0.04886915787850624
0.05142194584548348
0.05306017819997106
0.05411150141286405
0.05490400137244687
0.054260331513482814
0.05772873064755763
0.05815217281240955
0.05842391361645625
0.05830118281297472
0.05822242124884981
0.05901161060604132
0.059518066902250664
0.05930618344637569
0.059114599038997066
0.0600987714952816
0.05605270738277332
0.057700403400803735
0.05875779984814557
0.05834639834812395
0.05808238454958811
0.05598591411344853
0.05447033576225222
0.053497724827537466
0.0540807051625469
0.05445482837967176
0.05439946784806652
0.05436394064596033
0.05224076172078824
0.053249187174292736
0.052789216276284204
0.055458778500659014
0.05360485499835936
0.05241511362402484
0.05155009460898503
0.05099497520384009
0.051676006140604004
0.05147207013473769
0.0521609943765095
0.05060998247790965
0.05123183806526862
0.04848348435309777
0.04921938005738151
0.050603157178190264
0.048036510327807785
0.04787453136952062
0.04480583753271484
0.046906992085048387
0.04825539211432955
0.049461256595330245
0.050782071758797336
0.048637992464572434
0.04726204580710229
0.046698554504701076
0.04633693822673055
0.046989855488992115
0.04822986655912303
0.04652600338170594
0.04836718301903315
0.04954874611448344
0.05260976459151038
0.05457415002877688
0.051087181737081384
0.051563572116241345
0.0484481723760706
0.04693401706864702
0.04580085025033403
0.045073649022182284
0.04529490974700597
0.04543690214233579
0.04641135618045038
0.0462156983239577
0.04957033465312195
0.04904622019209373
0.0487098737040136
0.047081665743109416
0.0460367756089108
0.046161182021581634
0.043526893009456315
0.04183635797616227
0.041582602540076126
0.04158122602093074
0.045263813989301634
0.04579983965457405
0.04614383006781244
0.04638354838147367
0.046537385794719964
0.04364124505132839
0.04061345302695164
0.040246184132954124
0.03763494571434128
0.035959203224960185
0.035467632613017636
0.03515217089374651
0.036768173148303294
0.03618499324496083
0.03581074195636971
0.0334445307307144
0.03192603258767527
0.03399441925879227
0.03191730668101266
0.029765412477587475
0.027892446815020986
0.026690485278474466
0.024433037886415945
0.02298433811029981
0.02324405988517513
0.022031953175143094
0.02264553864802869
0.021220855055708733
0.021253392833538783
0.021274273706168648
0.020609168103005567
0.020597000346879064
0.017027892204249894
0.01473744407006433
0.015076505624545005
0.015300766118210298
0.015444683592482545
0.018001273090650843
0.019641945049008288
0.019940071576031834
0.020131392018081656
0.019361662202166376
0.01876202628071288
0.01718741161644892
0.017569892953936486
0.01693642015717869
0.01733602490525989
0.018110896444626667
0.020096583689768265
0.020823446951644807
0.02128990594796632
0.022029347437329167
0.01994995082292622
0.018615513785616166
0.017971708972082633
0.017558552106275584
0.017530774538067617
0.017940942026794908
0.018204163907923607
0.01796720642383997
0.01781514075207604
0.017384565553945082
0.01710824717978031
0.016465023769789196
0.015179494944394113
0.014354516551502598
0.01422917792328412
0.014148742807375254
0.015693618866680067
0.01603781972258119
0.01744953381277856
0.017575916830039926
0.017334696280405893
0.0173387588165727
0.01635426567300797
0.015751097341174098
0.014476216983717633
0.013658072164520812
0.013257863288913365
0.013431197462591405
0.015059999645171436
0.015261091146548606
0.015782925170153655
0.014521313518696248
0.014819572324227299
0.013881107298663386
0.013322128045726295
0.013119319993618683
0.012830305463357538
0.014523506124635478
0.015581482141404793
0.01696420166147006
0.017851551446982257
0.018084573716233236
0.0185441875157733
0.01732157490390839
0.016756148448562113
0.016000505226079462
0.01568894501528024
0.014381115075261536
0.013480869670861482
0.013023900070752275
0.012574730636637608
0.013809559865168302
0.012575110813217596
0.012055754559714816
0.011018690195645
0.010353161990057822
0.0108472219201614
0.010854207618413476
0.011733235095950287
0.012329961083031048
0.012712905468325032
0.012512040513952296
0.012383136949928243
0.01277564728971964
0.012906781755412369
0.013732767553458031
0.012739757374170439
0.013108745483532734
0.01385848608954127
0.014339626448288966
0.01499199685691219
0.013678570264670146
0.01355664935460535
0.012603863074888097
0.011740627001067773
0.011971859152847033
0.01239349914348928
0.01384613534642765
0.014303120407671448
0.014596387111578606
0.014805917532266623
0.01494038209370361
0.01394738754844841
0.012524353454186492
0.012440184866064689
0.012042568086364657
0.012399345494585238
0.01207129716126448
0.011860774626517216
0.01208046467897186
0.011436241739299838
0.01102281654420728
0.010185345393272953
0.009647904621394721
0.009514333409405164
0.008665455114531612
0.008661970440266984
0.009245889997031095
0.009620615952610009
0.008904388521274053
0.008444754988694602
0.007537843681521274
0.00974128051489493
0.011155319423808914
0.01085403334778698
0.010562648772703822
0.010375654927276904
0.010771031783829476
0.01102476188871801
0.011726703521964109
0.012177169251757217
0.01309879566057131
0.013325345710425766
0.013772075895363205
0.014186413816646258
0.01485334689735793
0.015802907010028552
0.013462886595644073
0.0122406807987509
0.012310283026750723
0.01379772401341543
0.0147522780074324
0.014239583797053016
0.01391437530164576
0.01295523561713185
0.014006526701723847
0.013375125866851578
0.01296992916045842
0.013882135271239621
0.014467536637894383
0.014593708542686126
0.014153117551057566
0.014199035427159609
0.01385360094928008
0.013631920987866824
0.012551602921536424
0.011858316979930046
0.012087831461943721
0.012231311510201615
0.013878365206993785
0.01274117149683953
0.012143624989588854
0.011992793332884322
0.01042241682362629
0.009414639585767683
0.009523232415341355
0.009592921041727494
0.01044578425706577
0.011088520105791902
0.011500990971526511
0.011472801556904387
0.011454711213450774
0.012134592346337732
0.012929787199593203
0.011885121015551925
0.012792653548976941
0.013375055682739799
0.014629932507255495
0.015435240210604068
0.01571056798194211
0.014980401386514993
0.01605053627661772
0.01590758270951755
0.015815843339916775
0.015563708070783893
0.01528811050264488
0.015889452070482226
0.014909442508712034
0.013921642508041268
0.013845601442758714
0.01274622975104726
0.012787183583978456
0.011699701441398863
0.011817249068297857
0.012134156719596197
0.012216685462195337
0.010730933882330929
0.009470363707994806
0.009862522519909196
0.010307449692123579
0.011694232082859055
0.011805984963815153
0.012086047352404952
0.01256399465962201
0.012312841618207627
0.013491051799558073
0.013500691970585597
0.013398456113755593
0.012517415966300167
0.013480248323665374
0.014218983044634268
0.016252309238197683
0.0175571809316654
0.01838894086816039
0.01978781682427069
0.019584281134478944
0.019538930271794683
0.01930148087580112
0.01928727939093481
0.019278165695522227
0.017932931305900054
0.019062174940387696
0.01989528085863181
0.02061862042060888
0.019554584906227555
0.01986163317385973
0.019156663771351886
0.018704254993553462
0.01818755839287096
0.016990871947646265
0.018767064265364723
0.019821655614803733
0.02049843163058118
0.02195688093379743
0.02289282973441185
0.02368997589564886
0.022209000789344686
0.02125859622510883
0.021815513359844843
0.0221729107154809
0.024661824801431382
0.02560183310210089
0.029156239957484734
0.030468131760051774
0.0313100283939901
0.031782417818495536
0.03208557015592055
0.032235004827976546
0.030870370722768336
0.033345747245760775
0.03496304721075686
0.03600093722115043
0.039639731150981884
0.040619367396730215
0.044143023954233834
0.04315486183464799
0.042865979787351675
0.039729428276372894
0.03785609551548459
0.03665389839636785
0.03370714757167733
0.033174733471867716
0.03287817179919696
0.03769013695455238
0.037427059038432325
0.04567278886745622
0.05096442356921641
0.051387554212103566
0.06174980347560085
0.06550471609129796
0.07485312434866499
0.08220009476911448
0.08691495742358976
0.09010072515007604
0.0921451674738792
0.09316273358210335
0.09245710799306968
0.10033538397588447
0.10038892658933038
0.10042328715622785
0.1052686568225824
0.10837813612900307
0.11983438170106314
0.11709563220263552
0.12273513601824008
0.11941552339466906
0.11559222342420311
0.11716490817858184
0.11787460097899997
0.11708411290397874
0.11657024694859379
0.12050356396485154
0.11719614556528545
0.11507363484283334
0.11769204103246705
0.1059092523398654
0.10559521872957639
0.09593292927289346
0.08973222815271203
0.08049996060201986
0.07457522278497139
0.06958844310537643
0.06236195642341864
0.06337578887025125
0.06527233622648074
0.07224409304616079
0.07391826811624228
0.07249314625299032
0.07764719924247991
0.07697426235546276
0.07654241020202437
0.07378110228802644
0.07200905383594702
0.0724392964427647
0.07060718219529961
0.06881695273713327
0.06885271056626104
0.0688756578824457
0.06792147848733156
0.06730914108319164
0.06671404442804311
0.06580331995757914
0.06521886942239816
0.06383733371340755
0.06295074362970675
0.0633558747027555
0.058852552722219335
0.05588363408297988
0.05241091173203532
0.05110755624434775
0.05344995153001278
0.054953165973849576
0.05905698036665149
0.05700810227688484
0.055693250271752266
0.05421242152753655
0.05232774707952904
0.05386464476081424
0.0498693041900663
0.04730532462149787
0.04527174209576478
0.04396670590305966
0.045202826908870654
0.045996098207543926
0.04815584325326136
0.046977513492078016
0.05072342141166823
0.04998819156237543
0.05095159931305003
0.05200566163805688
0.04776660243050286
0.046281388778190116
0.04258189091686472
0.040860821201634825
0.0397563377395
0.04009052375783774
0.04104503583884741
0.039662914483727135
0.039529837715025946
0.03683268786870304
0.037118857815218044
0.03280041308775945
0.03277199331744587
0.03223581018267202
0.031455916021042626
0.03321392525525406
0.03310694386746324
0.03472496655006145
0.03502975319349198
0.0352397759564269
0.03374565105239283
0.032046756971644004
0.030982709072662273
0.029545975238805495
0.030279756235513194
0.028733609191452233
0.030527821065428156
0.028936333509192166
0.028300231128040414
0.0286801979990833
0.02666553845338197
0.026012845685014933
0.023907307863045953
0.022207978843605407
0.021103019066851036
0.020393919494107758
0.02079026407642835
0.021018410694441
0.023242057186686295
0.023013271431971426
0.02493873894952198
0.023387953118145902
0.022105665236248774
0.02003454625602784
0.017917240568621116
0.017700819965284588
0.016921733936157275
0.01642176137425049
0.018244459397672434
0.01941416205729947
0.020212205529315814
0.020098992137834348
0.020026338300817674
0.018267264116324608
0.017138391573729216
0.015667110173735847
0.014722926472148127
0.015262430835877689
0.015554360425660219
0.016208296812354906
0.015236380858774845
0.014612661152477672
0.014769922958459162
0.013075408961619437
0.011987967430762247
0.012202731187542446
0.01211450208606266
0.013952085675558152
0.015229020045655227
0.016048483011914846
0.01617705888756246
0.016259571482504606
0.01628672638202005
0.01630415283323491
0.01725360394449676
0.018170286249511107
0.01875856017993005
0.01984721943892096
0.02054585827777629
0.022247344212039732
0.022379243158878754
0.022463888309603944
0.022333970506415717
0.021788131735963757
0.02319764921164348
0.02372386073470942
0.02406155299648175
0.02403693451260021
0.024021135786918987
0.022981772259369978
0.022256619726948885
0.02334030036049579
0.02276707608082288
0.024132822875195286
0.023756140794699898
0.025116831414787044
0.026604206669564295
0.02584875272106442
0.026752896740190536
0.02557331894565923
0.024324530720137058
0.023523130329105323
0.02241762027082526
0.021864278870085543
0.021133540429291792
0.022713825186647982
0.022178919185535034
0.023734920411694574
0.02349222494103092
0.02333647695981472
0.023153306594519328
0.022421596050020868
0.021755154255304505
0.020324941732938837
0.019859008640193722
0.019501993584067345
0.020119365148358586
0.02051555867655578
0.023017544420126945
0.024623174832295727
0.02360434537507765
0.024781589801930945
0.02363780439831352
0.023200881080453664
0.02300817202995304
0.02136529923883713
0.020089810941246976
0.019468148072531645
0.020844984309478936
0.022393184613953534
0.023386730440256336
0.02430012574250319
0.02488629026377629
0.02432969641509972
0.023972506525844317
0.023743282618161707
0.023925448532337752
0.024042352128855603
0.024357338672590087
0.0250476230820503
0.02549060787671641
0.027901564791516172
0.029448778141863693
0.02890513785208694
0.027439739772340037
0.026333520015108365
0.024501333796434252
0.023325542159324874
0.023641866550485044
0.02384486533410005
0.025504246134946142
0.024408802062393604
0.023705809120792162
0.023495822384362756
0.022785237624997616
0.02218483956320245
0.020012355961179052
0.018618181054184633
0.017422906224470555
0.016655847650128727
0.017292705271780104
0.01770140382978292
0.019698936486472186
0.01843887581085193
0.018824698645589843
0.01864908346192236
0.018536383747121733
0.019330296427016447
0.018569211707249036
0.018986917870173356
0.019399363309645822
0.022643575719718843
0.02472552447683489
0.026171790950956682
0.027099921513217662
0.026732242252457246
0.027414850668936185
0.026117656002478357
0.026585413445166066
0.02576151818554242
0.024126895838466618
0.02404205368815719
0.023121370011619725
0.024411237500055027
0.02433287367630615
0.026315743226407333
0.024490401113759306
0.024944500728272742
0.02529478874842077
0.02551958343384579
0.025170725149071774
0.024028284186576425
0.023804720505787844
0.02236102790512922
0.022851732580556627
0.023937873136722264
0.02367073124944385
0.02520060367695477
0.024301678458203396
0.02440585818216308
0.022439555790607912
0.02117769611474458
0.02053925130521769
0.019635389910907377
0.020354743993239322
0.021309502602991175
0.02380601976451947
0.025378650878623767
0.026387874992074935
0.025636804192594193
0.02438357564715845
0.0240475674602979
0.02213062803824995
0.02319968192660505
0.024293510461317124
0.024995466643739132
0.025967657747879402
0.024794710845760085
0.02565425325077769
0.024906457792541123
0.024418307128242663
0.022221232083721128
0.020331176522386904
0.021076984075458414
0.02146676751083121
0.02370812610614723
0.024527850972676877
0.025053903200869854
0.023799152933935194
0.021905096975211966
0.021767093544172948
0.0211568148493957
0.021409727080470908
0.019959759389511434
0.020535264824207956
0.02148495489924864
0.022094411316232344
0.023651225132175557
0.022691562211471936
0.024030143318739577
0.022897949585815102
0.021877420371375984
0.021640110519377344
0.020780923768411366
0.02102689139445075
0.0201072466131853
0.021273991104872523
0.02137818658679763
0.021445053248613597
0.019953427704439128
0.018424083073117176
0.019128834626360527
0.01841540382742113
0.017968178506038206
0.015430851744862238
0.013802541502160657
0.014961757516679046
0.015288068572837177
0.017703406354752444
0.01845608687354753
0.02156353862820403
0.021800802701094333
0.022567181127142386
0.02322230953219978
0.023671258720555987
0.023589917545643428
0.02185152056832679
0.02073591746692062
0.023000909796578036
0.024750337253270114
0.029329098453820802
0.030507672764746464
0.03387144263727016
0.034153090352257345
0.03433383564142255
0.0331890102355868
0.032454327197141135
0.031531105568600865
0.030775324225568133
0.03247679344145037
0.03393814934969895
0.03906187474094782
0.04234998672676664
0.04333333265272215
0.0452085590129185
0.04295589196255361
0.04279731898755336
0.040088127251469735
0.03723893076090094
0.03541048048006076
0.03287347895064271
0.032694780877099934
0.0324177310876215
0.034824178898232035
0.03418201239320722
0.03746231359505899
0.03592844895436969
0.03494410293178732
0.03267246168863798
0.029970481560379982
0.02999518643559651
0.028723981549243886
0.028117309548977377
0.029479124949822213
0.030353059675058223
0.03338709050409339
0.03388475336840491
0.03590699397016302
0.034620509153121135
0.03379491725982294
0.02979353621032726
0.026678742018144172
0.02569989075274689
0.024846904379385384
0.02430129503336303
0.022458610098678874
0.021276080990040205
0.021524696343765488
0.02071479000849077
0.021455003354409072
0.019456839831762045
0.018174533516193827
0.017917607397254506
0.017752727005223578
0.01873936370234939
0.01934636200924854
0.019735898578029168
0.020894937502521433
0.02163874195897571
0.023208096434237335
0.023949081886477923
0.02653006219788829
0.026969778204801377
0.02921840554426006
0.02940148051237946
0.029654033529552603
0.030249982693099472
0.028363575079459635
0.028953251725499184
0.02823922480889073
0.028258079109822844
0.028270178714729692
0.026348842434502983
0.027090097274138268
0.026471980158587007
0.03596251599118628
0.04237715339704044
0.04649369839667412
0.05696441997055391
0.06368392628251546
0.07790298313133623
0.08659408005650436
0.10201029236119999
0.11010326546185029
0.11631781077185387
0.11998284392719995
0.12233485121220797
0.1265436075237932
0.1272702871746562
0.12773662834000638
0.13318274382529302
0.13424813083347092
0.15188631323449792
0.15709130830897053
0.1604315744988224
0.1635559320149673
0.16556096480114482
0.16319602327858443
0.16167833995789607
0.16467377635689331
0.16624742890939162
0.16365254465670523
0.16345552735639218
0.16332909299524737
0.1714362192018653
0.16160485369305674
0.16258655388457707
0.1462620741985362
0.13210473499635716
0.13163499555028849
0.12031084626497128
0.1154624543828095
0.1063252385581407
0.10046149946677972
0.09123010826795659
0.08530593284308803
0.09303321213231905
0.09382453165774512
0.10058585634301141
0.09673662077912573
0.10404278377413442
0.10144055398388833
0.10496318157696528
0.1094498848504217
0.10371356689108116
0.10006488576930822
0.09530457707445475
0.09127706195215256
0.0886924346086818
0.08751181133345796
0.09204443425845413
0.08702890055227665
0.08938187617844934
0.08463837910601403
0.08791812143050683
0.08086861129933186
0.07634464153388881
0.07039400825714522
0.0643491507149731
0.05987350767598663
0.05696874012647352
0.05665318149343967
0.057261983709813565
0.06228786448152832
0.06551318542343039
0.06555881369623863
0.06558809529491307
0.06003523012216561
0.06117945440867604
0.05558990601848181
0.05044957652243586
0.04715080897802323
0.04296966852868473
0.04028645329444838
0.03916092169626859
0.04026797466641345
0.03942986357596258
0.04446507735020545
0.04306120111811059
0.04641745512084596
0.04663667340991349
0.046777355087552
0.04981565889449038
0.04705773388540946
0.04539315278156871
0.04525607874547132
0.04558018056294961
0.046807509291794114
0.04759513821326779
0.05105020091344491
0.05143810689463102
0.05442179327269578
0.050763486198355384
0.048415795324921865
0.04342015013316813
0.038882783010363034
0.037398523246497235
0.03349798837293264
0.032006445226081016
0.03095772892427251
0.030284723175844994
0.0305600169094287
0.029636348146621517
0.03173615241617062
0.030134078109928145
0.03255090181218771
0.03136712947809338
0.03060745254324567
0.03267721648909771
0.033237323230788415
0.03436568729468167
0.033662245149925864
0.0333014337290074
0.032058290147618254
0.03124674554714669
0.032533151549934754
0.032239434743906045
0.033807410182582515
0.03212108484519508
0.03332336445564259
0.03064997553360314
0.02973055640171246
0.02980338110829742
0.027292834944087588
0.026274996198568358
0.024852886086023752
0.025427316804385026
0.025705336118973136
0.02588375290964209
0.028575689659053608
0.028496011084223827
0.030189991190089537
0.03033854909594919
0.030433885007527705
0.029496659751421572
0.02889520253763465
0.029145831332080936
0.028643815488849974
0.028321650621459193
0.028314847659958113
0.028310481910907185
0.029327891742562093
0.030171062609351238
0.030712161130738838
0.029879546191528616
0.02934522185676608
0.029674778208076385
0.029068343530798568
0.029014743181558604
0.02769428578778538
0.026773785253302446
0.025447748926654117
0.024596775151448414
0.02524617592655513
0.02486969480302626
0.02637588848710798
0.024835206246246334
0.023656229271754817
0.02545215820617245
0.02520710370050407
0.02537013498032698
0.023057190893373967
0.021963760832730127
0.020926485853524364
0.02026082248727349
0.020467078078343737
0.019901935737738217
0.021436881792937075
0.021226415051188337
0.023164154385419168
0.022658301769638296
0.022333674682509914
0.023285066906934167
0.021343087181860954
0.020906334372899165
0.020305758409848825
0.022491721759883024
0.02449476515666307
0.02578020309452019
0.027096588333467515
0.02738103557579008
0.02832189666983868
0.027028065280662747
0.026197758780312115
0.024003416043154424
0.02259679777213344
0.021796193445371974
0.020122692478512783
0.019048735900589902
0.020063690379531228
0.020715029733701464
0.01999757412290066
0.018546050152572283
0.0185248809119161
0.0180198305395174
0.017695718286007286
0.018192064583911146
0.01851059106350041
0.018328936087707175
0.017801055434965705
0.018085498938508845
0.01857775682951874
0.018893659604936067
0.019967126348982754
0.018142359543060087
0.019165296603293615
0.018385828001347193
0.017885609926230187
0.017715266358234446
0.01760594966288995
0.017964786192249727
0.016947647248568006
0.016294906030688876
0.01621832848097331
0.016169185418097816
0.01663961438095445
0.01652970787997507
0.016659280026797358
0.01587169344207595
0.017075198850256046
0.016015407335617342
0.015335294153183483
0.01606210287521038
0.015467523995686485
0.015251615175496083
0.014684067633334276
0.0167205372610965
0.018027426229664707
0.018909865079803752
0.020944748400248913
0.02112544629998644
0.023783493833209664
0.025289171905688797
0.02633062068540189
0.025431297701751863
0.024492328639455937
0.023750383192604755
0.02211097910949936
0.024627911877684244
0.026077476754668878
0.0270077240419984
0.029388967419777416
0.030917112332657058
0.03318209781581414
0.033167050236847226
0.0331573935669489
0.03249986122792462
0.03207789482654164
0.031635256780928066
0.031126528054628535
0.030800055245338066
0.032066944757906855
0.03287996151288533
0.032665521171286925
0.03252790570527294
0.034396363372335995
0.0318882269044733
0.030278649311548674
0.030414071052984878
0.030500976930478332
0.030556748119523185
0.029146979295677267
0.028242270824216435
0.027942256775871983
0.027833125859873357
0.02921124611321466
0.028758612546072825
0.03228015012899079
0.031707249977490824
0.03329476456937043
0.03295838407988995
0.03204952374743196
0.031753716889985815
0.029111219047718077
0.02726836862940553
0.026085733322903124
0.02488159484951974
0.02602544903500142
0.026575586062780696
0.029000366793494648
0.029668420060872627
0.03009713818838537
0.028027079449827675
0.02669863492365545
0.027009678165961382
0.026607672423708636
0.02805870383276098
0.029202940090466863
0.02993724504755813
0.030409900022692487
0.03071322277522516
0.03262445791961576
0.03193437767038435
0.03578532250699215
0.03683267541631987
0.0369446834375263
0.03889483978257227
0.03867951145859164
0.03918675605904686
0.03639354505294242
0.03617397124689328
0.03418654305797745
0.03241063084575714
0.03173281811374995
0.03144346402685811
0.03280964685772067
0.03196980428416065
0.035116492805546726
0.03284205773231164
0.033631817034311694
0.03413863908828961
0.03258561225975978
0.03426868926051129
0.03470336126325626
0.03577729715682861
0.03489353917345601
0.03488514366916316
0.03568170275346861
0.035731023028848584
0.038351473956795494
0.03848125487845363
0.040569410175711765
0.03822381689566159
0.03671855016314667
0.03626246972996467
0.03596978356427036
0.03641966485422104
0.03371498628045374
0.031979279278792794
0.030390736989030106
0.029371301999041914
0.03310021117970469
0.034691263584795726
0.03632327002954676
0.03513607653320962
0.034374204093390474
0.032610817192207056
0.0314791769963226
0.030752955466560265
0.029841138312170796
0.029255986555335303
0.027937723449996718
0.027405404354617035
0.027370632318410536
0.02702799466119699
0.026708456572430823
0.02169902487167584
0.018484259996584776
0.01840393396517154
0.017998106606778648
0.018142186116151218
0.017467292467517034
0.01703418457711042
0.016632805367651722
0.013413946723251271
0.013300910109979901
0.01353340569243504
0.01368260797260525
0.014966088462981047
0.015789752352379515
0.016278288953943957
0.016591803620022303
0.016792999283830233
0.015026817462162823
0.013893383647212315
0.013908209652890458
0.014023578372765345
0.01409761537546149
0.015827043957302986
0.016936891658798876
0.01688688353675809
0.016854791202978014
0.017471074120808804
0.016316610020223915
0.015575741422384649
0.016838632183441917
0.01764908276990509
0.018169183299066687
0.018765783516164924
0.01914864718952494
0.01832417193494847
0.017726164178152166
0.017415628235245006
0.015834813428171588
0.01482033749170141
0.013756892865294286
0.01307443532603514
0.013565303152289753
0.013935702091987705
0.015964013928029062
0.015667026550367995
0.016592993340124398
0.017187225518348
0.01660735189696954
0.016090595445379514
0.015682431301417905
0.017678590599008913
0.018886379709918563
0.021105734377311558
0.02299069844919622
0.023422375174201975
0.02323157761273753
0.02154342700558043
0.02104762110342713
0.018938830298497085
0.01758552976191548
0.01681665216850483
0.016323230792949096
0.01832670771099062
0.01975705080225585
0.020822994963916173
0.018975173520115123
0.017789348095632544
0.01638972580542684
0.0150308187816431
0.013976099469990294
0.01376706416759266
0.013632917344570419
0.015106626123283803
0.01605236757679034
0.01955387918533206
0.0205847987819741
0.021261273841061912
0.019495450203130114
0.01836224624988225
0.018474196608571296
0.01881982739736027
0.019263983735711386
0.018566430675858194
0.019179863468900157
0.019756180335840236
0.020921115297840458
0.02307101740462664
0.02230335234948157
0.02382394584780181
0.02190518602568343
0.02419282899310021
0.025646016339653865
0.026458408355079576
0.03207020966214555
0.034684332944725865
0.047212016597710155
0.05676735711753173
0.06289942456701747
0.07252031471697191
0.07869444814541558
0.08614396108373715
0.08952231570996212
0.09262150922142412
0.09259715646145016
0.09638863449150252
0.09530279425849512
0.10169754619593378
0.10963398360316343
0.10963667735386053
0.11857090237141918
0.11345428382487836
0.11687422599028173
0.1190689479876948
0.11373062974661301
0.11770796023551473
0.11597798444961974
0.11824548054544552
0.11876946899861358
0.11699550080733902
0.11204996391920861
0.11237060948699538
0.10548479966528976
0.09723322957789216
0.09642829388935283
0.0869792361807497
0.08575357995642975
0.07652538620498832
0.0731221725467349
0.0706243696085569
0.061618267668353356
0.05600347466520745
0.049022528795202615
0.04992261793216164
0.05261047713735782
0.05946603231120244
0.06133497615378926
0.0625343567178101
0.0675657755519807
0.06630420354869596
0.06728350195734736
0.0630737542627208
0.06256285807868199
0.05853862787696829
0.05626992494002252
0.05584979890344599
0.05541538145429065
0.056974883777613214
0.05259562428216188
0.04978526764973241
0.04637640066241918
0.0432249364433271
0.044353983179439074
0.040816814940103356
0.03941313740402714
0.0366109916222681
0.03481273577765583
0.03126920265781102
0.03017262371478025
0.0314232220816224
0.031189987216870965
0.03449949997542841
0.035690697699782656
0.03645513982263678
0.03751404159925883
0.034668283815832236
0.034280728631621904
0.030880542982029264
0.0287705175262256
0.026550151254829544
0.026602934028374915
0.02847964903507268
0.029882855194971792
0.033572091436494415
0.03398531126584239
0.035997104612112786
0.03382896829627302
0.033032220711290805
0.032520913979586355
0.031624459924135775
0.0325035188292437
0.0316289598952047
0.03266780353915309
0.03361090273528785
0.03421612950563336
0.03503121885133629
0.03371145420781667
0.0365913835816254
0.035650817147683624
0.035826519855742464
0.034258577791578836
0.03325236284043365
0.030591170211106255
0.02888336998512566
0.029963119090298147
0.029201688395898585
0.03014818011372735
0.03033088278586394
0.030099683744461994
0.033017958216820006
0.0330988067571523
0.03479852575182839
0.032162429206809034
0.03197175075744823
0.031070080208486093
0.030425525257308277
0.031457310427518294
0.03263464567148251
0.03585857856120047
0.03575179611662576
0.038133593821373504
0.03889717472984495
0.0382118130013496
0.04125686409426566
0.04014435787652869
0.04163012596433304
0.040935771332265794
0.04049017450305031
0.04073682327171874
0.040895108252005236
0.042864911534356426
0.043040465983831176
0.04315312672292182
0.04120076319625388
0.039947848681413725
0.03858845676635842
0.037045862932013514
0.03861116821849024
0.03613081424317876
0.03453906585454881
0.03273372426861949
0.0315751599713736
0.032735529830301605
0.03169541893733533
0.03102793564488928
0.029866887545895848
0.028764922182299493
0.028139733306485795
0.027294798872252817
0.02701476214520375
0.025223236941285126
0.02407353920261236
0.02095910927465826
0.018960447443058272
0.018728504554556727
0.01716379553588292
0.01615965536720547
0.014658719130889354
0.013446650413723376
0.012417428187888902
0.010621403269340114
0.010633802164187524
0.010464650721126541
0.01035609906293521
0.010014986759718758
0.009512913254075843
0.010100281789938279
0.010298588005527727
0.011749471931622875
0.011629882495668658
0.013782883433753557
0.015481845596900603
0.015524808861775633
0.01669068368350124
0.017690261326600197
0.01929219541665372
0.019155240201786727
0.01916246951435208
0.02045173248473794
0.021288363784773872
0.022457712321001876
0.0222985624850831
0.024801068417421288
0.025236611615327
0.02551611816574
0.024240535405059088
0.023104649715649423
0.02232426704074716
0.02068515889452855
0.0208699296644718
0.020028042203571416
0.01948776729820134
0.019535323399801227
0.018281218554258245
0.019353723427294686
0.019812021363487666
0.02010613059495588
0.019480277378953446
0.018925439443122853
0.019324115709422975
0.01880517060585337
0.018505764128195826
0.018365058919322257
0.018274762416594988
0.018302529193615726
0.01832034831259236
0.02013628423833844
0.020901168886140076
0.021392027819076065
0.021837150175900488
0.021720331294491635
0.022505519081398757
0.0212193638543544
0.020421976268661324
0.019155519509589273
0.01831204481868307
0.01773712870606663
0.019342912077310606
0.020358288447086193
0.019687528656799347
0.020010212430814373
0.01841279165921148
0.0179509297198384
0.017654533316307206
0.01592682072962127
0.014818074255028695
0.013246389177816734
0.014799422214644036
0.015768076614635272
0.01605684507605047
0.016272895702540195
0.017015462385929513
0.015574431360109716
0.014664783560919199
0.01678355346193233
0.017390119215762948
0.01820210762025688
0.018166129337677597
0.01902687367378007
0.019090043123969766
0.019130581640468436
0.019465600229704682
0.017118945835159508
0.015594501848208264
0.014949059626406769
0.015362173842505726
0.015023368934387103
0.014748779588520418
0.016337833635040176
0.014655067550488347
0.013891625204951354
0.013292737107060054
0.012908405203517503
0.011903371411546832
0.011277673216653381
0.01238191734812416
0.012781554357795759
0.013946948310033739
0.014713327349682021
0.015819221613131144
0.015701599009370616
0.015746460854959406
0.015643857439051737
0.013812742792822769
0.013260341339810862
0.012589381837207326
0.01184502398338263
0.012054661188481615
0.012063752853466812
0.013402115662873047
0.012921642546137981
0.012613302560412825
0.012889558114038439
0.013066843024460865
0.014202657225284073
0.014931557391122818
0.016255931328791547
0.01723723144417927
0.018030216720863
0.017916406509084014
0.020113982813303514
0.021524260771998403
0.02529392948509317
0.02771308584723209
0.030748463255671533
0.03270244070186737
0.03395639093733402
0.03401476285245372
0.034052222587135215
0.03499382851330002
0.03559809698893326
0.03500892867430728
0.03630533465962498
0.036974050031985804
0.042158890427136254
0.043386479726013095
0.04417427586632886
0.04190811144165282
0.0404538175758403
0.038648239491415874
0.037317052559562476
0.036696436543652684
0.03644638384188312
0.03628591441329455
0.036829470127527617
0.03717829289269169
0.03961524086530703
0.039504633488747
0.04213996010664457
0.03910345465361039
0.03698392989588583
0.035545255688717026
0.033841767309235785
0.03514978470287743
0.034046060541474785
0.033337753915530434
0.033855760422374835
0.0334032450733063
0.03656403247334845
0.036162087248561715
0.035904141943080475
0.033561470491699844
0.03205807882061621
0.029565664467858906
0.027938185418498955
0.028650888374935544
0.02918674534006031
0.029530627491264425
0.028677211640197004
0.028129538477700684
0.02968036073429704
0.02946936913481795
0.031786372384591734
0.030880435752717
0.029529192942177828
0.029324056560876714
0.02915645524157486
0.029865229836175605
0.029141396630384488
0.028676882149619016
0.028140525355883492
0.027796322443453498
0.028424700097141733
0.02750083815185472
0.03025779115879074
0.030124757519227583
0.03126852792425341
0.029825386139895008
0.02784093105251552
0.02823756821749455
0.027830093651640818
0.028875646410723356
0.028730290506954286
0.0286370094559804
0.03158066099065639
0.03195085990575148
0.035123034350707176
0.0364596943854713
0.03731748584493633
0.03395900619886013
0.031803727307986376
0.029311067520970627
0.027436164243211554
0.028752063223494773
0.027926385237415616
0.028389098310446045
0.02737899444521883
0.030526699384456773
0.03254671520267524
0.030247857799703015
0.028772583462533894
0.025375562738953528
0.02343094665411678
0.02218300400143701
0.02294599937518903
0.02343564588080718
0.025227939681054676
0.026378130660602444
0.024597153048649643
0.02547087099000419
0.025038987194632763
0.024729492529227143
0.02077021697906229
0.018229381864462452
0.01731656225426819
0.016730767179011556
0.017061940123472983
0.016888863239209777
0.018072614095509636
0.018546261371587207
0.01885022092573839
0.017936377429336
0.017349925282853413
0.01884396015207516
0.01778609887758772
0.01698039522473266
0.016495677513148402
0.01696213218124077
0.017494234504449604
0.017709638371628773
0.01869110405844718
0.018129522225300444
0.017769131334769324
0.018962974622033894
0.019010403670572888
0.02061273944076809
0.021388380422388723
0.021886142151133055
0.020058269361514884
0.018885245834851384
0.019252162990120246
0.019487629297138803
0.020153556181921203
0.020348151148715916
0.02346113939686347
0.02461564415580896
0.027906698292395286
0.030022678733014688
0.028660650113920348
0.0287173879214209
0.02718190044259652
0.025960381360728195
0.02820878495674419
0.029928602461360927
0.03301179275619433
0.034587707087300544
0.03559903818040958
0.03623910653671019
0.03664986555936873
0.03457953414452289
0.03325091463040695
0.029631824436009292
0.027305329338356374
0.02581231871983252
0.02479895464116101
0.024148635914330436
0.025844520925262744
0.02420889918810838
0.023159251319120985
0.02236814596199853
0.021270292852864692
0.021723950887719015
0.020696419702600093
0.020731875866382553
0.019512935145799593
0.018730689165130703
0.01965733232313052
0.0202519985555565
0.020633621108891595
0.02219276674952069
0.023193336662447096
0.023674483230962086
0.023674894284674054
0.02475915339802651
0.02487439499349721
0.0249483504150774
0.02728188773282809
0.028779417642801567
0.03433523699475818
0.038488160961667475
0.041153268481922425
0.046764785786325994
0.05156378401649266
0.05464350480473501
0.05781396528488129
0.05984858429927693
0.061346325012826296
0.06230748877862013
0.062189747189565124
0.062386837998835605
0.062513319533796
0.0639518331381099
0.06487498835487125
0.06451900071154977
0.06429054833609618
0.0641439407533875
0.0659813664295124
0.06596267097241101
0.07170904628823047
0.0732291450739425
0.07420465696325748
0.07597944951550824
0.07711840920163535
0.0800871332655402
0.08043820371537144
0.08084529334052264
0.07630492104615047
0.07493931765679616
0.06972171014274792
0.06928598161858598
0.06984844873720525
0.06316434868036618
0.059964766285679635
0.05215308551919219
0.048124702840335036
0.045539518748992154
0.040587431351396065
0.03861584348636428
0.03476335242870705
0.033401978583387816
0.03234653440166936
0.034799088366174326
0.034824850146044334
0.03784771980055688
0.03733987946666337
0.03617188417572798
0.03567403030037422
0.034264648122791445
0.03469297444978745
0.03276685060111702
0.03153077520101709
0.03246487802231583
0.03185795469960459
0.033274022767505095
0.033071840601612716
0.03465507695445377
0.0325412296206386
0.03321926430533813
0.03181257307642309
0.030444952077936294
0.029408761465020992
0.028492095721147234
0.02850545335154628
0.027181238838592244
0.026331434198538124
0.027118279370603567
0.02589588645090867
0.02703555629906299
0.025961374281242493
0.025164428823226424
0.022969524738500925
0.021770685470916505
0.018966759235135095
0.01739114434430157
0.016380005414717128
0.015889644849805883
0.01566054314971451
0.014911897935032715
0.017395883220013533
0.01940109739538296
0.019355727546738102
0.01970403884392019
0.018003433730875693
0.018178878630478554
0.018399066345864943
0.018806524325393537
0.019085661118698492
0.019264795042877637
0.019045240819678698
0.018904343558854793
0.019540356990397963
0.01986293031513216
0.020069939304563026
0.018112723515746117
0.01644555967716086
0.016398859982050328
0.015991463752083077
0.017816681802501757
0.018213353244043842
0.01846791413905081
0.019837328679605307
0.02048876256156327
0.022018954883091104
0.02194715036721827
0.0235586792252935
0.023866432489347226
0.0256202913463741
0.027206455996089833
0.027350004709772776
0.02784311703565711
0.02713637805947103
0.02685436919152452
0.024586730637967437
0.023097750926986974
0.02237777217544403
0.020414010210680008
0.019252707385929994
0.01739531052981649
0.018561301539166592
0.017651958580840572
0.017954112715892357
0.016869794426894725
0.01571330236862818
0.01564439176300395
0.015199177877992734
0.01608268517099578
0.016478133768213332
0.017632515363192335
0.018033619968605998
0.01805546310581681
0.018972152041493957
0.019461503675642304
0.020712417649977246
0.01915722084201569
0.018159185062561794
0.01662454285318934
0.015361560720447844
0.015766002864829272
0.0153522911308568
0.016784860392856205
0.016534980939251813
0.01764832169985266
0.0175982782512887
0.017447467194326573
0.01859600426774203
0.018430397973046873
0.019158162125321017
0.01868832299396973
0.019082792980519913
0.019335941108449873
0.020377377964990073
0.021045712184523037
0.021208865457350512
0.021313567835199398
0.019682694157954386
0.019993030175693968
0.01891848695750235
0.0199712732269394
0.02114287338732197
0.020649419994168184
0.02074044059050885
0.019964811630891515
0.019508373325152092
0.018519471804801724
0.018902760981769413
0.01861441333795202
0.018429368420178394
0.017591902916125043
0.01705446576808927
0.01704155883240814
0.01567633904891342
0.016432797513235124
0.0150397987639364
0.015096046519235065
0.015167057878950639
0.014804938305324311
0.015667249309611574
0.016179315161378754
0.0165079295456694
0.01633739802674252
0.015891742532740106
0.01643033798963782
0.016932694227916743
0.01860417826037924
0.01934485119997916
0.02140847823877954
0.021100217343958207
0.020902393248085262
0.020930076669341782
0.02091292750686579
0.02274461502236955
0.022825388120894016
0.022207375839104947
0.021909490253358636
0.02273925789084323
0.023271754991277538
0.02278888947796011
0.02404837227110335
0.023507535100823276
0.02615927329879008
0.026272700428683172
0.028084036730547213
0.029242102799627197
0.02838447069673491
0.028194819350710543
0.0262304191742524
0.026489067872640302
0.027324901523346386
0.027762572323801072
0.029223164722375242
0.030160488838211794
0.03335542482168883
0.033449184157494836
0.03509858938236174
0.03361306765548779
0.03265974533191581
0.031088444910650707
0.030084420050992388
0.029440094697268847
0.0291205313440695
0.028915453981089637
0.02902131760105924
0.029089254777840672
0.03109109896786123
0.03026211719065628
0.02973012441010999
0.028218148459298285
0.02724784933776258
0.025874568179187964
0.02453847407735455
0.023163156006781507
0.02150152378189558
0.021363066529923456
0.0226078908594896
0.022952092320796383
0.0257306237631974
0.025756967176837415
0.02755322581501751
0.026747715178224614
0.02478979757191521
0.02353331876851359
0.021304141290944028
0.020630672515831606
0.01935984218840122
0.020066232793649438
0.02124149136085783
0.02199570465025099
0.02251706492616594
0.02151796571383065
0.020780888801212653
0.017750232511799063
0.0158236721378962
0.012807963649149877
0.013647904985362837
0.014904422503412288
0.016415311716653922
0.0175980387984138
0.017599955953116274
0.018068561618493108
0.016847349408808387
0.016766318998010586
0.016714318345239364
0.015715715062851923
0.015280268167629785
0.015096735974511822
0.01604601984543848
0.01683489444891471
0.017341148754313182
0.015616733137331662
0.014510102468090027
0.013598193259030724
0.012799857060979325
0.014060050278931513
0.014401394391668428
0.014859986035376992
0.014852180964179713
0.01484717211881917
0.015596571717408195
0.015872094034899302
0.015783260411080857
0.014659187838806974
0.013739803550013653
0.01498894465685845
0.015064622560712792
0.016125782135391644
0.01630398200647177
0.018281814647422505
0.017778554343508123
0.01932633234254236
0.02019700841121575
0.020151139745110107
0.020975207558509387
0.02075143285279869
0.020607827129269084
0.022508909450220518
0.0237289146394557
0.026303294059574482
0.02688540683905067
0.027258973308981155
0.027088784837214882
0.026979567673700793
0.025580543260221904
0.024682729932780898
0.02229951873662969
0.0206531730943496
0.020397005399506486
0.02040294963966622
0.020406764310791397
0.020954623199574293
0.01957861527293549
0.01869557260170203
0.017798768520983988
0.016454078002267027
0.016479782351001376
0.01589360599564368
0.01715454800767011
0.017429208902137894
0.017609015498396594
0.017581438010081978
0.017563740365704204
0.01756482001696386
0.016541671273052175
0.01773573251156021
0.017956601420470886
0.018206401332304563
0.018327322046984822
0.016943589806213077
0.01674142024554918
0.015723030149821605
0.016530512111626865
0.015411591297365555
0.015972949938517535
0.01632965255099596
0.016637835562528364
0.017379980948004668
0.017043447991807594
0.018473823480203332
0.016551265315304247
0.015317478165773413
0.015589186360555838
0.01580293952574333
0.01701001142653379
0.01752947443129151
0.017862835882522736
0.01703251389112736
0.016499661038267763
0.014878289149333044
0.014120972398590302
0.013634970106306632
0.013135184718753412
0.012814451229412178
0.01173948993906552
0.01250528658956136
0.012996730793323995
0.012819302882890533
0.012705439864409609
0.012878269597757081
0.01255851789085182
0.012353319653306794
0.013196705623335843
0.013737942185594989
0.014309203038819022
0.01439261898120533
0.016537928150162074
0.018777164724350637
0.02021417784594814
0.02241329312566234
0.023358745395729373
0.023965482233448056
0.02362163795935825
0.023400978499189713
0.023543259451278473
0.023504344773890025
0.02347937157423883
0.02303011412044618
0.0227418065501263
0.023810680132243644
0.024496621662734284
0.02313463183111221
0.02104161033698414
0.01967809667593938
0.016655860631372216
0.014716363526571087
0.014356906719678075
0.014180708869724641
0.015076961073331108
0.014052438761839387
0.01352518172495254
0.01426855200555718
0.01378699304472783
0.014935972243331647
0.014096338129406144
0.013557509292400448
0.01382149125414421
0.013990899679885935
0.014234558347706138
0.014484002976420465
0.01668643087682378
0.017214621531541373
0.017553583886069347
0.017529354965362964
0.01751380623890171
0.017809663911629196
0.016917794840651246
0.016345444615348977
0.015453507087046577
0.01498027657790297
0.01621325382153028
0.01610514634261918
0.01806354214899266
0.01942223850493959
0.02029417160672007
0.019320064481101348
0.018694938606735913
0.01839067517504612
0.0174278460267418
0.019082250324840632
0.02164528014935101
0.02329008513838714
0.02471761349427726
0.02470033909806166
0.0268811686818743
0.026744030218754156
0.026656022648116565
0.02566383743642072
0.024810590283248054
0.024087093458367147
0.023114109743002795
0.02482135395053386
0.02656422168551268
0.027682693861809163
0.027789465668293316
0.026050821327447786
0.025766628542602327
0.02521226276960432
0.02582165416622847
0.02372922047617605
0.022386416994251177
0.022236988027736115
0.021049027176333102
0.02122232249042079
0.021509465369461227
0.02414904621553589
0.023511328101336725
0.02525516849010671
