15
0.3241804615638486
0.25955802895862357
0.2606328726699803
0.2598363342872968
0.25920204966819216
0.2664073439434176
0.2918644766833401
0.307736558895894
0.30548029881032296
0.27844236269474437
0.2582996319182374
0.23457977030990593
0.22240876729503362
0.234139916148998
0.2551868261266255
0.27062854682525184
0.28533149901207283
0.2925442311912689
0.2861642794071944
0.27179597583568404
0.25154015667723434
0.22966834475458528
0.2132731706146535
0.21100951661084466
0.2261307898694145
0.23957268934458203
0.24157350762960272
0.2479845094216065
0.23642293464532735
0.22155634453232798
0.21100468138963407
0.19741341143176802
0.18372202570985693
0.16983935212265794
0.16654612149716533
0.16039451517439257
0.1528022489669784
0.14532727650259625
0.13515973608622892
0.12183994627114553
0.10915551633541615
0.10438261664306592
0.09513596024687078
0.08710025494179503
0.08132992748645541
0.07944260414709926
0.07825091613845614
0.07246630626830657
0.07476592217105159
0.07081321415690114
0.06982015452625875
0.06934626044339026
0.06815772412738505
0.06798229670603995
0.07035608427333946
0.07145004865752043
0.06203944500355606
0.062484769823304566
0.06615761658139865
0.06503736536133807
0.061542871162150174
0.06040898803576642
0.06090331769607822
0.060378328154067414
0.06144576038088204
0.06526478848359915
0.06276550116743526
0.062064307345845456
0.059682875692843446
0.05675793519988845
0.052347326029889146
0.052970386052331446
0.051747513757970966
0.04934067723671221
0.04970402442590651
0.05085769862653238
0.04837306172655323
0.05420218575932034
0.05449575710516925
0.05202575744039017
0.044717196194243344
0.047230682306685555
0.04701820454372465
0.04686568878406761
0.04928417571980889
0.05270664786838148
0.052742779831048366
0.0535632301848322
0.050319743130435635
0.05175991944918176
0.05192858287667645
0.05742162160118401
0.05208895598907201
0.050497237190685565
0.04996113340536288
0.04887319239983565
0.0462261230619062
0.045779015089299394
0.04815845415076972
0.04409461867635962
0.03985975510241651
0.0392653647528173
0.03608436913525457
0.03729827349651839
0.03428581140784259
0.031059091141035756
0.027361801913589886
0.02866783936535406
0.029087798314879787
0.02806295605321207
0.030253953539609288
0.03245484032460413
0.035028519174711996
0.03233357458184101
0.03177515850577221
0.0326011184870393
0.03455237384068211
0.03697661535801126
0.03580140118531006
0.03649585753521198
0.03856517166272364
0.03829391745889152
0.036237763892312494
0.03615129843409434
0.036653995931202256
0.035253320955206696
0.035422075627678205
0.034828103809931975
0.03610409886553604
0.038378759005059444
0.03854668362770741
0.037291834201191074
0.03644208557209104
0.036777524752471875
0.03753317773517519
0.038742842822468745
0.038085763102866814
0.04027675521786891
0.03925695142566356
0.03808269784050277
0.037941082244018265
0.03786878873783341
0.038090849995062924
0.03796443480294855
0.036166436175331954
0.03619202326697821
0.0372472528626567
0.03716752916529353
0.03801558493405517
0.03765809309954602
0.035710523545313864
0.03486726294006597
0.031535306913966256
0.0324150387406342
0.033478689965138204
0.035921880836617945
0.036046172263290495
0.033791003818463866
0.03335138562475839
0.03502667546350995
0.03572290994979309
0.03261357030047616
0.0316450532317141
0.029911073140574205
0.029900006258349276
0.028842821819165844
0.029905416603271055
0.033745515355132844
0.03416670193391036
0.03431948210285572
0.031943847698254146
0.033338698033009644
0.03786082170759234
0.03893496559592168
0.03927419591009856
0.038575009125319075
0.04122588601021193
0.04430517846532919
0.046221673279080576
0.04680108518448153
0.04860577766534435
0.04718859119473677
0.04608743259911038
0.04778353115433335
0.049269774229485544
0.05014654264957443
0.04842765255258638
0.04772967485816483
0.04931509100313046
0.053473676928380114
0.05985690892901501
0.06427064933549552
0.06525693363985782
0.06586999646430883
0.07072953364700257
0.07836627890792117
0.09168420243434804
0.10016614731943078
0.103870478823498
0.10455632023862307
0.10576063460682027
0.10800311571597151
0.10815541197787937
0.10395859791685343
0.09996332224129502
0.09514896727005379
0.09098848345500056
0.08892336789915968
0.08685739323936843
0.08086905681006064
0.07277455518204316
0.06207128047220375
0.05131590019437714
0.04373330218985904
0.04113656840305334
0.04075202776430524
0.03805541352401831
0.036894004360166835
0.03973755169672224
0.03778429875886991
0.03985518502234239
0.04320673581592233
0.04355798953833071
0.0430572518781484
0.043641926088247567
0.04534501657844745
0.04727713223602316
0.05115604113226315
0.05324517311898757
0.053967647436612344
0.054404933569123
0.056240426146305415
0.056156495877134005
0.05390228669026842
0.05384189174091078
0.049579500735836904
0.045871335345906816
0.044180898263569884
0.04455817223596866
0.047421288793260324
0.04557127694459504
0.042439753605070865
0.041202487601991876
0.04202333392392234
0.04470569083294836
0.04360052945663817
0.04147614387388795
0.039159823703677314
0.04217451251849836
0.046338065610141796
0.05046349980757004
0.051245557855786376
0.052167499326075714
0.05170776835016192
0.05079682537620508
0.05422128949951496
0.05701433040905508
0.058865294512530614
0.05729348316952184
0.054955556434432215
0.057054848886021976
0.05880301096301033
0.059275735590682374
0.055776161291511556
0.053540796818121725
0.05268205228003755
0.051677503040678606
0.051898937738207016
0.051710365585620116
0.05169686843087859
0.0499756708943293
0.04897890323888779
0.04687009777232841
0.04878367057175634
0.04899629119682348
0.04905977994894965
0.04770199519491967
0.048954806139848046
0.050841014592535684
0.05094154625023611
0.05167384458851353
0.05172699035269899
0.05025320894077716
0.050796332370758236
0.051054694451608824
0.05077119123033614
0.050606921219468255
0.04921748099056141
0.04587314592068364
0.045630284154003956
0.04496816531846655
0.045520978176767195
0.045926494171666034
0.0469715188335186
0.048443254026303166
0.046832727718287184
0.05075530294960976
0.05322995222862266
0.05462790692066146
0.05187229250993953
0.05139396526546142
0.05145795843297436
0.053499639601248414
0.05465852019309426
0.05512565588424477
0.05377240196770541
0.051364427007849066
0.050790880902609206
0.049120652522695776
0.04582231830402471
0.04402600348954836
0.04128102975726821
0.04098527385473413
0.03975218446815803
0.03904747142509756
0.037764765013404
0.035245660372191116
0.033857466516814864
0.034998622697908446
0.03459651863206138
0.034074889196952333
0.03531547712422949
0.033988171516010496
0.033946890251087054
0.034431009122373304
0.03353338846557272
0.03133175964636093
0.028998235468021417
0.02778737565055973
0.028454845897687344
0.027472725998781224
0.028622899899808246
0.028269917540275528
0.02918450219495457
0.029058441818780163
0.02901992410756243
0.030248205993871013
0.02973735802628492
0.02787323324434415
0.02913722364628281
0.030022556160597746
0.029763928836536675
0.029245324726961806
0.029456466600092664
0.02862957894307359
0.028484066506695358
0.027238179774581976
0.029001809884415322
0.04088750111341288
0.06054645263325086
0.08302473897837125
0.10009992272273054
0.10828914810091263
0.11102112640809575
0.12400781880863954
0.15359157235521978
0.19250162954534897
0.23325901315092915
0.2681143523756663
0.29452986837122125
0.3120405370411495
0.3260410934389845
0.3402820566999915
0.34845461028506985
0.35709040618818566
0.3724283653596228
0.398351979963432
0.43668494986395845
0.48547823231450543
0.5152563790305686
0.5205183257029015
0.5111648492167225
0.49321685135532645
0.4815229390025902
0.46156176318776676
0.47750511778355376
0.49331654997364305
0.5202516824730492
0.544717018391323
0.5558822406900996
0.5508673186688763
0.5316919056595825
0.5085560405211293
0.4795336543217832
0.46227098395705546
0.4335560530198783
0.4386232980504968
0.4502912374697167
0.46178529550557446
0.48699225538317426
0.483242876796833
0.4683343023737138
0.4476254253654621
0.4228207327132913
0.401476722344232
0.39477673715364453
0.39938947305271744
0.4048655539820485
0.412008504200893
0.41093920111440024
0.4280580122525214
0.41579941027039813
0.4048158020318695
0.3913714806230627
0.3843722286046914
0.37649405925009183
0.38967576560979966
0.3946694511604696
0.3805540951523305
0.37149020983104847
0.3613609208696571
0.3531522759337448
0.3447347934653531
0.33823269729039196
0.3369430432211644
0.33866126536888624
0.33731175409589526
0.34566383786789906
0.3532063900254794
0.3564113693398158
0.35016791947667353
0.34233860471553845
0.3314089162348977
0.3416498402563647
0.35567312677974366
0.36454728763110344
0.36515437297378667
0.3613635550976613
0.3612103836850802
0.35120786718178815
0.34564386113557916
0.3473578755055628
0.3396496941729058
0.33467354888124085
0.32037502893596087
0.3286475346109891
0.3334850256255962
0.3434498081103713
0.35098285403593305
0.3454931443937521
0.34487250091823485
0.3470835227895319
0.3419919913615898
0.3448036749535923
0.3513372171620075
0.35676483151873006
0.3604427012099342
0.3658002957578602
0.36605220502237246
0.36719611496141646
0.36950732416337495
0.36870217713775866
0.3649748032447188
0.3613552641473096
0.36625774030382274
0.36745323057112395
0.37027679254721474
0.37254361098888206
0.3744083365298533
0.3788028197031224
0.3801900391320924
0.37796654411954816
0.36882576289678265
0.3687476641430175
0.37947272373103186
0.3723504187597751
0.37441301429287127
0.37960702198656976
0.3796334512442591
0.37698860519293215
0.3726684937144957
0.36814996628158275
0.37820547262609455
0.3710278237453831
0.36155599225730956
0.3556462579910251
0.3567576729472848
0.36309155048457803
0.355528148691919
0.34121110746322636
0.34076106929564726
0.32411162774506597
0.30801324405741604
0.3030943433940871
0.2950557704919371
0.287135162837341
0.2796108367725171
0.2581150043741162
0.26086385196712003
0.27005790148817943
0.2751158544926177
0.2722506794091499
0.2631910882232401
0.25403495642233265
0.25994740146160067
0.257805820391734
0.2643626466932002
0.2729398976885537
0.27557868251336526
0.2862392313626078
0.29319352419718164
0.30047842209872544
0.30840147519369404
0.3062017032016452
0.2993771415280079
0.29038400481338217
0.2822894490617083
0.2838650361065162
0.2986901854385787
0.2962738955481461
0.3053577295783573
0.3109651709055885
0.3039522577690129
0.29023413324181735
0.28445691347298585
0.28093914870794223
0.27480874227938823
0.2834201474399251
0.27854471320028307
0.26554424062830323
0.27195060242115343
0.27757750418827
0.26388067044094654
0.248072925124488
0.24749081210796975
0.23534845256666453
0.2233983188475093
0.22591744828885166
0.23558224794053367
0.2329541857106684
0.221380010546851
0.22522867768665553
0.22164133957790166
0.22076420416821305
0.22535835423041778
0.2086922939567647
0.19451150494954625
0.19120703063260017
0.19821460240362032
0.2030497189002379
0.20700680920296727
0.2184510255630178
0.22601289849572084
0.2280725426839885
0.226921588128367
0.2340903015888519
0.22350789371656551
0.21394016215723408
0.21384087903903296
0.22051636195880425
0.22610970266454203
0.24557246518755654
0.26605632241115423
0.27595933681272256
0.27750703838915336
0.26641458197232937
0.25703174491062497
0.24228058956083215
0.23172925331742364
0.23160617413446083
0.23623777360997017
0.23747449514045693
0.253653806612448
0.25784972939546574
0.2619625195109497
0.2666736348946012
0.2454288631161365
0.2250231057426496
0.20504089866200745
0.1992999632834072
0.21127858712871292
0.2212756106282344
0.23461523383380697
0.24030473961311838
0.23837460514015077
0.22654958497352015
0.22001419547738912
0.2006166177902736
0.18269268822794185
0.16246648213662995
0.16459596576133675
0.1789489587110795
0.18233076266180986
0.19936947373138084
0.19165889112813309
0.17701874427086167
0.1714412765361431
0.16092763956515552
0.1575152710726979
0.15007566818184634
0.14714285923359458
0.14901261568647545
0.1517748985274914
0.15661950124075877
0.15848837988373551
0.1417286180730109
0.13051024533108802
0.12866921105584025
0.11059885162158306
0.10776619723088246
0.10901155713536376
0.09578977426869438
0.08491336277552403
0.07556797337872798
0.07442440590140635
0.07619904139869403
0.06917018135731542
0.06647690423735055
0.061884725789062504
0.06481338160002521
0.06477349649653724
0.05881270009984386
0.058184446451197476
0.0579291280337283
0.056027238502096295
0.05186368986754895
0.05055751455070883
0.05056241339843672
0.05191818125162372
0.04922932744995265
0.04615319582586245
0.04725340176368093
0.04573093291663175
0.04536488369240719
0.04065328439620245
0.03873257792458365
0.038240646424798
0.03589037168218335
0.033516386699788694
0.037315736480465204
0.03990402864268976
0.03867265536430107
0.03931350644611773
0.04140451404957513
0.04304064422595799
0.044590863512528264
0.04745796672780488
0.04847250189191262
0.05279222550152443
0.05595460536842033
0.05817239104807418
0.06073012873193333
0.06384957608235704
0.0686726536365894
0.06413097922503992
0.06265546131018046
0.0650382182114361
0.06526815327267282
0.06078919222090529
0.05903942625014856
0.059229286409186045
0.0572064055749741
0.05718560658066867
0.05178948472214027
0.050017909451606085
0.04952113348297786
0.05097945701961051
0.049781695165598945
0.0462870936317812
0.047834420261782085
0.048595735693996424
0.0453838180258067
0.04846273892745778
0.06487957922374833
0.08445269705924084
0.0986171686604524
0.1064422758099811
0.10513489066454741
0.11284122954169437
0.1264364950147529
0.15089153637939182
0.1628391563672554
0.18223722274895315
0.19875560137712642
0.20955986434120452
0.21223835624344303
0.21484138201554742
0.21342721892485642
0.20175349888773297
0.19336923118586544
0.18312784698153187
0.1944890572151564
0.2106387424709979
0.22242821491716794
0.21599259596818848
0.20468158916440785
0.1910293921515501
0.17050316527038026
0.1555596903388933
0.15301180279546026
0.1481369838381022
0.15628513771240923
0.15932203115480573
0.15810535863932718
0.1480662384522362
0.14642929420122996
0.1266399936466653
0.1135550712461125
0.09981814502310062
0.09100642285179397
0.08278070480333939
0.08609488566142894
0.08760279454456069
0.0874759290172475
0.07676489251868494
0.08041292665520257
0.07521853468469637
0.08035838582752536
0.07844492924126166
0.07794477721443986
0.07301028720512735
0.07466413663889608
0.07313247854933164
0.06854104607850849
0.06936124999999303
0.06657013844596198
0.06142103688455455
0.060847494463024086
0.06217282584271399
0.06450795240860988
0.06308622478775858
0.06200354589012404
0.05241059534458214
0.05206324723031129
0.05205985580277842
0.05217530727784183
0.05274524919784587
0.05332562526980037
0.05413721542257215
0.051915274069517
0.048286531491100834
0.04780401369044041
0.046707803826533986
0.04462728602296362
0.04516361590438999
0.046011714413232756
0.04391298741813259
0.04439976381144479
0.04362415680812174
0.04122946511437265
0.04157402857507995
0.0414452069672336
0.040497950351277685
0.03899667328556196
0.0415513669802722
0.04417886090050189
0.04620712878484202
0.046191819645495305
0.04402381678153965
0.04188791195467275
0.03953809008871761
0.04475607845270894
0.044054541160299845
0.04881329760346884
0.0512307860620621
0.0522425768638694
0.050033517839553815
0.05186701119227963
0.05527547410457218
0.05312675457485587
0.05241322448611401
0.05474082781563697
0.056821203662547615
0.05952591227671856
0.059146868208072224
0.059956376318846205
0.05610567932937228
0.056371802016647814
0.053927970261635094
0.054157005902773635
0.05334306380387489
0.05443808266334164
0.05453932120721934
0.0558046093400284
0.058703260276800916
0.056029361906072786
0.0526166605518048
0.054604420370832414
0.059607613392599554
0.0612254499558253
0.05990905860652081
0.05930053258407903
0.0613168789688222
0.06510004615685741
0.06813947210790558
0.06792973153662639
0.06617185887456521
0.06938050611189141
0.07126441569991031
0.07210804376374406
0.07392259331785951
0.0741377031597011
0.07102094400583753
0.06952807664376937
0.07268451558142083
0.07503971271496339
0.07318261282880334
0.07148594769557819
0.07039840621436776
0.06909498603579475
0.07002011131830249
0.0692217718453073
0.062497460576582245
0.06051865768232219
0.061629312025382486
0.06433002522600023
0.061468426148427506
0.05891709502695189
0.05633817566419135
0.05618905270604288
0.05584274752727629
0.05598210373213724
0.0527956676948095
0.05004937171142985
0.04983973804629381
0.050259347311845344
0.050538378637853563
0.049631795883854773
0.04484522161518049
0.04113159227288674
0.03834226924657368
0.04061079770139707
0.04180368953273322
0.03930520328241098
0.034084916998336184
0.03374013793545895
0.03544285609243093
0.03569120446051748
0.03638213359953077
0.03521712720462935
0.03434804731341941
0.033734895764226454
0.03647009214981326
0.036613098643399504
0.03675814732220958
0.039508495497106534
0.05664837042541167
0.07417814846274809
0.0842856507390064
0.08537704015214305
0.08812936421455081
0.09743665150529938
0.11784822529208847
0.13218214119800292
0.14304182065507506
0.1461691955040306
0.148307736148828
0.15064782346435818
0.1577390689988186
0.16016503191855416
0.15662992898475223
0.14134914071740298
0.12943821087314614
0.1274986326709805
0.13372988624979384
0.1319740581400436
0.11928352345111715
0.10485996287211012
0.09425515293836144
0.08649607857819978
0.08296090800461492
0.08189491100567861
0.08015202286702547
0.0782951615096216
0.07936864354361191
0.08101255194772031
0.07899760738729769
0.0744875245132311
0.07037166889001487
0.06855900261051517
0.0710338595669022
0.07418464831536552
0.06887724970189409
0.06367965451304167
0.06040843758038757
0.0645054227097006
0.06625088139008316
0.06324786876248902
0.057400975165378385
0.05527072237170397
0.056562732823973
0.059387441846427184
0.060544193910783646
0.05722350447816032
0.053977454355073624
0.05183223428598672
0.051341591762091486
0.05199322830809632
0.05028008364822501
0.05002758978167914
0.04608544993453159
0.04613357693958828
0.047847771505806214
0.04952200792678326
0.0463942637172619
0.04310113731333765
0.04018917118610527
0.03760021658719417
0.03599673305591469
0.03482135437611278
0.0343942354126231
0.03169179126874016
0.03163487949096221
0.0341441369746911
0.03288740387768003
0.03133441048569751
0.029422440068694537
0.02766221682534536
0.026435978874287624
0.02628009259186024
0.025076950362143004
0.02415245757323822
0.023407186728397943
0.02314394676925632
0.02494704659547994
0.02513733468737711
0.02706589579254437
0.025000652870214888
0.024970426634791563
0.02822149410989966
0.03195107863193623
0.03311394333533781
0.03373706505781213
0.03560495546752814
0.03828706924923168
0.041550071227343915
0.041863345402824485
0.04353716487340287
0.04379218787303254
0.043427817798517544
0.04139809389768872
0.03876595001227071
0.03933279812204366
0.03949087869647658
0.03630311093195279
0.03520470525366845
0.03607009312614585
0.03652292063757505
0.036714281381688425
0.03596761773978555
0.03775187043305225
0.03914894378994459
0.038720388894308524
0.03991656526639443
0.03991151893223478
0.04365288571960247
0.048930940066858185
0.05309774673776692
0.05352805848140412
0.05702605105452127
0.058584936710763126
0.06130093998656206
0.06388135772507576
0.06403850462157855
0.0643852060360271
0.062166616065936785
0.061084216606449894
0.06263416423112829
0.06274315197249257
0.06326373721154664
0.06218433550551772
0.05928287707051479
0.05601667574307064
0.05545868787813774
0.05391812652105419
0.054047372668910916
0.0509177503507866
0.04920383890954421
0.0481817553661357
0.04759172785659813
0.04646790499308038
0.04680675590466078
0.04436764276498321
0.04374530454500452
0.04072190355829696
0.037310642103343096
0.03692446256223252
0.036398527229242125
0.03588615853356523
0.03463263396362601
0.032987893781156144
0.03245424276160382
0.03364060692276665
0.035740710116873645
0.03756927926012847
0.038161202479735104
0.037003129503631
0.03617285181046117
0.038704068110276046
0.04131095917392595
0.041699383111316865
0.04006353774006528
0.04066397181318451
0.03994648270290083
0.040575901546846156
0.03811789015854763
0.03810351235064503
0.03688686273253416
0.03406982729553186
0.030976220573023523
0.028722520452249968
0.02837024734356611
0.03169117795110558
0.030185566660496498
0.028773674316791106
0.02915961383838888
0.03163444608136619
0.03281326516416873
0.036784167690264095
0.04728252373553991
0.06456240222407637
0.08102414086148983
0.09234553664308834
0.0976283815799137
0.10225270062954275
0.11820640363798447
0.14049968652781872
0.15483330322510724
0.16685858139582432
0.1715475267229413
0.17014567656940466
0.17080286194858366
0.17370766307158053
0.1702306318329974
0.15791903014798986
0.14257111315092455
0.1289535235467911
0.12540583120623267
0.12645101325246555
0.12587405329348486
0.11164317792763977
0.09037023989351936
0.07498075199504688
0.06447416592115482
0.060136274141872934
0.06016595509568676
0.05890537703873944
0.05806195288932482
0.05816970884624736
0.05804469594108704
0.05585774088788789
0.0520518659708141
0.0449406372679229
0.042148406673223296
0.04101227081400724
0.041409851426110006
0.04126324386755879
0.040044339274769074
0.037791676209182674
0.037169132141047334
0.0377694715520628
0.037407225335192446
0.036375688676414726
0.03883868339304191
0.042799072678907285
0.0456637207009385
0.04593360590236687
0.043347092596283936
0.039900774237297126
0.03844827223500566
0.0421042636364523
0.04247473630197186
0.04442693416332341
0.048080464517428666
0.053866414268694915
0.05982120008649735
0.06132277138918709
0.06441225379108612
0.06640512400826304
0.06870097058640418
0.06741395377262506
0.06754834579699796
0.07028558103339488
0.07406694721899729
0.07680777845359565
0.07383551445303249
0.07443458466953298
0.07527075939643665
0.07609332512117105
0.07418482792043891
0.070652934742589
0.07147832648685902
0.06840080076022469
0.0654393519085211
0.0631745605661155
0.06647086669893265
0.06770353248226897
0.06808656450510155
0.06807115965832782
0.06652986012078256
0.06716152602847207
0.06854890238808632
0.06767559830671252
0.06469316055534988
0.06224541006044674
0.06215365188587294
0.0585099317089637
0.056834880654457166
0.054094586935754634
0.05113449661231971
0.046728365920827394
0.04454967770832087
0.04139460369022926
0.03803662721062243
0.03629140869680481
0.03390793727637229
0.030694741816608882
0.02813184607513925
0.026967042251173037
0.02581066457589051
0.023967482677360423
0.02375719869938019
0.022941394195499617
0.02322831547791766
0.022881394808521062
0.02286091883532101
0.02352047857518821
0.025628755834743867
0.02720739640954908
0.026400719430162874
0.0262865087007397
0.027908547113385765
0.03065710310928705
0.03297752395485076
0.032604054861693064
0.03365822079419672
0.03755013599552759
0.04032460077641641
0.041325099643307675
0.040350974042166476
0.04311940411612563
0.045726328410339655
0.04778216250776359
0.047062051828303815
0.047106935035333454
0.046751859735506565
0.04583482234573364
0.04533030481909199
0.04418415718254512
0.0464427033530693
0.04592042708755262
0.04226476675565016
0.03855418713499462
0.039640550406251175
0.041849492337051895
0.04144768565558387
0.037943124522272935
0.035110938943099454
0.03502380152760761
0.03583641987432271
0.036124268612051084
0.03547854229072589
0.033750951998024546
0.03269580072447207
0.030244061495259166
0.029233200921034017
0.02966676477433394
0.03042203930991282
0.027367678619881493
0.0255459289765353
0.023492234530717047
0.025428358718066636
0.024433578023512308
0.023109859006863246
0.022258380136757034
0.023442253045455917
0.02524452606744059
0.02651289894836821
0.027181662971308567
0.028533043145601057
0.028137496749762125
0.0287048303464928
0.029065163497504022
0.03175458032335369
0.03154189715843136
0.029922427968072905
0.02819396406488379
0.028795600123717676
0.02916287315962394
0.029523978939533468
0.02970706063704025
0.02953896195421045
0.02904878783923505
0.027549058721282268
0.025388941010366775
0.03245776479379064
0.039662893704679285
0.05238472852018028
0.06351836214395637
0.07312079209011142
0.07915505039790707
0.09434038278999383
0.11318525179790863
0.1311708567415771
0.14422275361443854
0.14699708148005688
0.1475978083688755
0.15578841612743707
0.16461042747954188
0.17055238597419756
0.16436838962923858
0.1619097261880028
0.1563268936860434
0.15078358002371925
0.14675487912884186
0.1444876084324315
0.13120292497701475
0.11600882216652562
0.10217743974351869
0.0928129799726309
0.08926405034753528
0.08757798233840858
0.08021670853151745
0.07327771358205849
0.0699915595536839
0.0712083553816656
0.06639519083989145
0.0599883137500607
0.054072777691434676
0.05169588369580562
0.05094186232023011
0.0489912496685115
0.04382062884541746
0.04003661673173817
0.03810562929342741
0.03992515053499588
0.039698275620213226
0.0408544199531583
0.04338264989574933
0.04460846746974627
0.04569551078783952
0.04522478893984759
0.04412417754530411
0.04445529824053813
0.04359994486677491
0.04188624049787472
0.04152045121424227
0.04158061385790431
0.042316590270191926
0.04106142045785461
0.04013718567536433
0.03886097791113697
0.03540964466141608
0.03129408753831782
0.029792760490890975
0.028552831367127784
0.028454029384662557
0.03002478265411364
0.029582171142845306
0.02885720339211317
0.02859415458071936
0.030085660476179808
0.03279770680850974
0.033548597021894166
0.0325461160090254
0.031694477705725796
0.03387606232098868
0.0347583496126373
0.03417611771702797
0.032497644478134954
0.03047355441394152
0.029777857870420865
0.027951748258716793
0.02698957553804519
0.025789948224118894
0.026392369078858592
0.027145135566782625
0.02528816174062619
0.02273245690124591
0.024124566111446907
0.026111625398805353
0.027925646268074446
0.029117147424412702
0.03064208545766274
0.031827132382478314
0.03354614336536215
0.037728800939489
0.04133620596152012
0.040744687371566966
0.04027866951150387
0.04183159796602005
0.04285604784137474
0.04574790940995791
0.04904011529464032
0.04851191119775212
0.04662211748117132
0.04703114865079871
0.04993536281225498
0.05130569056643764
0.0500205461699119
0.05052119644547678
0.048383372073073305
0.047317579100566616
0.048694389279868557
0.04850320506723913
0.046414032317115356
0.04572667015799346
0.045344837054551265
0.04366408965266264
0.04284442980768185
0.041501735981849176
0.03965171990064297
0.03754062226100201
0.03606944427552071
0.03723896495049943
0.034932696439363774
0.036175673614083824
0.0353489016998376
0.03447963264991363
0.03506914132695094
0.03490959150460935
0.033940998466931944
0.0330665427637326
0.03358933412865086
0.03456320648180241
0.03442860754757163
0.03363775948131111
0.033387837233724536
0.034090694529375284
0.03464564394324756
0.035779981165270494
0.033409861508889166
0.03232914323470658
0.0315725692344237
0.03148048710105888
0.03176535846325528
0.03157878335156
0.030003321385217576
0.027850683007950808
0.02921750974615989
0.030557815205323215
0.03171665905254098
0.030958400618387793
0.030048723521133407
0.029236831542812973
0.02897324165178803
0.032618639825702705
0.03551890629902762
0.03837270136233516
0.03857023062013245
0.03850183613310187
0.040348794036180156
0.04354551696695325
0.045807105520329267
0.04418162126752374
0.04357186474471522
0.04475449515924434
0.04458309213995845
0.043334486771528104
0.04401842123478754
0.047059875115760645
0.04614929747352824
0.04888149441122844
0.0573503679925512
0.07129995905370551
0.08918931397608396
0.10366747239513462
0.11009197850718788
0.11006337182844686
0.1144797328678331
0.1288148330854068
0.15544712509021855
0.17377829400510972
0.1774570339215874
0.18423638565636805
0.18335139723249097
0.18453131621813743
0.18413584616663353
0.179154498645237
0.16961296029799122
0.16391131287650432
0.15708211762176988
0.1610545555853516
0.1702975425173391
0.17158324956721405
0.1668488421889323
0.13831145616227436
0.12521835069993142
0.12515072750624381
0.11932654060605229
0.11691823146082198
0.11762756211728692
0.11812535512227391
0.11370654583831115
0.11425942706674615
0.10198478014300402
0.09594232155331359
0.09438220872421489
0.08894428083085627
0.09310459693337154
0.08804404488313522
0.08877931946666978
0.08742545941534222
0.0911932399515434
0.09256566246441646
0.0953216553306094
0.09186684273790888
0.08764419175796105
0.09452444836005605
0.09374917292068935
0.0955520713043969
0.09092800567884107
0.07939079080326507
0.07616730760032783
0.06850743037057677
0.06595714776891817
0.06428841640242514
0.058311400125449296
0.05201257572546323
0.051458486683768526
0.05247892270632209
0.05259548400286254
0.05337401421491774
0.04473335367151838
0.041432423778510974
0.04340461255866019
0.04335745523850749
0.04223903440572601
0.038773461535662815
0.03677209704592057
0.03448940805847321
0.03471501802040243
0.03524663988654871
0.034189804015263815
0.03019631821151639
0.02737999023083616
0.029055666913517724
0.030272457212238868
0.030778569754855847
0.032387246577118924
0.03116336792491871
0.03445810444104894
0.037296990308474914
0.039703688515485606
0.04121550749164054
0.042154088741792474
0.043261433975619885
0.04593446282122104
0.0471302245785648
0.04855885764368968
0.049644658658263195
0.049675449488795355
0.04781727273705152
0.049131337465438185
0.05026689984186359
0.05175445716691483
0.05125612175679956
0.051090329633140266
0.0509963231880253
0.051408351644866936
0.052804321443568523
0.05307975018399127
0.05063114047930181
0.05148451027393994
0.05052884275745276
0.05187573222185348
0.04997170728283487
0.04935946326667688
0.04911751490514118
0.04530944290163798
0.04317973219136169
0.04215393983677362
0.04090142646154286
0.03960907327511621
0.03763793699449829
0.03696901153757856
0.03584751537833002
0.0359116289450211
0.03393572066039853
0.03459188144089789
0.032478636168073095
0.03173499356069827
0.030496956216269838
0.029015550703022912
0.031105110352416025
0.03142550001962624
0.03156187029139023
0.030917633644361443
0.030803557544938243
0.031812127648055674
0.03373072328399322
0.035016116606846226
0.03662536372104977
0.038910065709165574
0.03993090778520169
0.0417281612567006
0.042547225790899784
0.04327512652813851
0.04511225263961465
0.04416305932668372
0.04331938039521314
0.042063521987440296
0.043044762872318516
0.04642069798798585
0.047027097918204815
0.042881077424099835
0.04037471375812792
0.0413700590069079
0.04092303607433752
0.039798102636033866
0.0369584127004107
0.036762806369833215
0.036241888050283264
0.03465928548485227
0.033918860803155294
0.033019398641397996
0.034648301019933214
0.03495862603677249
0.030950692022076304
0.029692853150461437
0.03080136428859847
0.032301467876738474
0.03058313158607263
0.02841445019502582
0.028473095876159968
0.027732063638704195
0.027535811825480795
0.0283214047571839
0.02710483059148233
0.027523144100436207
0.027754021382009563
0.027554743799363624
0.02540238385320633
0.02484467725605501
0.024492282242045773
0.0242847826867436
0.02232934714299149
0.021979547230282784
0.022681750658421936
0.022166921889646085
0.023776822135198453
0.022772604685843294
0.02107419591283988
0.02270990022357818
0.0221904877981755
0.021345780055510112
0.019893855286118856
0.020860966980142392
0.022499973771688005
0.022811494879876104
0.02395426144387326
0.025200829744921136
0.0262722342792962
0.028757084483404728
0.03399267889372102
0.046454839262962754
0.06790122488170339
0.09477808469365127
0.115139365650393
0.12115157021331265
0.12893130569415528
0.15328851874128244
0.1879791080726734
0.22879695590602891
0.2687094095745908
0.30572506815780803
0.34350300855383886
0.36269145981478823
0.38609783934055436
0.40145990179992125
0.41562138138738786
0.4291237737421923
0.4465194490671266
0.47198247185550873
0.5163511333604744
0.5544400358811054
0.558601687080001
0.5540852033276408
0.5317950099731886
0.5064763161720536
0.49729629371755185
0.48906276929087344
0.5061658439823671
0.5224862086078654
0.5425258826536111
0.5579435742712746
0.5674244856008852
0.5668279035313275
0.5586402262965995
0.5270166064449565
0.5112649367122661
0.5141138005121788
0.5190451423922623
0.5390822222930485
0.5654352122400997
0.5663825247037549
0.5736589036902056
0.5627134121408935
0.5482402132773881
0.5405720120015985
0.5291655993048417
0.5144831502142071
0.502225567140161
0.4726167651955879
0.4883119853557457
0.49375891706031266
0.47490480718984407
0.46417591790260115
0.4549254381987371
0.43691085709306937
0.4256387974369695
0.4116996163630912
0.41732990074592025
0.3975370514897593
0.39372995592956656
0.3749272130481527
0.37336943394554534
0.36834419169869315
0.38783627714753854
0.3763985058231283
0.3657175334018613
0.3709123634227015
0.3693428416858371
0.3719822519830017
0.37809102847527504
0.36585435733542293
0.37426063420052263
0.3754766400103941
0.37922561033134294
0.38395910716561266
0.4043198074892721
0.39595017731864696
0.3954369447061161
0.39165261043308147
0.39777269641468777
0.4037577505878421
0.4118943661354664
0.41828329056153796
0.4160904982618936
0.41861439937849226
0.4347966011426418
0.436083365787072
0.4359620924709232
0.44435404183910904
0.4372829594970089
0.41427627155280167
0.4164016572764883
0.40143974224967927
0.3901996356050141
0.37478892506065103
0.3752740398716095
0.38017210160795817
0.35761995970214316
0.34790635107339285
0.33738459583583275
0.3346293563771347
0.32611452300121185
0.3072368808989258
0.3097754648516816
0.2970063002764096
0.30992478187987177
0.288651511441211
0.3037361350065992
0.31577135309286464
0.3340626777807792
0.3309138754942247
0.32827784853534603
0.34666372470386503
0.3542773811554495
0.34183938757764765
0.3431375997985621
0.3421189984081248
0.33855865143753294
0.33813449578423505
0.34578418377131803
0.34850407382504156
0.3571250355709813
0.34982442298172317
0.3286278654680737
0.3172237321306731
0.31148091576736653
0.2993606181693395
0.3008290084256108
0.28010876340356494
0.29092615754454887
0.2939350677964919
0.2987294350475065
0.3063680947098647
0.3088287428843531
0.3067716518842309
0.3095838977282597
0.33098840485664466
0.33748893049845957
0.3641411721495571
0.3721660030935772
0.35664742365884167
0.3660519561103977
0.35545975635948396
0.36417771310369357
0.36378702797133816
0.36225832677652053
0.35109237729000226
0.35504838489832424
0.36234918153936985
0.35965027126708377
0.34338569331417446
0.3343786208861612
0.3297672257396875
0.3129554789771747
0.2933466542283877
0.31223176733034513
0.3101279745755647
0.3242836787525957
0.32791275167963146
0.33371830590850055
0.3256792801605729
0.3210260127191027
0.3158184873350971
0.30860204915405814
0.3130043870052996
0.32732482063123686
0.3276637057920065
0.33761922865304866
0.3554984406493391
0.37621874725195875
0.3758000976033589
0.3701603981638802
0.36254383683435754
0.35997853797961255
0.3565646612958549
0.3660814279278523
0.38349093647813554
0.3703376101979176
0.377733049182013
0.3780036224146157
0.37172303463301315
0.3737792166949762
0.35491427552841137
0.3287025120201058
0.30738876412801175
0.29341162551059213
0.30295422699288754
0.3016405325301331
0.2904726249674899
0.29227040772222845
0.29022605877803964
0.2750283037965103
0.28036769640053294
0.26335047020225444
0.2562961951025978
0.2466363884641712
0.24911740766120502
