 3.000000000000000000e+08
 4.424849575416657899e+03
 4.120740145234060037e+03
 1.532728374689848897e+04
 5.045021053819975350e+03
 4.488094284823456292e+03
 2.737775339522222566e+03
 4.445366494651002540e+03
 2.607974329257825048e+03
 3.408758761921536916e+03
 3.682771561559385646e+03
 3.551784351064783550e+03
 2.883740361173822293e+03
 4.637980601111942633e+03
 4.257876847954526056e+03
 4.513662913218144240e+03
 2.763795227554088342e+03
 4.651830165469040367e+03
 1.064602286450764041e+03
 1.099373453153306173e+03
 7.848775828231646301e+02
 1.018281134803769419e+03
 1.018849888315253907e+03
 1.210942817794640177e+03
 1.406151271091024910e+03
 7.746304276711513239e+02
 4.629332536556651121e+02
 2.813201346565950871e+02
 3.295552127875243400e+02
 4.584341083045015921e+02
 8.640046978181073882e+02
 2.614295551391907679e+02
 8.224030419574798998e+02
 3.101543860555963192e+02
 7.963183505175460368e+02
 9.246950025705717735e+01
 8.928589398835684676e+01
 3.835652555750106671e+02
 1.850238971733541860e+02
 3.853876209393441172e+02
 1.425277957519470817e+02
 6.438677545478486763e+01
 1.832789529870211140e+02
 2.170165641843153423e+02
 3.577537870994430591e+02
 1.076817905520981213e+02
 2.760623248602792614e+02
 3.938177461033628219e+02
 2.008021623734921093e+02
 1.286150580830861827e+02
 1.179549112616562070e+02
 5.641789971051928632e+01
 1.165575667124158770e+02
 1.552022427588603648e+02
 1.944634383736570555e+02
 9.663061210127982292e+01
 9.294710209706819626e+01
 2.858553163033581086e+02
 8.134482153796241732e+01

