48
0.29265546124371317
0.27722237819900186
0.28598210536485974
0.28112734301486114
0.26862848411457246
0.261590758063548
0.2662657685154884
0.23482656729789278
0.21017404580200172
0.19872082021769624
0.19053066023803722
0.18711882497178492
0.1853619248685483
0.14448909998410844
0.13535437096539915
0.1349852387189691
0.13275827065623155
0.133910487291631
0.11911134154823204
0.11155457102121309
0.1048408829679281
0.1147072804310167
0.12715696083019618
0.1253635621271598
0.12713751748250746
0.12528631595300535
0.12584621682257058
0.12865840715822333
0.1245345032927319
0.12500573236260762
0.12388033469683851
0.1224756837610128
0.12339046668887897
0.12882796913457634
0.13502885916226928
0.1349859101686485
0.13584095711377922
0.13636298187899346
0.13678065473845752
0.13748581599686122
0.137623572864064
0.1375902180124782
0.13521006422183188
0.13633362104429045
0.13622813513713636
0.1341564299648808
0.1337734680226802
0.13122321301468265
0.12917144519257753
0.1281013116042678
0.1126676524821612
0.11261872124226406
0.10052753092451171
0.10065955458886082
0.09702359473050247
0.09849366353599219
0.09879360941403026
0.10028907387752961
0.10183137328887039
0.10136146374307746
0.10135965854668301
0.09754225246228725
0.09645494142979506
0.09681727164488507
0.09610012007968732
0.0945653027951277
0.08956560763509226
0.08980160644530889
0.09033202985471311
0.08114518335489466
0.06996020667239254
0.06870977508021851
0.06461895145355834
0.0701995768286411
0.06924507992034744
0.06653207183052944
0.06684214624299285
0.0656661687451723
0.06616285774105181
0.06549088185096798
0.06381271658038196
0.058645137366373036
0.05317294816207491
0.05330752883590393
0.05282166655350864
0.05192551920297494
0.052900411520374724
0.05092951212940496
0.0504653174757223
0.05416391250729913
0.054229520721772895
0.052745919930148356
0.05329556159830159
0.05345054028718874
0.05592639730749208
0.05923094129997991
0.05837858436863444
0.05831505666128259
0.05889694554478653
0.05903014688852889
0.0592190859018491
0.05820237141176262
0.05737856908064418
0.05917176852490672
0.05883452782307811
0.05853084447284374
0.05776966548514421
0.0579716568016305
0.05844733481384898
0.046253837060958834
0.04713327660312822
0.04683040566668604
0.04638444358801438
0.05767359056224261
0.05767297134851646
0.057453875328621805
0.05689954613032048
0.056200957212138754
0.05450896993789561
0.05461763074244997
0.05464920204860663
0.05095883430468375
0.05101399924882046
0.04822241337993546
0.04826642526387193
0.048826939951298505
0.0475643048347156
0.045984706244626444
0.04603593610646025
0.04524531080375099
0.04484288414363047
0.04456777577222151
0.04925813357073174
0.050353178841349155
0.04990604428261853
0.04922085846909254
0.04852979741172698
0.045776337357992664
0.046038637230025325
0.046217933840223706
0.045658343158277964
0.04621293747209656
0.043827350339655936
0.0407871691811538
0.04162765523666601
0.041725727834757094
0.04127836295822936
0.04328482140993973
0.04230935232012525
0.04257389484623498
0.04211666919770509
0.03914439934179695
0.039226097375259734
0.04620752053203273
0.045558992679355
0.04524082965668976
0.044710469028038415
0.04428948076940129
0.043525539169564996
0.043436535114631504
0.043376317797432146
0.03201962175759528
0.033566837552303705
0.03409938817653666
0.0482035673828927
0.052410298845207405
0.05320078785779137
0.05307846356912899
0.05343562522195842
0.0515962749007657
0.05186481956384445
0.05193029669658982
0.05905623772084115
0.058655311379951725
0.057581068216067836
0.05812953849402547
0.059252518222203426
0.05925653344830451
0.063698103575092
0.06380790287658168
0.05901295027872696
0.057834430213094645
0.05700013710995403
0.06029504518974374
0.06027752164990708
0.059302938012729976
0.05903247358442703
0.05863721714358359
0.059803560188914716
0.05954848766173886
0.059534493656015854
0.059086877751121696
0.06285285808114394
0.06333716743643455
0.06348638584935977
0.06162729067825599
0.06159582022203073
0.06142304465270291
0.061983559944091604
0.06248816029217557
0.0634705960064703
0.054780202208289365
0.05465795406957961
0.05460569144772015
0.055769062734951504
0.055233896802134475
0.05514426678859876
0.055261242494229396
0.055870306575016765
0.05582978901609018
0.053998207542596995
0.053299705114457474
0.03929266423708249
0.0350209725463154
0.033782214547787265
0.03372035035500635
0.033459335270608105
0.03342359102423271
0.033053542370955716
0.0331327437128401
0.027202916119896572
0.02723340435367537
0.027082754786593385
0.026870958216809276
0.025943563499564826
0.026074328676839075
0.021333696993805436
0.022037397098434067
0.02179197027241611
0.02995996051426439
0.030443089586017213
0.027545657234346974
0.027531573633388318
0.028343743756826894
0.028294989385689247
0.02833839226016785
0.027140591504837986
0.02709108082721953
0.027574843347773863
0.027654233248700522
0.02499882453432675
0.024626202269019713
0.02463316937977081
0.024348094258104705
0.024116050254245167
0.024519125624446286
0.023967123983322135
0.023247480991844333
0.02212142559879207
0.02239262212642737
0.0227005799024928
0.023111422579715036
0.022841005958509446
0.02330867395178912
0.02346797443425414
0.02335235191849919
0.04548403125701503
0.04554328195584815
0.04700744566152618
0.04708528472408959
0.04836568264757376
0.0483534170088773
0.04827871046765208
0.048414977504051715
0.048355341822191866
0.04829288320387846
0.048444711960483146
0.048350849900616534
0.04677987170857203
0.04657508311253905
0.0466355337360758
0.046361231458394096
0.0461012929214607
0.04646323426957489
0.046531849575194094
0.046636641921629536
0.046844393756123585
0.03860557390921821
0.03825901753067317
0.03842294348203414
0.039041327852063525
0.038500191463291596
0.039708531683852306
0.03968235391941504
0.03992467433601039
0.03972218977042393
0.0393550217854251
0.03930239873664311
0.03778825846804152
0.03859639355443669
0.03856544060188003
0.0397281542041004
0.040494222788372725
0.04038863212465795
0.041097239059928715
0.04091820308829668
0.04094318283163339
0.04067372933258143
0.04271547510330722
0.04295136736850225
0.04360867416773411
0.04315623626024064
0.044339849728861104
0.04427691351195761
0.02605572359017375
0.02629362967311626
0.024894055961953616
0.02491380190834766
0.023558098137176065
0.023693186076495842
0.02365152851954394
0.024276459409482743
0.024296952227193563
0.024316645691974382
0.024167207942884975
0.024206061689578468
0.02433689610853154
0.02436323968151752
0.024273970791936772
0.02420249751779711
0.02819691509395339
0.028241327537024314
0.028162039473636494
0.02726942028120438
0.02701613720254549
0.027010650609435485
0.02678829185234131
0.026364892554946392
0.025762672621487247
0.02548709376625129
0.02427651627101467
0.02872003161934134
0.028478844628520534
0.031702056584230934
0.03186529527052821
0.032669772701061035
0.03226205145834634
0.03129759222745321
0.0310683512008639
0.029913055071064648
0.02915837954540157
0.028897647340707367
0.02907996208108041
0.030950438967202124
0.030953174007908507
0.03232038755981025
0.029939766654587512
0.030593421582295905
0.02896771818190963
0.02902277025317322
0.027667742503109532
0.029291768050745556
0.026355100936608488
0.02606037237570996
0.026090266524734746
0.025975826317718786
0.026309407862586825
0.026174100279622515
0.0263162218416082
0.02613388387103027
0.026103056126876616
0.02636544147530138
0.026373942080992183
0.02635950267877692
0.027020058004313247
0.026957623578381672
0.02718155101633164
0.02722314315707981
0.023290956049759212
0.02267466353425322
0.022834120401966345
0.02298761531387135
0.023206258085412722
0.023261273140062405
0.023472475195342336
0.023450599354142312
0.023729609681950425
0.02389142552142633
0.02559188838057121
0.02104367103922797
0.02104742414462121
0.01761490445271819
0.017417781644013804
0.01665540110333489
0.016607379469822135
0.016961043498860514
0.016981290047795014
0.017033192133086513
0.017059516123461713
0.01689384446997907
0.016029056324063543
0.014135675937139651
0.014632255624247642
0.013317061877819796
0.014397159782886105
0.013094382281338737
0.012970791618005498
0.012944080354048523
0.01360109357175892
0.012013364093442025
0.011809277542948233
0.011848875405619269
0.011716329101792704
0.011602621389548663
0.011259980228108373
0.011331596225257005
0.014508484298674268
0.013945796494032025
0.018107255004338848
0.017906200797105597
0.018111331844592564
0.018213343379606436
0.01749177148209556
0.0176465026918184
0.018958350284144193
0.01900298438730374
0.019077524148134874
0.019134331301086684
0.01916222679977079
0.020475017874350538
0.020256456887187538
0.020292852595901068
0.022236942792065107
0.022822922737496015
0.022545337368939693
0.02966887554536776
0.027977181580246563
0.03269872052916785
0.0327032536077548
0.033071602562028755
0.032912494313237665
0.032905311229787314
0.03288143319227654
0.032469599403089806
0.033495891776286556
0.03345054101482765
0.033552166948351655
0.03358876594256447
0.0340488963168982
0.03404732212921641
0.03364434043920129
0.03366381383512846
0.03259150013032298
0.03263408713045906
0.032622899602769394
0.03260621969174376
0.032452276155003755
0.03244767818576368
0.031112282203043195
0.031171236796637053
0.03147245859296806
0.03147650131747452
0.0316059826069594
0.03434147311363747
0.031170988370871514
0.03191547713713259
0.03335374002496252
0.03326056140377243
0.03318431777987494
0.033045837434885934
0.03322029759261344
0.033174137618352036
0.03162350580206295
0.031533418128096374
0.03137563337251497
0.03151052765269927
0.0312918843118531
0.030198750497010526
0.030201701396342647
0.031314538987423195
0.029369742993721904
0.029865681382874595
0.02986707030907057
0.02329969286824071
0.023849702539899296
0.019138511754907942
0.01928296377421361
0.019103753688232864
0.02008094452963766
0.020083713714631194
0.020101455169663503
0.02059064095321177
0.019502302352552157
0.020105319834025054
0.019968135881015217
0.01997463464869918
0.019475996095079107
0.020299866205156693
0.020272881745499485
0.020337885681965207
0.02032961460885452
0.02022389603718253
0.020187418271462827
0.02020018115358312
0.020129798562626654
0.020940430264000717
0.020845091063625785
0.0206692888664843
0.020430711238646468
0.020470952726496756
0.020798450834337123
0.017999866313722034
0.017849585916881364
0.0171034869623865
0.011462816720503052
0.011564272618450708
0.011448790033909933
0.012731627697922465
0.012824157129115298
0.012740205465677841
0.01272102532359929
0.012929604969260428
0.012919831422702024
0.012775283232187407
0.01312794076135478
0.013069806995637007
0.014123875736813814
0.013371967686924198
0.014940258650655408
0.013746322848726211
0.013872930679264686
0.013187571705659137
0.012781305649466335
0.01346885162435769
0.013319040511066712
0.014610741580169987
0.01467735709085427
0.014661791117547736
0.014618168347862198
0.014159990910224305
0.05814442919440727
0.05753649242142592
0.05772644778317781
0.057738143475177445
0.057792798886618126
0.057042100237354655
0.06432331586976615
0.06440702386672632
0.06444066496014145
0.06448545453005983
0.06501911809005641
0.06506763658673025
0.06574112445153456
0.06488590756855736
0.0649567221968423
0.06511600050057346
0.0651731378037912
0.06520929534250233
0.06476866316368404
0.0647129915707073
0.0659564111271951
0.06597900723671646
0.06597238619518303
0.06594884897785647
0.0662989312050674
0.06497861825455974
0.06484600051759952
0.06489513552658283
0.06704374908379981
0.06684943055462007
0.06684273908829173
0.06678347230507208
0.06645579529103228
0.06615698688160677
0.06540818307792824
0.06496163015373631
0.06326273493227064
0.06325493610708437
0.0633369646834094
0.06330753292191106
0.06320373050018067
0.0655578573773319
0.0656257571114244
0.06425538725974966
0.06317620004139972
0.06340547733764283
0.0636021650162995
0.06358063257187248
0.01958728129958871
0.019615354458820705
0.0194211691013595
0.019443625961682007
0.019559292014480614
0.01946053289457525
0.012093926258952897
0.01251476475240867
0.012764528018399663
0.015388644531760932
0.014848508868824875
0.014786193840436107
0.013706389469059948
0.013822921443122319
0.013822655081550133
0.014075847861024324
0.013972069206389484
0.01554185433928204
0.01621525630030551
0.016289613103110844
0.015182683346662744
0.016728324871872934
0.017250278196198603
0.017309377394984254
0.01694500154610112
0.01740773229030886
0.01724754348916775
0.01732708000501182
0.015602096342769933
0.015730059554132352
0.0159685462866003
0.01599167970627692
0.015978981686450785
0.015923773040179178
0.015623292531918237
0.015619766852322534
0.015531390939508338
0.015535595275424063
0.015304083382382233
0.01635882647656843
0.016319474456181274
0.013585864544291332
0.013649229332792596
0.013559152241068967
0.013551309143330201
0.013423141455267525
0.014048904270478405
0.014128830069269438
0.014189944904319705
0.016529993847568824
0.01656687986134431
0.016484904312009527
0.016347464608182805
0.016410777633672737
0.016462288250345503
0.015923395548039867
0.016071207604905855
0.013470939651193848
0.013717674838962128
0.013926269880153127
0.014706105113840065
0.014625795093789244
0.01463918630763579
0.014289344357062925
0.014294930264549812
0.022502692416508412
0.02180000311415441
0.021747287614620043
0.021603556694928028
0.020257823575561214
0.019744209539444342
0.019604940142894146
0.019613111169021622
0.026349888777291223
0.026386848923420997
0.02623848270189091
0.02585617748227942
0.02574672611369889
0.025631010475941074
0.02561504345947623
0.025619518874512207
0.03183730840223948
0.03184071727734717
0.03186961459671129
0.03209895352123485
0.03224928904130792
0.03227584749578028
0.03129941378797917
0.031401699148393886
0.0354621275708873
0.035329572929545174
0.036112729773679283
0.03617132554386087
0.036504939890894726
0.03582102065315697
0.03575618068514821
0.03595157998575083
0.03374163971259551
0.03401688147481408
0.0341185888581685
0.034396056611568644
0.03433636608417397
0.034753994611744415
0.034715072431538645
0.03442511265572011
0.03435590667493495
0.041694800541857174
0.04149381845971115
0.041018407084498935
0.04095051496369952
0.0425518689672138
0.04254741973234725
0.042664793882098796
0.03318334031873613
0.03337091946316108
0.033424906392362674
0.03382134203584909
0.033668255586769544
0.034353634048945474
0.034423847124871315
0.03439769933595621
0.02720241912149325
0.027287102659805797
0.0277068480217089
0.02765738476985587
0.027684583534206168
0.027639981744389714
0.02771453434378518
0.02770358434146542
0.02164322011795476
0.021662999206225428
0.02162711788540282
0.022044574554570356
0.021909535058526785
0.02191960979884183
0.02184072044392593
0.0218068140336545
0.01792392476571361
0.0179534595961137
0.019056733288496257
0.019014749719344897
0.018518465234725664
0.018523714606053916
0.018594283036331608
0.018359983820016423
0.020691736232811706
0.020551695757047652
0.020512519396435527
0.020811228056750446
0.02090308613829467
0.02056702593674103
0.020549565217270017
0.020654936356917997
0.02069236398358162
0.013485590161893123
0.01352104252901704
0.013307203307405256
0.013348481198132001
0.031726839481150085
0.03173536349371633
0.03160131280181076
0.031265765850149646
0.031075130195978278
0.03103996733395761
0.03065746601831155
0.045365591594185274
0.04470747045835304
0.04468009051006063
0.04527881342567549
0.0453799834799719
0.04531377688023224
0.04491879210951841
0.045321096949961094
0.045379927017293646
0.04531052603340258
0.04529342709797831
0.04532763240023555
0.04528579684599157
0.04549978553051944
0.045572787181525916
0.04515509344757307
0.045188799878976116
0.04515791575610475
0.0451935892359091
0.045308338177150576
0.045101987649311254
0.04517458220328008
0.04325323658399741
0.04327012276575073
0.043270318709809054
0.043207938633791666
0.04329673924066621
0.043431981265260405
0.04099033308988847
0.040811575374773625
0.04077301685594261
0.0401728494214468
0.04011426836858675
0.040043321892178574
0.04009037217500549
0.03997371634766788
0.03998381101779936
0.039753295976940446
0.04001673198883763
0.039928524585291836
0.04001380038195557
0.019962090625275104
0.021578184293229986
0.0258313448073229
0.025836449421948727
0.025919138471757665
0.02927531825586352
0.02942592724645177
0.01478885822179033
0.015654839025254542
0.015609887994097446
0.015014433308770662
0.015037053020108576
0.01515320188930651
0.015250029206626423
0.01496081480555779
0.014928545867280972
0.014970903358504368
0.014986678464237506
0.015002257921163322
0.014914707003298847
0.014916461858861576
0.014877311331578944
0.014680173741919447
0.014637083940026413
0.014894459051465962
0.0149533426406022
0.014731646883261793
0.014434217968591187
0.014358869286679345
0.01445145865370704
0.016750677799751368
0.01869853835282501
0.018696307231660592
0.018651604302727838
0.018511972872375836
0.018547139238699883
0.018724825292334015
0.019576047353830926
0.019611997549811716
0.019589412635754106
0.01980779561341667
0.019858319170066446
0.020066760434534217
0.02008325421699886
0.020212835637309707
0.01987958703394124
0.019987512347871845
0.019951026225481745
0.019961673588274553
0.018258376918471046
0.014812267079761209
0.014792854921644652
0.01479864679659737
0.01158846068759395
0.011423775006874562
0.011404904970630925
0.010499417190501808
0.010620253229190323
0.010854146345865198
0.010830283708383723
0.010644439810349867
0.010584354618018996
0.010696726002623337
0.01060779215239205
0.010733418161475708
0.010865766980388178
0.010948339336061071
0.010918192876898249
0.010757904214770167
0.010720147866743563
0.010693798564275369
0.010795988292746255
0.01065188358358439
0.010565109120832321
0.010625521458097599
0.011025691304318715
0.011014439501033488
0.011045167153101951
0.00893427157083442
0.007019105861499008
0.007159097463810723
0.007106985510274881
0.007254512901836226
0.007213999239453817
0.007139494100117508
0.006261693236423227
0.006369341888635693
0.006463235503167251
0.006863062210174432
0.006814774228261752
0.006704259844972253
0.006658321894002642
0.006445558851391988
0.006557232343202559
0.006499931440411968
0.006428651258587986
0.006777706318286875
0.006883999574129947
0.006126689777414043
0.006192736534847299
0.0062633526557881675
0.006263920948478456
0.006432236873554342
0.006669088344183581
0.006736136817168795
0.0073656506289848656
0.007217454033351156
0.007148238507592302
0.007340125878803924
0.007281029444772697
0.007187981867446707
0.007197295576421934
0.0070909308194264005
0.006967907986879494
0.0069180792525530025
0.006964552333042324
0.006853835910772304
0.007092137431706961
0.007091106086807706
0.00714400381788342
0.007130482831951514
0.007144914092344342
0.0071069635691182595
0.006689953934987596
0.009229938262413048
0.009428508784340784
0.009207826397307118
0.009234687374589684
0.009058752320172545
0.008956325246587432
0.008985623062277891
0.008949810613882817
0.008867516589529294
0.008977374196547629
0.008962871570188333
0.010703998846881177
0.010036648662870254
0.01031711280865216
0.01077988890875227
0.010771314668182125
0.01098810038992888
0.011131666170935002
0.011103249527118997
0.011249786790832494
0.010973802844217602
0.010860837483655192
0.01116537296093051
0.011127450965771146
0.011125222471641057
0.011018466816996711
0.010883452735939323
0.011020984817362238
0.010952132104584726
0.010202460165202971
0.010109640368087976
0.010170179323546217
0.010029473837976597
0.010062067240915535
0.010267800255200544
0.010666816458162908
0.011431056636229652
0.01139424772635868
0.011417441242188651
0.011426983586621704
0.011579549643956064
0.011351916867778493
0.011441878146525515
0.0113875636193364
0.01131371409628801
0.011316537215396919
0.011440584866553
0.014217541035309105
0.011695037477919336
0.011873833278416684
0.011877034070449563
0.011824112079863893
0.011907192688150057
0.011952362834702829
0.014289613206990638
0.014294438262737361
0.014357393734903906
0.01474592420110968
0.01477026906731411
0.012955468080024632
0.012987385286637095
0.012793457865519426
0.012110925104413833
0.012209793500464828
0.011926147671979033
0.011771967815052744
0.01181875407168556
0.011874257343358265
0.012047103871671164
0.01211371110273468
0.011766419159091128
0.011749245603850154
0.01176440668831765
0.011710360638580395
0.011740505312283314
0.0114151133504091
0.011397345903064245
0.011397145629884378
0.011580737724374247
0.011552976730757294
0.011504136711742032
0.011730594794774818
0.011941836606053127
0.012896444949669045
0.01224492539059011
0.012192869001498479
0.012122826489617024
0.01215955150024847
0.01212863655436795
0.012233575342908405
0.012830264519672388
0.01282204186381499
0.012864504564346362
0.012915160306821508
0.012766391045593564
0.010009060826304325
0.009964038976343634
0.009520988866640486
0.009934788826186607
0.009938669272862077
0.00998942794353122
0.010004550937255262
0.007525878879707817
0.007561884750303606
0.007503064612227558
0.007052078776106245
0.007124444866380058
0.007120327168536767
0.007149178982591525
0.0069647667270267
0.007101009267736594
0.007369732896855182
0.007364502570079814
0.007349423315351662
0.007224811930354451
0.007129821684836245
0.006859902242581042
0.0070533579595782716
0.007146658071239882
0.007126358989424362
0.006982100454666747
0.007917642837692638
0.007871300033067631
0.007721384955594691
0.0077530904110839835
0.0077977687399377995
0.007638674488101415
0.008055725843167768
0.008320325078689399
0.008696223245377213
0.008403040289105981
0.007083999791572513
0.006896230275938486
0.006938200010343811
0.006994147073979781
0.012324471554931096
0.01223253082412442
0.012156761490864955
0.011461345851007434
0.011434811374523067
0.011400302098455594
0.011483129741032596
0.011538783456726369
0.01161258888111586
0.011900824639882046
0.01205818559026422
0.012047569493737384
0.012071133835682863
0.012074892214984609
0.012101286090871565
0.01218809204565627
0.012464223395095371
0.012472965741960362
0.012595351907163377
0.012500599582567674
0.012731060461281418
0.012739560400590209
0.01283106301240385
0.012744050431670458
0.012611743516338966
0.013170933139604726
0.013105667322343017
0.013185829100081954
0.013180575023554757
0.013209349077153383
0.013172842371548558
0.013223508681686287
0.013259106212879556
0.01322891123903519
0.012506478213094042
0.012702421059440484
0.012819341948867816
0.012818639366858628
0.01291709536653831
0.012935895222857006
0.01390834137031642
0.014074588555313058
0.01350915924758934
0.013360617020130179
0.013339869633926854
0.013385300931228366
0.013651101796987869
0.013552558249676785
0.008151049349208702
0.010289350113711874
0.01027113060178547
0.010373494135837167
0.010515033395329497
0.010884810275831673
0.010927161814126745
0.011129635407519418
0.011259676931104917
0.011003848673934983
0.010882251500407614
0.010525290005506796
0.010530844672627798
0.01038460125220847
0.010365924661717681
0.01033009305954074
0.010083212832562057
0.010080106938155945
0.01009797534101716
0.00997397944705144
0.00982792093754757
0.011615891978540094
0.011588836432538453
0.011614070587316179
0.011468493020219067
0.011096134707763878
0.011148351441265065
0.011161308980097831
0.011238380642789434
0.0112382887592226
0.011228427249709424
0.011171943869655726
0.011333236787836876
0.011360512882806805
0.011487445841516557
0.01149392987187664
0.011433072310825148
0.011443558293291358
0.01152672125380568
0.011702509021646863
0.010850912127299049
0.01043225576277039
0.010573679694141217
0.01059579924509402
0.010726067817716484
0.01080306263375217
0.011256685822994087
0.011253764577094169
0.011280132587740646
0.009224536889849278
0.009283616652353529
0.009196350517277019
0.0092135160192878
0.008896170205647098
0.008829347431851063
0.00900397127726769
0.008857496707352397
0.009430066839166085
0.009363572584422879
0.009363672630323255
0.009839109611301572
0.009840708740317823
0.009963565146537649
0.009863613911113086
0.009775919787503765
0.009753637567812619
0.009620604754795266
0.009645273330795066
0.00965053540674185
0.007904915741199158
0.007913665321944251
0.007827971702207876
0.007823733400661248
0.007675923621361664
0.00826460324776371
0.00821369994721386
0.008064754975561457
0.008122588395366262
0.007926288214236642
0.008029681723093107
0.007821119120681522
0.007865307399915103
0.007586679329232529
0.007460764512602497
0.007510832211170523
0.007486590962141879
0.007417602039483551
0.00718566179224867
0.006702897392936631
0.006722842471410998
0.007610689301430815
0.00770083122580027
0.00818052631884808
0.00808305891599692
0.007503815024223123
0.00761089510605997
0.00759161073386956
0.007523716260852063
0.00804225230750874
0.008114379244725335
0.007918421404032127
0.008111024248309293
0.008428343070111942
0.008004990200699112
0.008686530882398026
0.008495565295324846
0.008504351360022734
0.008668341902241222
0.008165190298072942
0.00828363809223762
0.008201921596583834
0.008415251443845464
0.008427333207249884
0.008834631781447222
0.00917486000612904
0.009282240556696063
0.009185716919353605
0.009125160960802165
0.009100288558659658
0.009151177768230786
0.00907178642961127
0.009119390185319542
0.008468382555940054
0.008492392857868897
0.008512113181141368
0.008482018288172062
0.008498125702492674
0.008622103858815598
0.00865032204176018
0.008606451960559766
0.008588789839343532
0.008637392974665524
0.008564268050149286
0.008579376956682502
0.009002636611261388
0.009056505375984946
0.0089689714240296
0.008934074708276282
0.007877151497499043
0.007716149458636958
0.007116849861171
0.007823810579402735
0.007647531196991783
0.007583126384147759
0.007599776233624229
0.007551708900074575
0.00838006632645926
0.008295791914865354
0.008447968061529866
0.009542990250842842
0.009224719531322322
0.009289518213966992
0.008578583841897537
0.008236562504651171
0.008412213768517654
0.008191834410281347
0.008203232186927341
0.00807645422725378
0.007988393052162993
0.007792041577971459
0.008552199630962213
0.00821149597432855
0.007816628410619161
0.007719074910964996
0.007699926794485074
0.007677565711291364
0.007638847813972449
0.008009018475432695
0.008089826374435869
0.008080467564737025
0.008232148795374336
0.008250802619619564
0.008428344810340407
0.008417852182201245
0.008458199944023935
0.00822910448557504
0.008201914863732828
0.008424762250340253
0.008489691856015497
0.008978281901580837
0.009051333293314085
0.009021878409124646
0.00849763716246262
0.00851480635020532
0.00853326460710605
0.008553812498852432
0.008520738622599678
0.00880462394117557
0.008770007134004424
0.008126548265100156
0.008118363660956347
0.008212752491983766
0.008226510125544104
0.008410366604086257
0.007040080539867532
0.007088310129313942
0.006966423240897781
0.005770982410459446
0.005657140105073195
0.005680375436789895
0.005683054664727029
0.0056354453490749115
0.006906880685881047
0.007179415662231512
0.007193259035103789
0.00721080802837835
0.00766437504291819
0.007657552693900257
0.007791176154221275
0.007716421143336462
0.0077329316331969265
0.007899900351117352
0.007911771230950377
0.008208276166073381
0.009878586893701144
0.009739677687059795
0.009657579179406182
0.009858598361569796
0.009836859600591477
0.009802965507543284
0.009846433146235399
0.010163032182047688
0.010145451177426984
0.010161175231650294
0.010161044696263518
0.010019798061295606
0.009914274867183116
0.009279787440924153
0.009197934337351036
0.00959638017255337
0.009547351400117924
0.009510356459479214
0.009585106948377392
0.009575593101624405
0.009594024576640216
0.009320102359533435
0.009457687682169076
0.009387900650408022
0.00961510048120092
0.009516961702785858
0.009442748334560136
0.009311975777932354
0.009354513951437786
0.009450066870708216
0.009463587714280096
0.00933226275559715
0.009883936119893617
0.009867768374389976
0.009835718314305415
0.009987982754936701
0.008534780595113431
0.008302634361472225
0.008426604538006652
0.008409369277344906
0.007949183920550544
0.007933528389176188
0.0071008404178301635
0.007134236682060944
0.007392980301648784
0.007247515662853022
0.007253503505444358
0.006943882288203816
0.00533150532479468
0.005151605345736344
0.005149474410656353
0.004982445333787889
0.004883244553642371
0.00495062392066366
0.0047249655325494865
0.004361820135632055
0.004327442499239103
0.0042607009659255115
0.004672365476915667
0.0045834528888516616
0.0045641336656071065
0.0045903227980850165
0.0046285247534886866
0.004229858778036361
0.0042365408625681935
0.004600008025504781
0.004695468299210679
0.004843788097267837
0.0050588946039243346
0.00607912034400391
0.009281463511257798
0.009273634066268016
0.009060486948241976
0.009147828250446017
0.009199762149833994
0.012335640357936375
0.012292180910821645
0.012230411394211377
0.01225470809347746
0.012334633474824603
0.011808104727200423
0.011826928182491125
0.011813306121019227
0.011656681377136283
0.011700947788789618
0.017247234781840138
0.01710364629873446
0.01722452559617405
0.017212315656365478
0.017248085887890795
0.01722999385599275
0.01744482316163215
0.017261049367701457
0.017210179384480048
0.017423450022690284
0.017426902201670133
0.017423133589868835
0.017363118682475354
0.017419584319195075
0.017410595037414517
0.017393843487458368
0.02328088276601766
0.023471574620672647
0.023754860848045945
0.023954163206534318
0.02396868122298131
0.023667324723430038
0.02374582925344342
0.023752811661506376
0.02384989172021522
0.023782479759016737
0.023817210536177243
0.02431260152950228
0.024600761585396032
0.024410178449569844
0.024239923057103083
0.023989639795578426
0.022985651546517216
0.019768248322623302
0.019867479600761916
0.01984605687848737
0.01994234400186982
0.01999764380227227
0.017404239649507335
0.017491180474232825
0.01749407620737514
0.017500870887342607
0.017368369028954687
0.017958252790529844
0.017962127409320877
0.01809045096445099
0.018161031076458264
0.01811247105109374
0.012531892134993955
0.012898476130789907
0.012836248666070853
0.012930710231409286
0.01297338116994765
0.012917383969062559
0.012701897540526688
0.012706953223967083
0.01289309891653985
0.012712725807654554
0.012671866779085718
0.012628096051698076
0.01263070435456889
0.012590135507089505
0.01261803342806908
0.012589884665320267
0.006653805760893476
0.0064005925725121775
0.006141206063861097
0.005963695985058464
0.005909989852609931
0.005828836321768167
0.012904482276479043
0.013621944853007236
0.013525150921976805
0.013497766789209298
0.013470250881081024
0.013439600190977825
0.012769934592273218
0.012826305346037042
0.012821480907523585
0.012897064472133445
0.012814191363954418
0.012749700526705253
0.012694451019672115
0.012943160923205042
0.012741905891593346
0.012637062679152508
0.01213492608093072
0.012045316228451605
0.01200693181153028
0.011910652043718916
0.012065753258045903
0.011513947187035509
0.011414628305394317
0.01188205393259136
0.011840597407111594
0.01191746747893812
0.011947213301112316
0.011645204561339058
0.011579049352526323
0.011497913728097268
0.011467113825571607
0.01150378335145711
0.011497828667072801
0.011521815092547518
0.011343427890138641
0.01137746160175581
0.011472070113296559
0.0115297689204916
0.011516790841042193
0.011522013099849538
0.011417032618901134
0.011428036007014206
0.011559778941441008
0.011833156645972334
0.01180352976260203
0.011811456105470929
0.011894215717594893
0.011924439445844986
0.004772080521395293
0.004309087093204415
0.004537598936240043
0.004652492322389586
0.004863601044440408
0.00438958137281517
0.004390246406090284
0.004427301706181513
0.004564272556141945
0.004487332287635186
0.004510152561821026
0.004497353649639443
0.00451114846293223
0.004270948275974626
0.004281918956121084
0.004334781962951215
0.004525738829308494
0.004495928465893237
0.004455783524086474
0.004451689012470627
0.004339268690924427
0.006228152268841575
0.006267867991956037
0.005700025689924562
0.005712712398424739
0.007500251947947384
0.008046902365622374
0.007971683462744775
0.00796702250592317
0.007953703294815198
0.007959858606045278
0.00959234106094696
0.009786206295733901
0.009717925341876621
0.0097047987649239
0.010312298812457857
0.010264182652206404
0.010233342246990842
0.010409578287501105
0.010475547143841977
0.0104877172341144
0.010503768160903962
0.010305862079447654
0.010110826401075029
0.010143080218301735
0.010355205877112012
0.010273221533443672
0.010341204249611005
0.010444656968265008
0.010182899473925854
0.010200926885523811
0.010135640969393319
0.009952576925406702
0.01009161502103459
0.010104327209635267
0.009993288945309795
0.00988829233130062
0.009913657394887528
0.010081960373932866
0.010087886072295847
0.010180315136813042
0.010269716097931677
0.010268959716597706
0.010312429763600717
0.0112440889161927
0.011371039938826993
0.011358243129535645
0.011404130164789835
0.011359439322354762
0.009608657364571034
0.009573171943528249
0.009578422758217672
0.009564081120214325
0.008689551782810407
0.008131945201776385
0.008165435174578487
0.008147734860063198
0.008167432860280169
0.008246065692707043
0.006639301793201609
0.006514927559118349
0.006482108336853501
0.006864559648971626
0.006184800578311813
0.006302126347530432
0.006300470624294031
0.006714593160602809
0.0066462671240114695
0.006623825065343768
0.00675951654877634
0.006771775704710458
0.006719206906904353
0.006743368586059916
0.0065083562732198
0.006639981971761949
0.006528609506646699
0.006400566855012726
0.007934101697180231
0.007827602468161967
0.0077834376487046315
0.007750455420545266
0.0076612747109340365
0.007690127414373082
0.007671834153811085
0.007760150162405226
0.007851139509710016
0.007827202082868927
0.008380456710933164
0.008259529211312898
0.008228903292876904
0.008312612788713548
0.008234282176022787
0.007082955487174584
0.006956228017330292
0.006975921237516009
0.007095993854392736
0.007124085867528771
0.0070114677001093225
0.007010758613072664
0.007001274655389913
0.006973062615042554
0.005979936216285421
0.006245761089525348
0.0063381980537818945
0.006848878705311156
0.0069022233455273965
0.006872540241637841
0.0068596680951373635
0.0067796944502196725
0.00678365962635883
0.00643311243453677
0.00647141197973734
0.0063470405263255725
0.006320169862507723
0.005695902886755681
0.005692460560545506
0.0056797906943334316
0.005622107932414965
0.005782902381404856
0.005804174056367017
0.005764790055145099
0.006323103755135188
0.006216958049258567
0.006244802896871291
0.0063456307267743635
0.004832920478355678
0.004680790744977397
0.004717109165420612
0.00480927098360322
0.004756875887587784
0.004751165390150397
0.0049411609446309
0.004860759040768193
0.00475557612408
0.004695841947483567
0.004179873238224731
0.004172985633114106
0.004199070210271135
0.004174837033697945
0.004217573709872048
0.004364520860677182
0.00436698831719597
0.004358968786797309
0.00420797702594304
0.004208467257985829
0.004132424673626041
0.004219319585835956
0.00443952926533949
0.004549687471015315
0.00454985093013689
0.004348435606286629
0.004256175985163651
0.004583349569972246
0.004566076005404168
0.004801706804902746
0.004819528195135891
0.004979364813737563
0.00496645582417887
0.004928847851610347
0.004921245935036677
0.0050490255435838355
0.005027420937978948
0.00502444575730399
0.00503483453042943
0.005049729783166935
0.004955286252137053
0.004919561046547457
0.004930750367968448
0.004999299483057547
0.004411889030810845
0.008240888059428238
0.008198548615366829
0.00810094375301479
0.008099737665641656
0.008481823496875844
0.008446352065120158
0.008355462745005982
0.008357490657476803
0.008364493903175252
0.008174297598135193
0.008134400995819397
0.00813441931638685
0.008108423345792757
0.008044736944715516
0.008016492664117532
0.007956776500299786
0.007940722449943465
0.0079354898687808
0.007815436024947432
0.0078098604706218116
0.00837886910960168
0.008431236602251035
0.008456853992877662
0.008464495646638343
0.008477318819274911
0.008409095655505757
0.008418739614944907
0.008425647812967963
0.008341422595084965
0.008421473985006356
0.007584545279200847
0.007532907414538963
0.007244555111801201
0.007263319713823463
0.007146778437372111
0.007130232821826496
0.0073478054871125185
0.007337910201043914
0.007168435061482989
0.007173996760918043
0.0072344619281650814
0.007318594008733137
0.0073034752870296425
0.007304018925044009
0.007287472941482573
0.0072434800389716905
0.007246017127163075
0.007251071828846226
0.0034530448156344672
0.0035353134173935767
0.003538815040638288
0.003549057236215023
0.0033060388817756485
0.003307010004598447
0.0033610648768850047
0.0034238240160163994
0.0034134562532359015
0.003501719877276833
0.003531280418834047
0.0035374096548651864
0.0034795625131759707
0.0034525909672773938
0.003459984459157987
0.0035862413935765715
0.003603577273644465
0.0038063856397310344
0.0037526949465534316
0.00390003447532924
0.0033179750283807512
0.0036600515888084648
0.0036370250349980152
0.003607747756671784
0.0036602312914891318
0.0035296343261056167
0.00345730012303519
0.0035724539326339763
0.0035661858941648996
0.0034580357359098343
0.004885908393928149
0.005004116825015853
0.005046388041934439
0.0050330534720850854
0.005032349441696119
0.005112605476708366
0.005002858666820268
0.004995023888676179
0.005112732857769627
0.0051155898143815486
0.005099901509252987
0.005026629782160177
0.0050835706023950235
0.005119136523272332
0.00502190252261625
0.00505400332841778
0.004992534899050234
0.00499815378680968
0.004986295983759125
0.005046845899712364
0.005046432560077285
0.006326149345105558
0.006229392842255939
0.006732392458404605
0.006979870641542427
0.0069677774363035684
0.006955936992801827
0.007005202190585656
0.007003863988893896
0.007012453788275634
0.007147610781891862
0.007175731611129805
0.007245061806536653
0.00732907070720001
0.007300338569876666
0.007041672881820736
0.007066430236448969
0.006955172473549193
0.00731222368453422
0.006959422967364798
0.007012513954715864
0.007077934602905273
0.006943294639942932
0.007060071362995873
0.006996615188304853
0.006941185151111806
0.006955488267022511
0.006943936375334314
0.005533597270257003
0.005624115421209869
0.0055424357340406495
0.005504824871482222
0.005464388009362643
0.005426856773461414
0.005392230306792412
0.005541936387854122
0.005460710442332901
0.006024260106076733
0.006060873680834969
0.006180789498431124
0.006172998786160289
0.0062428773516471905
0.006328271523955484
0.006451332949505735
0.006449604272023089
0.006496873784175347
0.006580099515467708
0.006678044344586815
0.006770202195037148
0.005658224501981914
0.005674758707512947
0.00523240809248857
0.005025327813861432
0.0050226084851139295
0.005042220060878158
0.005005785277356942
0.005333920874593508
0.006437723518832111
0.006290602460044654
0.006357149399356833
0.0063086189003687156
0.0061711221469865
0.0062252520153822455
0.006275899808515078
0.0063572323253638825
0.006298624972569969
0.005950460160114232
0.006207878434828141
0.006204837418148261
0.00621285682502738
0.0062240808396345345
0.006099460623487919
0.006150150921211119
0.006103746300458571
0.006115175279329096
0.006227130247851784
0.006209163194953745
0.006051306335194019
0.0060832190448641315
0.006068827897691001
0.0062909980993608615
0.006331534299160416
0.006312845628108219
0.006179685922246956
0.006212872245350268
0.005655554965820441
0.005694066736367308
0.005572339174091587
0.005544165820121425
0.005463873604449751
0.005372485720316002
0.005292985909782843
0.00530548147753725
0.005298317397776483
0.005260559675317842
0.0058712824222514485
0.005810499597358912
0.005676808879067727
0.005617960810724249
0.005557665618557264
0.00553741389956174
0.005687814262562413
0.005659122847572633
0.005744172988101987
0.005394667277884971
0.004372911309394272
0.00439740119219387
0.0043073573869122144
0.0042809478974181045
0.004349086731545258
0.0042906102585293475
0.004256813053959391
0.004227623133178683
0.004260147455532297
0.0042496674398600255
0.00393162406892232
0.0038525345573829257
0.00386278029679275
0.003908224865957132
0.003963485631625191
0.003970133421890681
0.0039898405660194905
0.0040319781489938115
0.003969484945520894
0.00399416400658563
0.003997118861930845
0.004187560917809069
0.00420041195102461
0.004030337564619121
0.004204448112554048
0.004195635634203155
0.004200582622260195
0.004225206126574311
0.0042221865859186315
0.004111447450014647
0.004075487720975316
0.004074476864553016
0.004153943507722396
0.004377226518385262
0.00430872873807199
0.004440970765000975
0.004432709440212258
0.004335073449109372
0.003485829253544482
0.003507014912652934
0.0034473486107286905
0.003437786357378937
0.003435106411877078
0.003560624782665476
0.007827869779462324
0.007820952431641598
0.007971792605094919
0.007996469321174517
0.007948060919488088
0.007955982290438245
0.007980545998957308
0.007973618276173423
0.007852567481818399
0.007804985814171685
0.007846545943326505
0.007939833178385244
0.008025591634196971
0.008116924893432397
0.008161822172314289
0.008264928538638727
0.00820765809890464
0.008200035059467254
0.00810268049738735
0.008113638757211479
0.008152412930506883
0.008206731795829982
0.00950073254631985
0.010131984847388269
0.010116762250705595
0.010132918378416117
0.010154952558673633
0.010155169610595746
0.009913164880817595
0.00991820379146721
0.009954638442208954
0.009915627237900649
0.01010628926467251
0.01054360466028372
0.010650225978038858
0.010718464760118738
0.010660508036761695
0.010710849156583482
0.010775342260293674
0.010676374985973921
0.010736540518821246
0.01077183301798732
0.010787191364528678
0.010850517026396023
0.010879739932589874
0.010872073633957147
0.01091756101372981
0.010833071467445873
0.006398755834648834
0.006382153961742209
0.006133876986144319
0.00616793184877254
0.006112926604646495
0.006188591253823
0.006209427760931453
0.006314190674216877
0.006278730650938907
0.006317583230549615
0.006310148720616607
0.006346083737748524
0.006246442801552339
0.0061662289560245505
0.006177132425842215
0.006168696386901647
0.006179308100473773
0.006228770300594354
0.006305907137611988
0.006249088493230315
0.006231175467272122
0.006240146467864276
0.004931504515357058
0.004410531855233556
0.004354388718638545
0.004247603577280683
0.004210482973079626
0.004193789163426207
0.004349905215925701
0.004297597843123489
0.004286008289024972
0.004265863000834025
0.004173389312225617
0.0037339225580560863
0.003629823041909159
0.0036062980405314683
0.0036340007551683468
0.0034088860488947024
0.003498437928276175
0.003509719693086067
0.0034503672600144936
0.003416857345174214
0.003472999406293247
0.003476985025087637
0.003520683107262519
0.003540812071623425
0.00350224926545689
0.003392337251090793
0.0033854065672285476
0.003648286031459018
0.0036180164899922164
0.0036427198252765047
0.003689741724395266
0.0036874730242065427
0.0037511150323591143
0.0036893549365131597
0.0036923679912867374
0.0036719899256042556
0.003883583306934798
0.0037426184517414577
0.003890411695278477
0.00390798495689395
0.003854157000396897
0.003828264793378597
0.003824736985084109
0.0037683372065501985
0.0037162985410584214
0.003765689309749147
0.003942818617756341
0.003935699463360123
0.004020944843704399
0.0038918101092966263
0.0041306993735800955
0.004149269810112407
0.00414354988362953
0.004288134512467359
0.004221165025801513
0.004216720626649945
0.004159382425996992
0.004226350802116929
0.0042437869769814006
0.004238364638122671
0.004297444746695511
0.00434602036925448
0.004281660074867096
0.004244385475707368
0.00407548186967744
0.004043596935742961
0.004068868728387984
0.00413698413149879
0.004285296169974725
0.004182482947210285
0.00410101799538286
0.004126139626346036
0.004169568356539082
0.004184007345934815
0.004235767463127193
0.003980178305388824
0.003925344674445577
0.0038498076206256054
0.004178828835755957
0.004127843283524906
0.004033975908152804
0.004018810043679849
0.004176201158913501
0.00416209641589271
0.003936814029482215
0.004034446411902614
0.004055859353070624
0.004754028321390664
0.0047675405226049175
0.004814447402533096
0.004785776651856573
0.0047397401665696635
0.0047643067601574945
0.005394414455849956
0.005216126176616363
0.005179760023406474
0.005161868564612816
0.005454534116770973
0.005285866199543476
0.0053236131320777485
0.00545591165015041
0.0052850676875899885
0.005269825335233882
0.005289555991764006
0.005420027801664148
0.005562244868681972
0.005438370988696457
0.005496786305681753
0.005427816474385904
0.0053360664913410655
0.005423445688547365
0.005478586690354024
0.005483499568531691
0.005452568682851655
0.00538593168915167
0.005331306505199092
0.0051973151727281505
0.005309906969783344
0.0053405998551982825
0.005292659623127298
0.005345578077891239
0.005479310327293402
0.0054654014784092835
0.005535851434746208
0.005726122604061923
0.005697250004448121
0.0054713245382443714
0.005931443846381349
0.005916621497428525
0.006004945315311057
0.006038258338231015
0.006054453610267671
0.006049829559104624
0.005907497098773974
0.005808276536314667
0.005484225533347549
0.0054619954019930915
0.005366528507860668
0.005410385087071044
0.005482443503610203
0.005551077197099322
0.004870960357297956
0.004846648722523329
0.004762442372383942
0.004667183080376353
0.0044510299576333056
0.004436175928521417
0.004238944731853081
0.004246910945011679
0.004516046060276048
0.0045080287664401465
0.004517582017842368
0.004398892837075732
0.004268191832471953
0.004271536584728259
0.004239198728613187
0.005683433444347776
0.0056979506972370435
0.0056185083555535835
0.005550678655677175
0.005593293097777222
0.005631661703706596
0.005658628419337644
0.0056911082818860426
0.005613314994555241
0.005550109771876755
0.005512558417737785
0.005529510440723928
0.005466037182714166
0.005331796794813825
0.00530274670637958
0.005270475498479765
0.005095971302319973
0.005142289982320028
0.005016775920480369
0.004499265987044527
0.004671049909797476
0.004582331026318025
0.004457184488213293
0.004573554487362265
0.004628915178297604
0.004633628694080387
0.0045465986596110956
0.004239825709388075
0.004238269540071859
0.00438415935500392
0.004377183176802368
0.004344363262111818
0.004360670476988851
0.0045122820262487135
0.004500258311046356
0.0044950751135041074
0.0045143266728088225
0.004465979463180995
0.007291072037677086
0.007392380685635125
0.007351385070899865
0.007121938948564314
0.007074869710796398
0.007070465612993418
0.007104260160029705
0.007066830922934842
0.007079161286646708
0.007048977835261448
0.005621583149680909
0.005730307084646163
0.005718187437637127
0.0057621835136362895
0.005730783258928249
0.00568037047245165
0.005680923114724439
0.005661711254849073
0.005663495930874078
0.005608225944976277
0.005632094135930801
0.005625221736583014
0.0056192150285333696
0.005810498801498026
0.005796732238650213
0.0059467716828170624
0.005934006473834471
0.006188742512833574
0.006354773393533576
0.006342885846833513
0.006346838456065884
0.006388264604774344
0.00630547232084907
0.006302072487116678
0.006230695567512375
0.006172330861227554
0.006179551976633963
0.006109988431726154
0.0063425001278531
0.006194559741065503
0.006196886453571798
0.006240459742036066
0.006107922611003708
0.006098538255731832
0.006079160812028241
0.006177358123224977
0.006155350208434549
0.006127341329172409
0.003303767342938066
0.003325693467336785
0.004182363046298535
0.004129753914919651
0.004172948634808454
0.004182681095488653
0.004152091757821158
0.004093688619192963
0.0041065216040321985
0.00412899052251516
0.004143600673451206
0.004052275015291251
0.004222964138420954
0.004259555321715004
0.0042982553027542504
0.004319241036256444
0.00432223892001658
0.0043160165997768105
0.004385636753350182
0.004461648066565148
0.004473860406523439
0.004499812728251703
0.004497961410167573
0.004294193469693795
0.004284399120266127
0.004107070948384338
0.004204877502464409
0.004461561907266968
0.005355897602428907
0.005454517812943688
0.005362627181438674
0.0053612606867070355
0.00538230315954583
0.005687293605990032
0.00586757179456513
0.005938378545791781
0.00604752650103638
0.006093176730672083
0.005855696154439979
0.005946498565265292
0.005945987992640605
0.005932888342107889
0.00606393741264176
0.005958394836819505
0.005932128386287539
0.005876964354073727
0.005896284864035384
0.005912368155412499
0.005979970859423848
0.005876057473155671
0.005149697459118007
0.005267513362837196
0.005261665386931715
0.00528724512116377
0.005277260691657521
0.0054421807029182
0.005408354830092912
0.005445466919429656
0.005466666257154477
0.005605633752208839
0.006831086778563793
0.00678193921163953
0.006737004950176535
0.00671095282369493
0.006749610758584897
0.006802741022442074
0.006718490113065685
0.006637841989051899
0.007006593702236596
0.006976258578249162
0.007049444571892215
0.007064517692757719
0.007095680549381718
0.0070864865732797365
0.007098767475540645
0.006547100800329067
0.00551906620123762
0.005485764178361604
0.005540111151236895
0.005523103522680254
0.005716215980007964
0.005599174487041793
0.005505953671380674
0.005533845630729603
0.005425719187908159
0.005528349340665602
0.005571638186503154
0.005559499098869585
0.005536390505917505
0.0055095633170645685
0.005482496468809317
0.00549514944791413
0.005517922639537691
0.0054872381133409115
0.0055334265635546805
0.0055107012210790065
0.005426941502542294
0.005518830713946287
0.005286389728884871
0.0053861175570425615
0.00543525187663662
0.005363553329126697
0.005353907266181041
0.0052595311720412714
0.005296439141248491
0.005252297830533592
0.005205781732283342
0.005013943578189781
0.003860326362271642
0.003843607730825984
0.004026535104110785
0.004072207940348079
0.0040079927947886075
0.00395663021616764
0.004010163733284105
0.004014560528966273
0.003626579482407457
0.0036473677941888313
0.003572243774529138
0.003573930275829225
0.003551942051019019
0.0036704401205091912
0.0036289897726433525
0.0036836811327840154
0.0036284778830931327
0.003607519657738475
0.0036925163430395654
0.003653213721267206
0.003507674355497363
0.0032798377961924786
0.0032237436225709543
0.0031710379615244124
0.003187371177266231
0.003021581899369532
0.0030297738801501276
0.0029533190411538696
0.0031852985760503568
0.0031207684031134292
0.003031439180190769
0.003264142889165931
0.003339940560845978
0.003339635140977961
0.0032689817847925302
0.004431632894753688
0.0044140098127794245
0.00436894450319957
0.004451189142838896
0.004270898804646646
0.004162467780309996
0.0042075662127345976
0.0042003600070343325
0.004188179248334701
0.004175525291701734
0.0042492986923104254
0.0042689814135649555
0.004459051484538151
0.004283513605769867
0.004260184170593293
0.0040758239817142725
0.00411957354198949
0.004178638632508884
0.004148879545773731
0.004097975977560307
0.004245494074028511
0.0043060399868777265
0.004324531463836638
0.0043732558511678414
0.004429157518827602
0.004423995551553154
0.004306540464000779
0.004232913910505406
0.004236013347210927
0.004293172342570146
0.004308400356404299
0.004185157994550499
0.004175175078681284
0.004111079893386309
0.004119903063740768
0.004104775946227011
0.004062654702307805
0.00412635116440918
0.004135184304782526
0.004129739648262066
0.004154037880197845
0.00406748917900072
0.004097788663006744
0.004203061111602799
0.003949654978666737
0.003863082987252279
0.003850846829291555
0.003858789209820358
0.002695396680734185
0.0027131246906072428
0.002706877528999103
0.0027518215776485746
0.0030302597606573366
0.003043799825344692
0.0030594823525244546
0.003285816780443309
0.0032447123682877465
0.0033668989570132244
0.0032904469765505525
0.0032859566407844793
0.003211136310471093
0.0031310559047669994
0.003198998766741127
0.003233100618267181
0.003177116664428824
0.0031547655880672155
0.0032455382263970526
0.0033205734892876285
0.0031900823046678312
0.003271375951504681
0.00327377343951438
0.003280645829108464
0.0032954713494160928
0.0033722550625490187
0.0033809340723748877
0.003377362786934297
0.003367888608782588
0.00331590230005457
0.0032539137478957013
0.003233389434304293
0.0033123372042126527
0.004308799745823954
0.004236990767543496
0.004234936696163076
0.0042510302944263785
0.004208441796910379
0.004359024370699804
0.004320741804538906
0.0044360932234216305
0.00433410299740401
0.00438824795246948
0.004277480457026922
0.004283248788135664
0.0044714115822135775
0.00451308562094577
0.004541987089000798
0.00460684168331684
0.00458125976352645
0.004939180925978397
0.0048522015747234646
0.004589988804034658
0.004580153177158185
0.004541885970762833
0.004313558828100143
0.0043058539115803695
0.004279228338807328
0.004295600231337654
0.004308526112864843
0.004211634280413385
0.00421330071028314
0.004350578090228433
0.004482659642169123
0.004509998561577844
0.004683145009358959
0.004714061137501893
0.004635685941646099
0.004673380173008657
0.004565221895870736
0.004572202856032061
0.004694738972888027
0.004620254417394699
0.004608044489468266
0.0046251941941139185
0.004625300673458198
0.004639742468670281
0.00465141261905173
0.0046520340615906555
0.004576369682093187
0.004630947033354634
0.0036297482828549347
0.003654869208329059
0.003665360869343439
0.0037299727036453176
0.003750369894438178
0.0036438557476436467
0.0037477608291254204
0.0037392119356007406
0.004548975588289147
0.004472385709085144
0.004509828715127017
0.004586779682217635
0.004484000796954816
0.0044696607546382714
0.004444290051731713
0.004503532641808344
0.0045810740202054945
0.004186339570081879
0.004309270357779615
0.004310041081879258
0.004316062257971068
0.004386521512068908
0.005060302678472665
0.005049040396427957
0.005462876564737967
0.005562634784091035
0.005571410725756173
0.00569961188862468
0.005748269677517046
0.005559862890545007
0.005382542150230464
0.0055706747094413575
0.005366325207433786
0.005265523864020498
0.005486039744309193
0.005819788649648715
0.005854753546814453
0.005859042175774084
0.00573359598307649
0.005705015014920638
0.005615091323719721
0.005586036555514606
0.005592349639973271
0.005619056703733656
0.005618346578634942
0.005751001190336717
0.006500816265014538
0.006488536644197678
0.00654809847795683
0.006486434541189575
0.00653197321939774
0.006677199305801993
0.006630514655620608
0.006884983138257712
0.006803859272373283
0.006692448564950832
0.005832670756244238
0.005858943276964474
0.005879820964752074
0.005882211601974423
0.005813700272141342
0.00587871702185526
0.005901880238242878
0.005777245623343325
0.005727726020847945
0.005790638450806216
0.005619608403393681
0.005591854724151606
0.0055805386627581464
0.005488980231069633
0.004852632925498537
0.004901415920191793
0.004380761085697068
0.0043351087023329946
0.004325027026594187
0.004340471035272353
0.004350215727551957
0.004385496591797892
0.004398517878133235
0.00418052938786104
0.004422591086689499
0.004448422453823503
0.004253633683045981
0.0038713177149530694
0.003911896110776022
0.0038443820418077542
0.003999699577242561
0.0042528529401366566
0.004295012403591632
0.004354708779517084
0.00436355873675231
0.004274632435712606
0.004285090819953204
0.004297258712614633
0.0036752856878159803
0.0036868068011812263
0.004107697059312308
0.0041382344045727696
0.00406589080111458
0.0038388009217833106
0.003822374257076825
0.0034993086310471434
0.003629437078862572
0.003675584119432952
0.0037017800058823983
0.0037360843458436785
0.0375965013381909
0.03749637714522181
0.03760761103231531
0.03765692588255811
0.037620830242316446
0.03765617200623195
0.03761316297234175
0.03762088737466494
0.0376845178160236
0.03780114214949517
0.03782248706815273
0.037851469947000754
0.03789699329305395
0.037914440928748655
0.03798998353732828
0.03804980499501647
0.03812069829554562
0.037966293439957284
0.03792762984919527
0.03792663810731594
0.037963967660414676
0.03793387323646066
0.037717211766433105
0.037674108437798066
0.037678334812925846
0.037751476546728974
0.038328854619913685
0.03833062412811037
0.038100780670390876
0.037862816507687934
0.037943525862396625
0.03788580358815614
0.03884981980546754
0.03885235661922005
0.038854736394833285
0.038750648303795175
0.03864569328416919
0.0385310897983386
0.038070263359962137
0.03810991266522342
0.03809291751137405
0.04360104433290374
0.04365076266490423
0.048548591120797846
0.04840971116088703
0.04833694705762709
0.0483676212562257
0.048322908133991406
0.014457076964443203
0.014456372596833855
0.014341447753851726
0.014226932046880232
0.014460995487542544
0.014446883172516375
0.014494013430152115
0.014512636961769783
0.014466939304663256
0.014318974007814343
0.014355576423440248
0.014343592133299
0.014266186631891074
0.014215245545044877
0.014161387656717381
0.014028947480750257
0.013932669400444459
0.01442097052399966
0.016997674981062444
0.01705180843034294
0.017003311339979506
0.017021489406249184
0.017040292942124464
0.017091990344027922
0.01720597467435651
0.017137467872288873
0.01648743487550747
0.016662945595339793
0.01670800470202598
0.016775620917606555
0.016697182970962537
0.016704931849084666
0.015787106265051122
0.015841512769705458
0.015847469792571445
0.015884433723223724
0.015892473092088546
0.015890766644202213
0.015946775801804956
0.01590513894141457
0.01603694405065614
0.010600393879410074
0.01054805736327803
0.0057150340693471685
0.005707224232046871
0.005711873861023884
0.005637818846769838
0.005748588476268607
0.005731606036218959
0.005773383739238878
0.005878358001636189
0.005892698982076799
0.00568247834517645
0.005686442643133077
0.005652734484494826
0.005713653321875426
0.0056951119387888246
0.005725122877272365
0.005701549147598891
0.005730208946117656
0.005803351766509879
0.005773587378936017
0.005793870676493037
0.005796142819080111
0.0060102686185763
0.0056220434691246985
0.0030488108214675076
0.002946494213655336
0.003134952265702564
0.00311654627155432
0.003174096495617591
0.0031536023059691234
0.003013493043441829
0.0036744669408337676
0.003761657411219515
0.0036800187607665363
0.003619278668830749
0.003582800954266134
0.00362497080783804
0.0036215917503413706
0.0035655050877956237
0.0036147683308240274
0.0036720486106920913
0.0037063752646272576
0.004221275365646861
0.004253017351409985
0.004250516869075139
0.004236141380716479
0.004237311791789043
0.004225043865765967
0.004264893608669083
0.004251142161135288
0.004429089130646157
0.004418756355727888
0.004453179525289358
0.00431937795621977
0.004286977142482939
0.004244231061658649
0.00412215294433723
0.004075562125507047
0.004155300865665568
0.00417449520210306
0.004203961237865554
0.00406136305618074
0.004069052802614401
0.0041144155062246045
0.004214947956252537
0.004924152289332185
0.004851153574057934
0.004927227878344177
0.004961917064859746
0.005014372473083529
0.005136752989363731
0.005146598638074099
0.005123876464892026
0.005192428237206669
0.005037433797182981
0.005072839414612138
0.005001417924333246
0.004980586953146939
0.004981160692569201
0.00429110834061268
0.004239948424965157
0.004152858775373422
0.004271720707413796
0.004233650583602452
0.00415531915608013
0.004171666522487301
0.004261320396880982
0.004194164151114677
0.004196723000107763
0.004133353810348358
0.00360863824210785
0.0036968049610068237
0.003675571607151849
0.0036881044034161588
0.0035703403313269637
0.003626130024491646
0.003653135482598283
0.003650905947084532
0.003494379534666827
0.00375820380238422
0.003806652675874905
0.0038855871097326477
0.00397301375557227
0.003955356578716993
0.003956803215160579
0.0040165098433196066
0.0040183029933251214
0.004076358228939648
0.004094172170638364
0.004083005492839408
0.004167378708154806
0.004177601118203027
0.004043371799923617
0.0033630152947348563
0.0034180491899958505
0.006281290909779935
0.006268742263772636
0.006212744905823984
0.005886633467340761
0.005931209882940185
0.005969343756179236
0.005942270862530567
0.005936790048221685
0.005917885682785074
0.005894659301541985
0.005897455636576385
0.005936571410601196
0.005968094853085491
0.005965595243728229
0.0059636788988335415
0.005915660079328603
0.006094386082524183
0.006106677068835944
0.006180054806385656
0.006163411799261124
0.006135982692449229
0.006233313486764963
0.006244005443446494
0.00626792567405294
0.006159479214411749
0.006357688954366587
0.006358979245931251
0.006377851929097462
0.006380125250633622
0.00654429738886926
0.006519680679732815
0.006647586305141511
0.006383684750063239
0.0062979104717245426
0.006349520275673034
0.0062849079348876805
0.006301416239863998
0.006431601419328785
0.006606285191096761
0.006619831804921611
0.010599142473358919
0.010615821014145795
0.010756221087793977
0.010750424155270609
0.01066944192849767
0.010692847017162659
0.010682143904171984
0.010639164834378066
0.007721516688518265
0.007722075136411477
0.007789036863224924
0.008854336151961859
0.008762613019778364
0.008826677470388924
0.008810380189297336
0.008826015343963328
0.008838884513314885
0.008814063463554591
0.008845872186098475
0.00893444880579876
0.009028931450963215
0.00894387550954581
0.008984891608282263
0.009151978829720407
0.009053572978842501
0.009206237543575569
0.009184209112473378
0.009110243150135906
0.009144546114189299
0.009004259803599758
0.009003110964014889
0.009001301452539951
0.009065949363574908
0.008849568465186695
0.008821016230399137
0.008813872798306978
0.00871214643447184
0.008565603918147391
0.008571984174994897
0.008447372209951629
0.008496590897623292
0.00857708171270419
0.008464173490113863
0.008586663088361117
0.008565589338275387
0.008434197005513478
0.008209701609028966
0.008131498028933547
0.004388545607583189
0.00431722557458537
0.0042421195078448555
0.004196211783815154
0.0042911884915069086
0.004373054968023319
0.004351734952781516
0.004367508711082169
0.0043528718053259955
0.0042892494458257905
0.004217320759703683
0.003181179952806553
0.0032437435985965025
0.0031353365055905706
0.0031384721055194268
0.0031396474250030026
0.0031548905886166607
0.0031744852384445834
0.0031338679695526984
0.003068990828935398
0.00300623154500902
0.003025682430878786
0.002994168519065384
0.002763672276965648
0.00268645654823386
0.00254792268323543
0.0025983153895293245
0.002611679689328794
0.0028121868559816457
0.0028453424676981084
0.002899523626717736
0.00292597225390286
0.0028607078623138454
0.0028459702903351047
0.002869776344861739
0.0028498353443756445
0.0029909362008277277
0.002973781874323969
0.0030406725526000307
0.0030469404051227653
0.003376923188199387
0.0033042135556110076
0.0033324848279572467
0.0031693108517391335
0.003317244596959732
0.0034457373140988332
0.003537730103268969
0.0035352739323120676
0.003198310262613162
0.00321567103401749
0.0065322669792375115
0.006743604982668028
0.006701821546809514
0.0069637294769232866
0.007013607251953432
0.007117804981626037
0.007927523327944531
0.007921777499822627
0.007932857860384621
0.007907211176620717
0.00783236411661343
0.007953239071737202
0.007994222451930924
0.007947921468491784
0.007904498238253716
0.007918746737316344
0.00798108164875439
0.007920946236370522
0.007905086348670045
0.007931623768662336
0.00796660122186655
0.00796418841219919
0.00800069912347988
0.007987578449423773
0.00788217441553478
0.007864789637424523
0.00773376192587679
0.007780088689359545
0.007680985576544429
0.007659922964065545
0.0076326983305275535
0.0077003607600923734
0.007685117542159014
0.008003095218520684
0.007864735607356836
0.007838674204297503
0.007742471838476885
0.0077355318225061425
0.008173459143778558
0.00816873875432238
0.008192883979376746
0.008306556892682256
0.00816384060058338
0.008063224963952809
0.007986127813318068
0.007971231803350616
0.00802496103340826
0.008012487966725542
0.004629793621585413
0.004654859875827424
0.004649857013935949
0.0044127472146226815
0.004569202029273343
0.004518262348618935
0.003788195988267906
0.0037980525563625516
0.0038273486644014886
0.0039931283384642
0.00394674067141219
0.0038401627200019355
0.003885985121030066
0.0038979496827804376
0.003928079746128118
0.003970412891238493
0.003946653856024276
0.004097807917833959
0.004086650871156399
0.0041235613022327896
0.004083476348032627
0.004099905972839484
0.004088788201551573
0.004096413378585973
0.004152668728654455
0.004172173018247815
0.004087365298237147
0.003978330938250265
0.004000459331453988
0.004019505499023176
0.00404847307281199
0.004033505618029128
0.0040781768952118215
0.0037977763088376253
0.003940003121661298
0.012716298096955868
0.012725856490685312
0.013454535246296301
0.012666890394878763
0.012741208970132069
0.012675488773317145
0.012575932250712534
0.013047729444746988
0.013147450060442179
0.013170145796635814
0.013221074523687726
0.013313092971324764
0.013365877626594793
0.013360327531554557
0.013085174253828864
0.01301841468328666
0.012969056214031723
0.012808926247652092
0.012864276494632976
0.012780939265385163
0.012817845208334467
0.013075192332903267
0.012970078248938872
0.012971013431079736
0.013034864670896018
0.012942149232690103
0.01296494941082108
0.013202734290417696
0.013350425889922841
0.013371260876090606
0.013217939400231526
0.013199296139874401
0.013132603281616084
0.013153331804649724
0.013230970125619482
0.013262809373835801
0.01331544044145884
0.01332631699802843
0.013392580223961469
0.013356820700247442
0.013372558404698281
0.013402424013194568
0.013326054540078897
0.013309022465954294
0.013310054113872353
0.013259521198223448
0.01323180723933713
0.013172261063948032
0.004357462642215049
0.004390393028383479
0.003871377979740262
0.003976408154046173
0.003984122245294953
0.003995692054424176
0.0042462543165438325
0.0038253670298647384
0.003829013545730848
0.0037881324096155767
0.0037926885637451983
0.0036501091100718495
0.003676137367691231
0.0037039149659593997
0.0037556090984136327
0.003764633465888337
0.003669354660584276
0.003585872227540588
0.0034472089027775877
0.0034467519035813084
0.003391060778876419
0.003114674629974641
0.0034373607339825466
0.00347072303286617
0.0034368912919645867
0.0035042135461440965
0.0035114581555884795
0.0032549704353625262
0.003034927979462122
0.0029777485461900785
0.003033927254680076
0.003038444647296724
0.003927558308413602
0.0039046418632308895
0.0039043603107448265
0.003874998097335105
0.00388503829290655
0.003804815550316216
0.0037725069134989693
0.003904949504582375
0.003909067711633086
0.003926276667271506
0.00395100851094961
0.003984905873144414
0.003910643732918212
0.003925015173079669
0.003984849554735408
0.0040137366637952145
0.0040680003828878234
0.004046790829664298
0.003885925456101258
0.0037652712251322975
0.003724453134688884
0.003716130319035871
0.0034693146712417404
0.0037473032062724496
0.0036325080966872147
0.003657458695686701
0.003621895019696553
0.003636581245185167
0.003665159961390292
0.003689955915011714
0.003647625077751721
0.0037787681872495254
0.0038418926555217375
0.0039102100959821934
0.003929851616069616
0.003927569994876825
0.0039472935656933075
0.003984007394627981
0.00405916505071854
0.004035358775280108
0.003998595818020783
0.003950676864833375
0.003949313458601985
0.003954369642462411
0.004002238155658271
0.004061719398775096
0.004005684763885811
0.0040282266655048485
0.0031485656743612763
0.003142752337609267
0.0030763882863213167
0.0030330844957797477
0.0029584644745600697
0.002949551836792293
0.002908385081615106
0.002818188681138421
0.0027769309799605805
0.0027489924139114546
0.0028059007180321594
0.0027839647286320994
0.0029526296786855605
0.0029864755323105834
0.002942748422358006
0.0028101116926900435
0.002753374270160175
0.002755059237981664
0.0026796903356494533
0.0027047188364304965
0.002784518435457298
0.002927033775722568
0.0029175445686990768
0.002601984983775844
0.0026633941624848254
0.0026467342472112562
0.0026461967531685726
0.0026314591713859276
0.0025286647178728774
0.002563043990751258
0.0025538986560840154
0.0025586993040512406
0.0025348790145708813
0.002546047356416846
0.0025632309931846093
0.0026289238584154824
0.0026342106615053814
0.0025950978080620675
0.002137834838868782
0.00212164090301997
0.002136327409561167
0.0021849611681739986
0.0021430314826980045
0.002180636707492253
0.0021309467612896644
0.002070112124673138
0.002146207753688295
0.0022118816097582068
0.00310089991921492
0.003135051222443045
0.0031802328474932703
0.0032885163348392032
0.003314460888261147
0.0033314216948500605
0.0033363421924010733
0.0033018902574490894
0.0033154088763884732
0.0032859614393396168
0.003384244656474092
0.0033955228108851782
0.0034048857714710796
0.0033768029258024993
0.0034536246801292925
0.0034646246024531697
0.0035672616567061287
0.0037230313992412823
0.0037322505805571266
0.003716091168373579
0.003609913939921529
0.003515666799318221
0.003548325518280677
0.003568858997697103
0.0035109953696591985
0.00363478092763731
0.0035912693345032825
0.00373081749598618
0.0037220052542865
0.003844416378583409
0.003886949050789163
0.0037463233038565434
0.003796394658603698
0.0038120418662907075
0.003788754663293129
0.0037786189702623224
0.0037955103556438154
0.003905777032213377
0.0038820725421205107
0.003910682851116132
0.003890638868980807
0.0038660997186389322
0.0038730061075422525
0.003853230532731847
0.003971413072638675
0.004001292480871585
0.0039458519059147375
0.003838383890434973
0.0029322761200917605
0.003410690888632155
0.0034883079624319704
0.003378180669663534
0.003360286955427042
0.00344225060077734
0.0034492890196180306
0.003519779003836603
0.0035141390640408172
0.0035119180478787875
0.0033522792715532886
0.003346454745744671
0.0032062018683315582
0.003182830539721699
0.0030787961270046216
0.003095844511909668
0.0030606926629401974
0.0029116912412697695
0.002905759930643195
0.002878807243334821
0.0028757274543952448
0.0028672620163172273
0.0029681462004923216
0.002949349381650104
0.002960500309068872
0.0028418184258087956
0.002863573270169613
0.0027503257797862686
0.0029551444882205385
0.002831121126874097
0.0028079890165378686
0.002853459155504558
0.0028666912518193186
0.0030400540088641333
0.0030203799466026714
0.0029999869233515906
0.0030070583871950624
0.002909738116582995
0.002968811721357431
0.0029838395887130404
0.0029998712621560775
0.002926372008907542
0.0029825014605538696
0.0029647774372501307
0.002868740742880462
0.0028314247019836313
0.0028226238475117967
0.0028502499310898576
0.0029136997977161415
0.0024076955926246005
0.0023384876975071803
0.0023489472636533427
0.002388349538224585
0.0022850964731633695
0.0023135250225774355
0.002300949327846343
0.002294059622478525
0.0026149974965547717
0.0026264769710641774
0.002625316195048312
0.0026216100507258145
0.0026319714189095207
0.003356953186023165
0.0033340710919410738
0.0032984426191012134
0.0038931217080502467
0.003918967528395144
0.003953712087713431
0.0040405049911955305
0.004026810177679331
0.0038886483184436115
0.003862991027764934
0.003923348437534362
0.0039796487540741145
0.003980010978147417
0.003986257478385395
0.004901288482624847
0.004821990874685432
0.004854848461004849
0.004819364864062012
0.0049965778318966465
0.0047346281943728245
0.004727467782269574
0.004774585878305949
0.004807627075492834
0.004847663488395466
0.004785544682837042
0.004855709737121132
0.006089706873012718
0.006175586907631134
0.006108671915376872
0.006116098346206668
0.006109309796038549
0.006198268723727619
0.0061989135797877295
0.006172454997095347
0.006126985926600534
0.006151204286741034
0.006094711855515647
0.006126493761618466
0.0060685248313156305
0.00611582973267603
0.006274773379698814
0.006224434966430582
0.00628421135384291
0.005999719127822775
0.005994289001549965
0.005973719618639669
0.006032463320005724
0.006040173241491423
0.005348415877639227
0.005367332250139041
0.005354225151924785
0.004800376536658798
0.004873512041981192
0.0048296880512539294
0.004744001157558384
0.004759658606759711
0.004786627949220163
0.0047966264494900745
0.004704701334856353
0.004658810904428272
0.00468571902032507
0.004695279500874494
0.003598814902731779
0.003629019053869855
0.003649901749237478
0.00363780849454909
0.0033802716577072457
0.0035148877129351935
0.0036269633237080872
0.003585307125965597
0.003552970249093748
0.003478922388787347
0.0034826048410039035
0.003400229227636635
0.002209058287490405
0.0021622081219622876
0.0022069482722961273
0.0022458315516020633
0.002265529950015428
0.0022094220199956557
0.0021907620669696856
0.0022017734073746706
0.0022091297091398816
0.0022711490756333365
0.002323907395979237
0.0022910663334134544
0.002305358620702285
0.0025551745398178193
0.002351824031022364
0.002355296370311202
0.002322337369943955
0.0023083277029579143
0.0023263482751363722
0.002345021552718974
0.0022822229605216266
0.0022820289410186607
0.00228777424361474
0.0022580280533700107
0.0022519219993566305
0.002299154738179789
0.002263547680887188
0.002267886380576066
0.0023031216851901793
0.0022583124527338996
0.002242984618542039
0.0022346713129703538
0.0023533627561652596
0.002511173286213918
0.0026137544040276115
0.002633375700601667
0.0028442632143146833
0.0028129141543362097
0.002791650508299168
0.0030017868580971105
0.0029892305589552556
0.0028603163653715892
0.002827306452974542
0.0027843214290895623
0.002764759493425471
0.0028069632792700337
0.0028064131406954867
0.0028008032488192687
0.002822215589713748
0.0029018741920780627
0.0028877428979682193
0.0029122923159083055
0.0028932937542813235
0.002969377632024475
0.002974453647877941
0.003027262305802227
0.0030086669493104676
0.002980480800559048
0.0029578933306060816
0.0029716900334609262
0.0029491175271946723
0.0026685756312901598
0.0027653557961470885
0.0027972102602133162
0.0027749935246213302
0.0028889638533188193
0.002851498689568539
0.0028269594674174645
0.0028239173793879716
0.0029338657216789505
0.002940466619952418
0.002991951054176144
0.0037438608993677733
0.003654478865826866
0.0036016125605580662
0.0036498665863340077
0.0036062183034245624
0.0038445226121749825
0.0038453121767440383
0.003907224206738145
0.0038352455308612436
0.0036587381105231943
0.00351901877785001
0.003455555776853008
0.00322764845723773
0.003289318989461932
0.0032446850527005125
0.0030791031218333673
0.0030963157622844223
0.003143174504496764
0.0031252556761371185
0.003135643610523945
0.003120424487418338
0.00308519376635351
0.003601819756661334
0.0036228914312343955
0.003563209858626163
0.0036349788670343684
0.0037439887518347106
0.0036783215313674704
0.0037045523853835357
0.0037127166868826025
0.0038358525575955056
0.003844567909547288
0.004307058955575081
0.004379787423179221
0.00892883745098149
0.00903071524306463
0.009028400853308693
0.009009168419359302
0.008941233564051758
0.008912729227846652
0.008970631449386186
0.008875392173075843
0.009031717508312241
0.009049110870108528
0.009161110263585388
0.009090536445343451
0.009044386725101947
0.009009570051514535
0.008577216300413503
0.008575630659564392
0.008635689547024266
0.008588683352180463
0.008674407590646646
0.008483138233294392
0.008745250905757772
0.008685073799454318
0.008639222938401999
0.008652780916942281
0.008706408538191617
0.008738640980813216
0.008734476713930633
0.008859135909913546
0.00890375659194149
0.008882238182927335
0.008881480141288464
0.008888533693106998
0.008947794337409462
0.008940406021981666
0.009022881628204648
0.009066086302782137
0.00860781852475274
0.008648923376250338
0.008776181426915311
0.012303027848798427
0.012220366300251605
0.012201790426635835
0.012232711458857641
0.012112760849844672
0.011992372230143671
0.011971064399193118
0.01159821465549034
0.011458686110628584
0.006870804784804691
0.006750675277977752
0.0067753255852923
0.006788273315316048
0.006783828999878224
0.006863421921583041
0.006805296144262049
0.0068219444866981895
0.006665929633179644
0.006687268552680668
0.0066748149361265064
0.006735496162190042
0.006791359935292736
0.006837752408473024
0.00659472831268481
0.0066438547505123235
0.006628431486236301
0.006618914604836532
0.00652253301334352
0.006517464652700917
0.006255801588130383
0.0062582839727271114
0.006306462900175381
0.0063195763919783625
0.006317942693430032
0.006456030829087644
0.00645875434078539
0.006307887178911843
0.006310720221372502
0.006296118059220805
0.006329214402429065
0.006331019692136526
0.006259350694029169
0.006304605065749133
0.006256120914597996
0.006249185141946545
0.0062137377001492385
0.006131694386098635
0.0059836568730030695
0.0022620584087127034
0.0023712712701692783
0.002421218966558471
0.0024132390768474873
0.0024444225450178155
0.0024474557888625164
0.0024342653914310483
0.0023437944604833938
0.08278173344205494
0.08276292385052518
0.08281937951450968
0.08287667839751024
0.08294434162310256
0.08292764214459294
0.08287644288971842
0.08294543377046831
0.08288316185227888
0.08293951434138035
0.08291732650880478
0.08284202140518131
0.0827503790005464
0.08971603608863388
0.08967839191715805
0.08971375845894353
0.08969773256994236
0.08963037663624814
0.08966787525091487
0.0896887120757482
0.08968808638586555
0.08967554946067778
0.09142725724619842
0.09144229316397627
0.09143502042116929
0.09164284521771897
0.09151566729702386
0.09167345485917243
0.09166531998394127
0.09160626333172185
0.0916125852194692
0.09165106804664634
0.09159835360559561
0.0917103959210585
0.09175633804030332
0.09173759124807207
0.09172791006225434
0.09171518166181387
0.09220060979136357
0.09228266687906363
0.09228976182785718
0.09228107811166919
0.09235236586576856
0.09229869520892124
0.09235701821766819
0.0923687365219618
0.09268514160558324
0.0926807213373283
0.012307344643452907
0.012344029847142992
0.012364467042130007
0.01237716585901589
0.012304737673174146
0.01229204534844599
0.012311813504514537
0.012324101562392165
0.012481296058109723
0.01242853037851785
0.01244824189844762
0.012460811880928608
0.012485759857857387
0.005469994419068633
0.005443134121773029
0.0053265532130164946
0.005277199167614022
0.0052749185894371475
0.005240261970125944
0.00522650712294588
0.005255611146147535
0.005301966001829236
0.004559123689001313
0.004515936706597545
0.0044913207819596455
0.0042244569221015936
0.004207395957258972
0.004061442021655537
0.004025352598611252
0.00406838181016953
0.004052638803903183
0.004246890428897659
0.004296014940771719
0.00414126242639584
0.004104064920196291
0.004123065200466335
0.004107825572007067
0.004094039110931968
0.0036613610313667474
0.0035955066103321204
0.0036688829510465124
0.0035347145145548323
0.009047097965935502
0.009041433985908313
0.012789508049683061
0.012771515062290512
0.01242781339687186
0.012423663723939951
0.01238053215097732
0.012398162924288516
0.012337479227392728
0.012314101953519037
0.012377384990683376
0.01245199218795953
0.012463709022221327
0.012396125914070258
0.012487802978719058
0.012538495319570644
0.012516142813212658
0.012465583709938404
0.012433800809605981
0.012433332992086236
0.012507100990072073
0.012505918334941352
0.01255797344817654
0.012575073253087694
0.01262678612017513
0.01312237788622952
0.013055711733452921
0.013034488597314533
0.012066593005134426
0.0121075648975425
0.012296670376197727
0.012349245143839472
0.012414470099532648
0.012574265770686875
0.013062896450719516
0.013055846431046236
0.013075910376993809
0.012823548090521629
0.012802235956563449
0.012862545806053166
0.012810525574903274
0.012776954055619473
0.01276041396123522
0.012769486328917461
0.012798162167517897
0.012880631667743808
0.012881895594658072
0.01287127777650377
0.007356830522091527
0.007379385415501402
0.00461334703852858
0.0046877421146192
0.004685734119807187
0.004710508008112649
0.004801860121520305
0.004899337555605423
0.0048868669359323795
0.0060928033342212695
0.006248313172125909
0.0062063455690916655
0.006215950094637223
0.006226197297375124
0.006006025925345756
0.006122856125627176
0.006109941716688258
0.0061900462410368895
0.006207320324644885
0.006281974978638475
0.006242759674811113
0.006249421682125535
0.006209081596011984
0.006211552377562162
0.006195455146907264
0.005797059077759813
0.006014784791514643
0.006046950380122582
0.006111610013370632
0.006057361893873188
0.005876472855563285
0.005825091266814699
0.005731674156993823
0.0056047519785498955
0.005185442646891338
0.0052140243927235866
0.005254929889397366
0.00530663814942342
0.0052737738133883496
0.0052830409894820095
0.005287234475566941
0.005336525837190031
0.005497159525370702
0.005535370061745891
0.005688341760903735
0.00569214321100978
0.005750702745320575
0.005847393888405776
0.005884552054219408
0.005879852419651557
0.0049644623942275675
0.004963453053120725
0.0050133592399044325
0.0050412234050415845
0.004934445925215881
0.004800518733579594
0.004980264681498421
0.0038749585224851363
0.0037005846157481263
0.0038436586612408253
0.003841855475210884
0.003820356068432004
0.0038317841240880636
0.0037607685939583494
0.0037689597823766002
0.003723877853120956
0.0036973177614253515
0.003678330742858713
0.0036843098032250696
0.003718886109163431
0.003696122275769559
0.0036791509122167834
0.00368555017663556
0.0037043379174265183
0.0035134285775958005
0.0035570057675122124
0.0035054980431344497
0.003503591847800346
0.003515212063330529
0.003559872013081698
0.003643562012650242
0.0036766910063977987
0.0036350650038264654
0.0037851942710024587
0.0037515268281722984
0.0037859403469934997
0.003963516347621086
0.003888726362259695
0.003945701471002907
0.004073630125023375
0.003952334798759182
0.0039413470737241435
0.0037610584217138802
0.003690578697401229
0.005705123863956922
0.005655148643334565
0.005702731919560271
0.005703774486183685
0.00558221140856392
0.00555283378881978
0.0055813387830384725
0.005639672090887672
0.005652639565222237
0.005669708137769006
0.005518385477733004
0.005444550908261855
0.0054514391349743145
0.0053546925902349185
0.005275363439983201
0.005274396952592071
0.005302838047980288
0.005206460530317228
0.0052345256669342295
0.00522473381658074
0.005224317798716766
0.005270145370144087
0.005228852232025235
0.005355045262338109
0.0055150704382823205
0.005530268853877203
0.005558150929160565
0.005469719770793801
0.005469680048357795
0.005434552883374539
0.005393179746848598
0.005482069186447191
0.0055285410285620985
0.005579873371196891
0.0055134856302950135
0.005453725079750864
0.005526735933943499
0.005345066041412195
0.005353493868786454
0.005283685355468107
0.005291727263410551
0.005450045600399159
0.005411813101880239
0.005272335712264149
0.005238228986747924
0.005299145472072847
0.005269220447959389
0.005276104640877299
0.0031942109946935526
0.0031428362264570285
0.0030803533617405772
0.003093145035694283
0.0030794812880445125
0.003120244703748948
0.0030614107224132187
0.0029589786293046107
0.002943804474657008
0.002959172680584801
0.0029705274931169806
0.0030296902441063977
0.0030887000470842963
0.0030668189972205533
0.0031505442715430002
0.003476335683104932
0.0035754516785827637
0.003608562803183515
0.0036078370327293284
0.0035888796752513367
0.0037014385131452364
0.0036630884816439054
0.0038292347639065504
0.003750841433305559
0.0036165121167429453
0.0036496628806737172
0.0036457838071268247
0.0036402859784111243
0.0036230145818205235
0.0037966397120065792
0.003795075753382435
0.003796491890242251
0.003793118482716917
0.0036991721057213285
0.0038439342189753654
0.0038172022095099914
0.0037517522249790026
0.0037388089131736566
0.0037667621140974224
0.003928096579920034
0.003784702000726266
0.003803498584663807
0.003774138268130684
0.003816029459932339
0.003901696730252051
0.0038563320532235424
0.0038868576537444076
0.00391072497953698
0.0038437413057200893
0.0038764142530812937
0.0038357180717944216
0.0038820413464902477
0.0039972366357423844
0.0040412480861594414
0.004028653115389657
0.004023300237227172
0.0046111650950803945
0.0046935666602839895
0.004723924041612356
0.00459823158529324
0.0046514628136365265
0.004654304957457517
0.004558656061848239
0.004436704636875205
0.004330580808067792
0.0042869587043088365
0.004246638406150427
0.004238997932448409
0.004155650959566608
0.004126140238223465
0.004088371966681141
0.004237617386216957
0.004297699948530327
0.004294475788966397
0.0046414835393959256
0.005054602457842106
0.005075150506140426
0.005029732714780049
0.005018189921090888
0.005023124392586181
0.00501244363860845
0.005047957355334439
0.004899106202661769
0.005034204451106119
0.005045076353230688
0.00505661055678389
0.005090505305669628
0.004951707635559426
0.005264818474811426
0.00508608073462994
0.00522016143334091
0.005433922447308987
0.005392761382180453
0.005405317527506248
0.005367379463286823
0.005388482767804393
0.005509463161571171
0.005538487231471362
0.005841621481966613
0.006025101470616149
0.006210782845054052
0.006105805502028302
0.006243116786785124
0.006265147779996972
0.005729833411757256
0.005607014201351902
0.005526466995897368
0.005504874976312912
0.005517199212320874
0.005454349682842373
0.005457415701821927
0.005301307216509082
0.0052238638709966945
0.005248887116516843
0.005343486097398642
0.005349783879858179
0.005428062212150998
0.005418519165503657
0.005464101850276738
0.005262805700681036
0.005207639441416115
0.005229499844773905
0.005010282819192846
0.004609926638398672
0.004572018862158822
0.004467045952218714
0.004708324724753175
0.004793059612866485
0.004777821480248942
0.004753282434226093
0.004827136572940934
0.004911375868084207
0.004907937597138258
0.004919621609775782
0.004945544698981004
0.005212672019368532
0.004984282721975272
0.0049982197341578915
0.004990070204524234
0.004895119177334298
0.004862972084142102
0.004953162982692174
0.004990476576630958
0.004983366221596506
0.0049106074622893205
0.004845531207083206
0.0045805638480088595
0.004523915902450175
0.004294511035840389
0.00426347030929847
0.004325620293967287
0.0045963035705451705
0.00456972964720062
0.00461041082844758
0.004737837698284733
0.004824023903372355
0.004653424583985075
0.005104828622082443
0.005138512639336028
0.005119150943260918
0.005146838166540707
0.0051231600234726065
0.005102724696112362
0.005086184400862032
0.0049661195105874315
0.005015976965073627
0.005014526745818954
0.00497170916143968
0.005013298410579937
0.0049766238787086955
0.005189498304286715
0.005174019199736818
0.0052198212606654375
0.005167968776328549
0.004927966307472185
0.004781308359523098
0.00480827554856119
0.004793011212332753
0.005213723136475321
0.0050886850904587584
0.005478142940113531
0.005688903813542904
0.005641552075907877
0.0053101425761807085
0.005197868406923972
0.005327145129018305
0.005208495807210007
0.005227924721030293
0.0052897551311538475
0.005174522170086337
0.00510806819371192
0.005062849564076867
0.0050632604068515516
0.005145497996706325
0.005059802079444034
0.005028567508268667
0.004957974863721741
0.005025308705380927
0.004820966556180586
0.0047509047140655855
0.004757968264501601
0.004716755235042498
0.004638937920918777
0.004567745881993509
0.004679128583297623
0.004244938686748964
0.004290688344841764
0.004251556020580399
0.004235229060000011
0.004389933547917985
0.004441343459027416
0.004538791900508454
0.0045980714392088
0.004536791510869958
0.0047007221140440035
0.004797197173795536
0.004726469907340978
0.004724503871253085
0.004506029128451574
0.004645123346460808
0.005017947282200234
0.005000335195277213
0.005061419157765572
0.005079764439812512
0.0050208766213906296
0.005122940549553631
0.004758361383125615
0.00468487625697896
0.0042903803150552275
0.004152834564774401
0.00412909563033797
0.004123475570791705
0.004175217209447068
0.004114029067304585
0.004179552498099186
0.003970762994408266
0.003950776867433534
0.004200074612706799
0.00437800152311314
0.004652210461269418
0.005503110523903436
0.005511053807439936
0.0059013243811512585
0.005747104306046513
0.0057400702647713965
0.005701248623479437
0.006113471475954425
0.0062772401567813075
0.0063516620477197675
0.006469495289026066
0.006508581462843003
0.006492192463399366
0.006406187002895074
0.006401079192910786
0.006356382235406852
0.006424020320895903
0.006408723917030156
0.006318788723179894
0.006574030780394219
0.006563139877605428
0.006722686151264683
0.0069161473343211
0.006644440011047544
0.006745706555120715
0.006894213385368217
0.006890336705592758
0.006809494804377115
0.006671993477389578
0.00643103045209142
0.006487247401619235
0.00647203615095264
0.006795507174188565
0.006810377580810062
0.006720618102144529
0.0066412683422369155
0.006709229761196985
0.0066899761983455755
0.006620638276768938
0.0065909261256145955
0.006672828914309598
0.006767428484868176
0.006828768969909588
0.006852969752499906
0.006862861077861719
0.006800755024877078
0.0065599884591278955
0.006466877965884331
0.006279491189694939
0.005503219641187807
0.0057412879119102915
0.005406295922429887
0.005675543983740528
0.005773860662232801
0.005775074562377094
0.005432097720473718
0.005096994185645443
0.0049843724716960225
0.005300656851788513
0.01910114495085644
0.019378671549817275
0.019425780638011585
0.019429887595001367
0.01945184378376381
0.01949766552056866
0.019514684567307313
0.019530838448395666
0.019199958809871312
0.019250398138207662
0.023887598745077624
0.023767940580775276
0.023786226433066802
0.023595992753685003
0.023790977271297833
0.023862622445533183
0.023769819010241323
0.023852798138615378
0.023893983102715555
0.02398401199805374
0.02404077308449711
0.023669788666781016
0.023746791029517655
0.023737531915284465
0.02386094596858826
0.0238943130353246
0.024040953007415683
0.024027585384154993
0.024125048165559354
0.024168929707327775
0.024057420020865927
0.023941641732670504
0.023891035592048453
0.024024374798325338
0.02421586927658079
0.02426258248438648
0.024240689728942225
0.02428920087143892
0.024461603688031616
0.024130169919314968
0.024194892543963866
0.02454791441573492
0.024466305971426235
0.024476017305151813
0.02443386893714333
0.02461681910344501
0.02511664488760394
0.0247435808576557
0.01088691915973565
0.010793756540027774
0.011024848085673536
0.011303817615615825
0.011253367781282775
0.011466404033618113
0.011746422350120892
0.011668397105956532
0.011882451862297876
0.011896804805336926
0.007178460272365764
0.007175259715797993
0.007158387685885213
0.007288018340190511
0.007076498862396688
0.007015387502693346
0.00708648479007748
0.007184271239877201
0.007154895964174914
0.007111353929731176
0.007067703782267321
0.007159209703715578
0.007165723971084768
0.007182429952384371
0.007141928364625367
0.007121542762875213
0.007208061807259095
0.007390524384727758
0.00727603707534443
0.0071858509634301565
0.007260626957142025
0.007315562178778209
0.007501879859212774
0.007431104986929087
0.007357293924831861
0.007374309335608773
0.007326060218912731
0.00732905002258605
0.007090922519537847
0.0071210469544116806
0.006978380052880929
0.006539278343178572
0.006689577097342907
0.006810925716312063
0.006971400044185436
0.0068456480353001085
0.03379706500582546
0.06475241767304175
0.10186199743052893
0.14276969034105194
0.17431932464094826
0.19957106259018675
0.21002532769834892
0.23704297369626523
0.24441886430090717
0.25390808988560254
0.253644594255842
0.25819088880042446
0.2593412196010513
0.26002257086305364
0.26074398360915557
0.26201802283930603
0.2619198810561054
0.26616904725181567
0.27009568308425563
0.2706964540656958
0.27057343001198303
0.2710555882130307
0.2713967748672582
0.2761260787475919
0.2762051404911185
0.3098062792657105
0.31059642217055977
0.31246337524081746
0.3136469399205924
0.31378431388573724
0.3139813432361686
0.3172972153773209
0.3179950734025892
0.3181299197423036
0.3199189925903227
0.3205940344686468
0.3220739692399807
0.32364419893116375
0.32415986222656523
0.3256120262646614
0.3258181289335374
0.3260391463226115
0.32668101629964663
0.3272508991073984
0.32716675953562474
0.3273644605924877
0.3290723560975039
0.32986900701549654
0.30618525441199756
0.27627139529012706
0.2391758191705047
0.19834951431630488
0.166692691862064
0.14123827077647436
0.1310603916552498
0.10766429258561172
0.10053936533943714
0.0911888944668453
0.09749994834637249
0.09301517494400618
0.09861931670467872
0.09932528367747197
0.09901869687131848
0.09914576934493503
0.09927847492767468
0.0965950694476276
0.0930692686343823
0.09316977460146396
0.09316819162306322
0.09345802342948754
0.09317119329706904
0.08906479658252082
0.0894129219546806
0.06259290840621129
0.06225648690666256
0.06045830427359347
0.05989029189035656
0.06015813234028714
0.06992517241329264
0.06710596268748847
0.06650071565412335
0.0674817861965754
0.0656842476894132
0.06573659518675458
0.0642443460763611
0.06290613576560401
0.06242795983034776
0.06159646721978604
0.06147549186033346
0.062186620060066033
0.06157711379138183
0.06086014518675533
0.06079407097434091
0.061100909489018244
0.059952966338709106
0.05920427425126002
0.05546698387088353
0.055280528616071474
0.05567217302186971
0.05554859488039684
0.05535581492776933
0.05862581611595657
0.058932183646177284
0.0552820750502627
0.06538265871518786
0.06588452389676104
0.06002484119562335
0.05990751946598632
0.05342123341443054
0.05404524817854708
0.054244528692982415
0.053008055515257446
0.05285015782672028
0.0513294712878278
0.05151139490235234
0.050649723252056716
0.051489974033593344
0.05098998301725797
0.05146477935567295
0.05080846953482437
0.05319451731595842
0.04799459084313739
0.047472336153231535
0.04737152549466367
0.047020622056783944
0.04660204726367732
0.03684080019392824
0.03668428011657247
0.03766146667836586
0.036921954962578565
0.03767600685033308
0.03690353860247187
0.0372304732661276
0.037114731999588695
0.03789021879066127
0.03756109943598903
0.045357691326741535
0.044714222305144886
0.0447513935709106
0.0447746893540826
0.04540357607059839
0.04489465223573907
0.04438172818689629
0.04571159824339955
0.045939905533096535
0.045280459333924473
0.046283329450714006
0.046346929290568634
0.046611625883359466
0.04341657317300179
0.043254221625315864
0.044856971428361314
0.03421267708653166
0.03415175999694002
0.0465219969753383
0.046752917522894455
0.04659973130823536
0.04477342619051073
0.044224200717658695
0.044231725192416194
0.04523568658251594
0.04517530812693232
0.04450811832965273
0.04459327533070228
0.04384201800940082
0.04350761013579133
0.04293228638258692
0.04303378152361587
0.040165680724563065
0.03865962229520226
0.03866461603091253
0.03883448872378331
0.0384344526124181
0.03881956596430252
0.038714881561309006
0.038365952654779
0.03717380702932888
0.036774562178288873
0.03580759781838388
0.035806215490271236
0.04068585337547738
0.05430609742644735
0.06217741784468672
0.062262615311511844
0.05431331145489329
0.05538981128533166
0.05584594805869014
0.05607727835177659
0.056360458251995725
0.05909720873661947
0.05895362960295424
0.058156310291514045
0.05944797200184043
0.05970074452468993
0.05977722653179402
0.05960418018385471
0.05932336743404574
0.059337350350079025
0.058995937884213805
0.057423166311789
0.05743836264739944
0.05693984110607379
0.04414209249136385
0.044699502162297254
0.044551092815498426
0.0444081284836052
