0.21603836806364243
-0.7689917618123994
-0.5272650228592841
0.05107451991754222
-0.5715686444690244
-0.8700123131325579
0.3054711143724769
0.8174413045531463
0.8623270739985085
0.24059668846303797
-0.39079838078080803
-0.5786283543362618
0.6625556908962148
0.7544105582798706
0.023010711306223508
0.7362917311402934
0.8137776244297565
0.9240563609136458
0.9416747353301651
-0.019614962685171433
-0.0105817894738795
0.7819865329461992
-0.3363326093396464
-0.6182596668181337
-0.7662715429179203
-0.8118391552684656
0.6222687254972709
0.719329306743449
0.776303086973255
-0.647476193558201
0.6078148571103241
0.5899521313211258
0.8841575004937268
0.8921595189409539
-0.2743681802441485
-0.31014111566897445
0.8234212230398748
0.9240000253489653
0.9023745591269552
0.8910280414650564
0.9311010637119745
-0.0749284308503651
0.752970839815686
-0.47395393467426433
-0.10931235542726775
-0.7485093252509987
-0.8296219579806094
-0.8824798071725579
0.5697237730590532
0.684333980454392
0.7510111627446664
0.42378516564341684
0.8175329464823797
0.832034925450303
0.8254278080125916
0.9247353975365686
-0.04998659670424588
-0.7098208085723292
0.6340051137806395
0.03345542804163451
-0.7231826901757719
-0.8117471365552491
-0.6772754524588822
-0.7790099528538024
-0.836129905827895
-0.9387919258548221
-0.8804227687528585
-0.9437206857851412
-0.9049159888488609
-0.7649641593711989
-0.7979104937686861
-0.844265057074902
-0.8550163147936825
-0.8590222191533068
-0.93277699330784
-0.8806035177063263
-0.23919495755664438
0.8067942412754432
0.8438826029097641
0.28217309843894745
0.6383934901406905
0.7156613638463378
-0.5766511228007909
-0.6146742149947997
-0.8482308514341332
-0.2018109258508502
0.4236629159097518
0.8159317466689568
0.8275494304088165
0.9281113604667475
-0.11093215004888529
0.7630798235956673
0.7923687782660149
-0.11147336484181075
0.02518571663443664
0.7125467369635183
0.6469887268958261
0.8893977324760374
0.14990031891364808
0.8029375581484806
0.05728769415815621
0.7839467057386287
0.13940576410033695
0.699374680585934
0.9000093721567155
0.9231176207418368
0.3597880807268414
0.8175162498523754
0.8281167188635572
0.18577614696044872
-0.7841902904093798
-0.8132836948769067
-0.8380959142999642
-0.8562152109391854
-0.9495443555990295
-0.8835716934158488
0.2541925743004543
-0.7962678056080923
0.1813939154968699
0.6384075285041528
-0.32213517991275836
-0.6199820629269881
-0.051478562577596476
-0.6095664458073302
0.48525285030803955
0.6527682607078702
-0.687701042729449
0.6435172516076768
0.8140458156153993
0.8869407760381238
0.5493086373989542
0.6675176884548802
0.017423373309146922
-0.7090125111915655
-0.7653078680527974
0.6304775413781696
0.7263892316253925
0.5340629249391349
-0.8000026199828334
0.26337373588766966
0.6656171988508464
0.7477703026346882
0.9044045155818758
0.9338680078965258
0.9126907379288516
0.8532379187218189
0.4737962340912185
0.6804916702034012
0.8969535912478228
-0.0974512352853612
-0.6439644601946806
-0.8550063602922917
-0.5809424731487116
0.7277046736929305
0.4168736448785234
0.774455138620648
-0.481919342538422
0.6823936823315779
0.06866648879646542
-0.18313020373226652
-0.5264160515011389
-0.7408242866963295
0.03760373777484177
0.19996918385239043
0.6873211034488563
0.7857571449220735
0.8261984585153708
-0.380379812700878
0.4185564013290518
-0.3159819887859249
0.8334381757311782
-0.5001961738893812
-0.6582538159364695
0.23522365969887582
-0.4060458235444205
-0.6198694172236947
0.5006715363782629
0.6504690830406492
0.7501059428734604
0.7917379497423842
0.5783805971532712
0.8057451421484974
-0.22202462752523688
0.08932411047385214
-0.7539575921065806
-0.7914028190231466
-0.8363342094826991
-0.910832410035139
-0.3923861613870587
-0.10619681965267891
-0.6582898980496139
0.6314043653700718
0.7330851627987476
0.8714544681906371
-0.5731639890028573
-0.026286014885559483
-0.3740080566852982
-0.6833094233328039
-0.7597565532978028
-0.8386885623814266
-0.6267294791642877
-0.40199898186509125
-0.8318819239994724
-0.5153557197089456
0.34393694018383936
0.6026047113412902
0.6457910517103311
0.5253575970702531
-0.8052781759035494
0.004886328955783337
-0.6540669934433792
-0.587811914351317
-0.8059109651806025
0.2660374043352074
0.6000907426358343
0.8862614223685379
-0.5296211836391378
-0.6501483994394268
-0.7364478116284059
0.23248137873097294
0.5699440800353704
-0.6695927608337935
-0.34526402272520146
-0.03392668760660489
-0.7002309609204178
-0.7811505236614664
-0.9178693343320286
-0.05646384808333982
-0.6808908529556568
-0.7432306836313463
-0.7965747039676121
-0.8240902116319326
0.639113128918267
0.7289902768398693
-0.0582008794815857
0.5619708596174083
0.7526366906754937
-0.1232913673098992
0.7905049676022966
-0.6525505177120507
-0.7493348805212978
-0.7908851390040805
-0.8206187941085559
-0.8476767924728781
-0.8648212315875294
-0.8795022439982978
-0.15979349571994222
0.7759015269902307
-0.2114604513375306
0.7999552425756526
0.9201999029760242
0.9100226076306139
0.9433538497245431
0.8723149172977551
0.8780996525688487
0.9167370928228129
0.9055407788876482
0.5246132582007179
-0.5374675418700388
0.5204081366263811
-0.6927466063837822
-0.807921842917195
0.27859738260917116
0.5140154886613807
0.23961071561570252
0.6417382109362046
-0.49069362420977497
0.8012580066421549
0.8446582713951336
0.9325748476256546
0.9477590168207177
0.3444697097574808
-0.7815175107075778
-0.8459769537389783
-0.9410680475576312
-0.8882189763843962
-0.9351306886816648
-0.9595615878864481
-0.6169823647304562
0.7345870321159496
-0.325455361226139
-0.7464867033293179
-0.8641129078648617
-0.3291296469687212
-0.6004387948769705
0.5286142716230116
-0.6455768372193471
-0.7287356804674237
0.073244810689194
0.47291299666281017
0.8534283792720743
0.8651329302374615
-0.5230354875479306
0.13559077093289723
0.8026550889132604
0.44013886492628895
0.6494510293213436
-0.039334404254616484
-0.08561474549417802
-0.6689184360638238
0.6983882220551217
-0.038148046817615244
-0.7065823941914182
-0.7670720603150813
-0.3372552633437436
-0.6512827124176679
-0.9004296586757994
-0.8518819577913332
-0.00513801120053986
-0.7750591002492291
0.2522212160061702
0.5675484282006291
0.8185006851653285
0.8391052208262646
-0.11564598901114415
-0.7337418437366567
-0.7421825248829033
0.2909410708537294
-0.8175255413849627
0.5960010554866001
0.6887736545901522
-0.6771246502353754
-0.8845986045716965
-0.9494982880756258
-0.8874766411352966
-0.06677677357873707
-0.6756208044613843
-0.6605707939335306
-0.20693823056067984
0.815039457588415
0.8327659612024529
0.18373428830605049
0.6162985194978376
0.7416533608615727
0.8586220771646693
-0.02631059990846074
0.7120581889014752
0.7799357424680782
0.5829414867028662
0.860809111456158
0.6991809009176756
0.8916041842730231
0.9051756979594481
-0.4947132606394396
0.6281657415002275
0.8623347708513918
0.027196553423017855
0.27640395230538195
-0.19296408540847698
-0.6177507156390476
-0.8778285695043673
-0.5782926896700924
-0.6624015625387161
0.008402209026897367
-0.6959517381592957
0.5569427584529699
0.2077132427458533
-0.5741159047231654
-0.3089561923525764
-0.6801054490776774
0.22408632439859458
-0.8038233517816045
-0.769851955598515
-0.862645680009585
-0.31159090975655174
0.8247103864186935
0.8840731241113944
0.880504291942759
0.03875156805221902
0.2562743548840114
0.6801726820751264
0.7857912808089116
0.9186825651525405
-0.059979659378997796
0.7391408774634254
0.9034202864249479
0.6718886453506341
0.7473470281428616
0.08757045206119116
0.6947221136571015
0.7960857812765227
0.29076277553324203
-0.030808096659535877
-0.6743281355259731
-0.9004194162219621
-0.7059824844215508
-0.8533000265890567
-0.09169405824517546
-0.701234463093398
0.6628851925638825
0.7553645274126755
0.8114554333732114
0.8676766848982354
-0.5112383700464129
-0.7655747606037404
-0.8277811698339885
-0.8664230855366017
-0.9540643236016595
-0.9598632630443895
-0.3093888408053502
-0.3888749461440428
-0.6008404341280671
-0.6625085120525662
0.06747707576311707
-0.7328638969941805
0.6569500562193964
0.18426903495467178
0.6470857541213579
0.307552841321916
0.6010720273220027
0.7575176107428789
-0.6099208938678808
0.022780806551297855
0.6833041331232755
0.758071077508875
0.19085754307112768
0.34581901961618705
-0.5198544584733074
-0.7745546219822739
-0.9196231267414727
-0.8771965226062692
-0.698474321972677
-0.7493779452622891
-0.8381291128640653
-0.37707607876344723
0.7876728275747169
0.8468403476621018
0.9203072110131896
0.9201464748298278
-0.4076273318702281
0.8265769940925227
0.07146860560037271
-0.7638501074520125
0.5464026607650294
0.7416590005634629
0.8429888075507124
0.817762598619878
-0.20277380336249506
-0.5869919373682151
-0.7274309952129934
0.6518953471394218
-0.7467873200786725
0.36545485545035405
-0.8047631078950221
-0.8774083186529058
-0.289078025287187
-0.5931681089810372
0.5441048900200769
-0.2310080634625381
-0.7357740484200097
-0.8046039166466912
-0.8386057173479928
-0.7399702816053575
-0.8202041650331509
-0.8516649167820454
0.22640752877586273
-0.799646828499655
-0.36672986003194247
0.6419189851898321
-0.6384968861352851
-0.6375269857977532
0.5158500860761115
0.6577079833619196
0.8524107822969911
0.18254990431548354
-0.786633169603181
-0.9259387699110553
-0.951158845193014
-0.9136365985790238
-0.8995758206829056
-0.2769299040886603
-0.6494285063104472
-0.8739142856128888
0.1459056717511143
0.34957542950008635
-0.8001077715117553
-0.9261298365387087
0.26464771947908006
-0.7969302946552164
-0.932219748117274
-0.5100430847502346
0.06453846215779982
0.6816328624740817
0.8579244062435449
0.7987076099331885
-0.605065155395391
0.2805290942036395
-0.29116747037633833
-0.5849721910148671
-0.8538981600115101
-0.9089889671065075
-0.8710339558024656
-0.9023441341245704
-0.8894713890348287
-0.8816286014034471
-0.9464091936708343
0.566760595497585
0.6972741624228825
-0.706676892240776
0.5273896990799423
-0.754411252749349
0.46220099172572365
0.052845711296615167
0.40116328471527984
0.7179986150649584
0.3943353961008951
-0.26788460347794646
-0.2420856875270096
-0.6669124917417599
-0.7444231781463859
-0.8274485753638803
-0.30417111387094414
-0.3055067177323479
0.8320711945667012
-0.5628909363172285
0.7142233357108518
0.43042188411745774
-0.26207038361276097
-0.7674156774977619
0.0017621123206366107
-0.4540667460987034
0.7552889257472355
-0.07587187193742956
0.10329187617779861
0.8014531848567221
0.913848542662681
0.19185474887816367
-0.8109385967105807
-0.6601338050688816
-0.7736893659001232
-0.8532966528055155
0.007505261907833682
0.7564041234745228
0.15401063757928732
0.6483564401328898
0.6824116786013272
0.07290215060148947
-0.749317613541423
-0.4032855943591828
0.8323194956164226
0.3466191583242646
-0.7572392913344503
-0.8235699610808775
-0.8743001527165977
-0.8608417176159162
-0.8617169337095558
-0.946219889350973
-0.9619032306505024
-0.8978005350300842
-0.9627334909221388
-0.21665002841785297
0.7360790088551965
0.903081350485393
0.9414549045693001
0.9330515517724727
0.9064674883271677
0.9074743730985975
0.895797402821159
-0.4806526468436389
-0.7594760787712584
-0.1363217991703542
0.7717456303990016
-0.5518264536751225
-0.8720209225820257
0.3081097379746611
0.6759849372805105
0.7520095589066822
0.8046122380208451
0.38137195605147206
0.6893415509729253
0.8256952728649716
0.9291203756005986
-0.08320522462118635
-0.685441189204455
-0.6430576269163157
-0.8127745013143304
-0.002146431653008485
-0.7331212355846759
-0.8029320815169816
-0.8243308484337766
-0.9371190075059621
-0.8904665627061679
0.5009538019558557
0.6346316896694042
0.18890973382240567
-0.4592215483334869
0.7444701805791671
0.8127604092020628
-0.49869631744249937
0.7766335342457165
-0.5316416669070081
0.7505708683023109
0.39856902948162015
0.6147153210329159
-0.7617266881482407
-0.7967420761715462
-0.9033798723180362
-0.4606193177467664
0.1576051077976874
-0.4911830934219183
0.8126868587238458
0.923807805757549
0.8827341373246054
0.9055698259675509
0.808990393858732
0.04183576293793764
0.6863957387574438
0.7753041646830039
0.9115064371979553
0.30739027931903057
-0.8291323841187364
-0.4505613628121646
-0.6852928205515567
0.09852966432477522
-0.7590173283298773
-0.8384847046226307
-0.878453458693363
-0.4888892135999768
-0.6179978673343067
0.4633265649549448
-0.8196778533096294
-0.8722466776752182
0.498747099346321
0.820503450849839
0.9195536844932093
-0.22835971557103474
-0.5877668965910949
-0.886220681191447
0.5953148227900502
0.7128347545222135
0.3181749251628258
-0.49246594428748597
-0.7290217662039642
-0.5997455294369143
-0.7423711594363591
0.6639802893968021
-0.6637706227862863
0.7248719169190581
0.2284680020148127
-0.8152249898013948
0.5420724103730603
0.3319737337188974
0.657436615303011
0.7150574187966494
-0.4772070882302644
-0.648745730315929
-0.8057194283056566
-0.8306270356397476
0.3358660273110008
0.615209260999886
0.8857619942298991
0.000595549212066393
0.6952181563180122
0.6960054042723128
-0.38189102825861204
0.7911773085027556
0.8549516776154509
0.4957205038170451
-0.8242886172451556
0.12298323727484539
0.5084274329794642
0.8658638816741178
-0.5601991766720009
-0.31372996378005996
-0.5724871919718009
-0.692559293399647
-0.8350643333611032
0.293660828362119
0.045017292353140836
0.3017261596877906
-0.8289917824113755
-0.8442360419188655
-0.8483755220735709
-0.8661930122587913
0.08887033921697446
-0.2386443869631461
0.7344719540128479
0.9053145400039555
0.9183477813792384
0.9039105998958439
0.9034046859601172
0.8959548894813179
-0.5235531837864214
-0.8002497389198839
-0.8236476780886968
-0.8398598743558978
-0.8727837078248213
0.39676081592176204
-0.3269621138715863
-0.7493309694928794
-0.8159159118478896
-0.8381155002742682
-0.5028378133155424
-0.6405429462037397
-0.7845461918467522
-0.8617243461780659
-0.8550325340918523
0.3282139194384092
0.8476761861474285
0.8553115086289615
0.6067219804834265
0.8447969785078631
-0.1966809606317208
0.7916731272698536
0.814850353951118
-0.0929636140845519
-0.7025030865886035
-0.8198732979055834
-0.033819042289346846
-0.6935494819116197
-0.7827636998574312
-0.8195770616630014
-0.8326426811308283
-0.7301273027409592
-0.8361183565621033
-0.9291871802140117
-0.5906647029817
0.7364610736994746
0.5574539031469145
-0.6433039618875749
-0.7634189502876174
0.015055883992922792
0.7761169023782126
0.8268931057615427
-0.014102163885805985
0.48809021652096235
0.1612028022543293
0.7339213902294845
0.7963835573754785
0.23060322660796173
0.3542666900953339
0.6117347410952847
0.8506139467469136
-0.4131738585489549
0.4075421116205745
0.6266275871025605
0.7546525566013018
0.8739266208965164
0.8924537286557195
0.934684327157147
0.9361743625250629
0.9152765808847674
0.9199422974124505
0.94964369376373
0.7474010133791824
0.8071054264708826
0.18737978595281185
-0.7907533468629893
-0.831896364743751
-0.866607553822442
-0.9338017595140304
-0.9075241408759418
-0.8813242963778445
-0.8705006693271828
-0.9466092165913247
0.4850339031651786
-0.6164494010847723
-0.5367543294617221
0.7812587059906191
0.752564952014096
0.7911870174457285
0.9183160849620287
0.8986067443106527
-0.3754921870785875
-0.6236047935317965
0.7210660319725608
0.7936838247175104
-0.5108813298871273
-0.8687854451060817
-0.5413109317890472
-0.6454349242314372
-0.5327079056831465
-0.8216482923332376
-0.9288345243190248
-0.8987921285764204
-0.956520732633896
0.13551688146031432
0.550618311380823
0.6712610605650038
0.8456389043630677
0.866632638834155
0.9309819652743356
0.9066735960721863
0.18293740403377884
-0.7375412908222703
-0.7995502056763242
0.2641821807169729
0.659304961931366
0.6165636956510774
0.7351983055813638
-0.5806599100536054
-0.6740445740278116
0.3038072420966105
0.6145452212219071
0.8302861927822993
-0.09230116702093011
-0.026642529479263932
-0.6444208340804931
-0.8790950334347611
-0.9160282436141587
-0.9572909013926829
-0.9361770684253496
-0.9464155630590574
-0.9340242828542327
0.5182977892906395
0.6402625679822792
-0.39659150610445154
0.3339186363174505
-0.801330745126674
-0.7310040901760586
0.2185409810653382
0.718012346713216
0.7732395290822092
0.8107268625890482
0.333043424935801
0.7468408449510793
0.4629197471013098
-0.6228360650457707
0.717145109587388
0.7928882262173813
0.8298063482091889
0.8635898350177174
-0.5758403037972262
0.25898643660657733
0.604790077935173
-0.7575973347019302
0.517378376898151
-0.7738620421561042
-0.8254446366449664
-0.8470957456911115
-0.9279518470126575
-0.6226895588789108
-0.7853558304185158
-0.8346088418349344
0.24465741385188308
0.3597155700446057
0.7692503060919673
0.8775099323012494
0.40305772656510563
-0.4599465551358
-0.47773940135628973
0.7527333043104273
0.9050799508695704
-0.16975276654941618
-0.655798094329991
-0.1831648179486713
0.7912643351781725
0.7162694722973448
0.8236306827044753
-0.41497044174609704
-0.5801531344149009
0.6052542325437174
0.6911890524374597
0.8697017139236769
-0.5421400340880578
-0.6476376497104654
-0.6637581771652075
0.7045277139786462
0.8655094427157959
-0.3043307402182654
0.38880505632892126
-0.8214451279724386
0.617979885258292
0.46050569559092724
-0.25004116542537286
0.3320461082121349
0.691059468193023
0.25095937325893053
0.3048624048773578
0.647491575813515
0.7395133521063544
-0.33498067431548467
-0.12940754605719573
0.7786414350066722
0.8072099168835118
-0.6063423284128184
0.0544729488071366
0.08659275329769178
0.6831499408772889
0.7682638131238197
0.8266525815267451
0.869761630908217
0.21189269142986858
0.6916239607905679
-0.5351215214428997
0.6786592391466779
0.1804246239770239
-0.7978790614965512
-0.881047040702059
-0.15565129067222466
-0.6070513849238741
0.5968193469818921
0.8014848307644158
0.45583223301339887
-0.8000584968892921
-0.8965391988042275
-0.7407953907268205
-0.7824454829173535
0.005173061526081102
-0.7191855576162729
-0.331265133404919
-0.8136861263445894
-0.724311302731431
0.7002835992900012
-0.6273296768848924
-0.5309775590929153
-0.7946318196986062
-0.8173961091415884
-0.8033156297194259
0.18425594950883137
-0.8036838063769975
-0.2909567977943924
-0.5829500870538218
-0.6934672762730456
0.49458589409552933
0.7501706023768564
0.836679376714182
0.8471233688040187
0.27684417810465733
0.6824765243738322
0.16622129962378435
-0.12202384265713112
0.7839625836649018
0.721473465427829
-0.6776765905491762
-0.7366596411617705
-0.16687573358099367
0.458953553983232
-0.7790158899713462
-0.48090030710190373
-0.6695760543671483
-0.10412504391270616
-0.7595007089809811
-0.8471242456843493
-0.7601362848399529
-0.8786480235624416
0.5464476899559043
-0.8058851117801675
0.5367154905509812
0.8807940863211383
0.8752880543239294
-0.2462083835101198
0.8010233385580048
0.8314775379454846
0.024402503105947188
-0.7342229883354343
-0.7957596003959353
-0.06654515020261015
0.7769445558588144
-0.6679880404485199
0.18344264438224922
0.8011589641792396
0.8568651086165944
-0.5911328870279375
0.02404070793058785
-0.30509087223843184
0.7131676870810322
-0.5370629064538739
0.006702379452896423
0.8034309166100406
0.8230649926826741
0.8371359304519823
0.26961945803132287
0.657354237658114
0.767606195801219
0.8099729282141361
-0.3254443242035578
0.7466314875163726
0.8045229357413108
-0.4530047755038675
-0.14148039816762442
-0.7317378065806104
-0.8472590833752758
-0.8698848651481434
-0.7777825659096784
0.6291267893117649
-0.18820483229254076
0.7925466249196509
-0.6057429157422136
0.7252204840575683
-0.24918687245410792
-0.6765507288259147
-0.8083906745264346
0.6203199893034448
0.7075000619323242
0.785325356974307
0.9002661757660544
0.9084361058009272
0.3771434008180966
0.6851805490614534
0.7596463671637075
0.7003175044423784
0.8988042147566375
0.9432295315947943
-0.35311203388089657
0.829465980574051
-0.36087352404400924
-0.6045827955621907
0.18948577954777973
-0.7886910543264409
-0.928227668378923
-0.16681705178980433
0.8003085302579378
0.22720953672616986
0.6286112792682276
-0.6634300430414324
-0.022359939324714306
0.7315088849701197
0.8341853734648894
0.8645453450277083
-0.5643631903536637
-0.7404569535892576
-0.9048277526695852
-0.8823758292481914
-0.26646445629083776
-0.6018811099288095
-0.7533191173501164
0.543010801242616
0.6984477759646038
-0.1148642099230946
-0.6279091357053057
-0.7754467671138983
0.5388329762846319
-0.09068979474863703
0.7333282476510576
0.726148273724184
0.7785552913804996
0.810135034104654
-0.5246076582421368
0.7959963780549921
0.8375382243403764
-0.3191365761234544
-0.6171674707923989
-0.8246477034211377
0.6438714741181335
0.7175916747665663
-0.6891519316371306
-0.7488441647575212
-0.8075305946334308
0.5835420587069975
0.6833570371132736
0.7595578500039137
0.8730191064373682
0.8976985333706688
0.08509336614046178
-0.7334106674186263
-0.8228838204103681
-0.8388604209615151
-0.8495197792655114
-0.16872930787598828
-0.6073303045292502
-0.6999003463797322
-0.842669296738908
0.3578961539104567
0.6269157833747873
-0.5318358332952291
0.4893757574389589
0.876870223539379
0.9136938427195813
0.8989108314273706
0.060680121215763244
-0.7443277035328104
0.5512654669459373
-0.3973102362166607
-0.6061721142530727
0.7529065978473046
0.5935618946470779
0.745345263296073
0.8307548956575739
0.9018453246446738
0.3689446465854852
-0.2904646854096458
-0.5992960898837569
-0.889987541861825
0.48129852554541996
0.6356333380504812
0.3297455944290195
-0.764798963564729
-0.8037559229973412
0.14598354131258862
0.6726213563912828
0.7950967664334638
-0.09923980026537871
0.7983045788071879
-0.34555997690749457
-0.33678174798832844
0.8389198301884546
0.015259944602654618
0.8039545770436705
-0.5578974520169266
0.23327294848991542
-0.7968930688833054
-0.8353484817979993
-0.8318714932728
0.25689840123324487
0.5047299785806151
0.15180746024426278
-0.31324571572438537
0.3713115460737732
0.8394262059476982
0.8285387203573653
0.8497605182607526
-0.46946479908318445
-0.19376596880884345
-0.6103772112338643
-0.7094575909249266
0.49388630317900983
0.8659208330727508
0.8365464499513229
-0.5666762400311789
-0.7585613923894041
-0.8374062647826637
-0.1217978048831555
0.7647404083439515
0.3739705618003918
0.6573912654451571
0.5083649568541262
-0.1313572110452575
-0.722317727322449
-0.20602558642102087
0.8055436212469447
0.835075814727237
0.897217948628932
0.430230580507048
0.04205627074454907
-0.7422247295309035
0.5469865620888559
-0.7051974030371033
-0.6262888290231527
0.5870391218534248
-0.5515642916903312
0.684829678996427
0.748925388795117
-0.00883977925672258
0.8017924336258782
-0.4652830570004362
-0.6132225040874177
-0.8103167403571074
-0.9195547121434315
0.3124670969814648
-0.7920664243634614
-0.8792418549708632
-0.9476804097873437
-0.8895921873196702
-0.9232224969760032
0.030978708123109683
0.6801803877793975
-0.28983766210167367
0.80011334807666
0.8200203304626894
-0.5084477373615808
0.799291218901345
0.8292157455876898
0.8926568503283596
0.9145024996965514
0.44831772112870244
0.6365768833609403
-0.32770540323216196
0.5482122930116746
0.8042198287126603
0.01513661750412465
-0.715615776977681
0.7065845428505824
0.7633708271518158
0.8078159926726709
0.9235494045426478
0.9308022684289938
-0.29111962324668733
0.5296096361452759
-0.3127118336408074
0.19283803690502627
0.6698099100513875
-0.0721102021159104
-0.7268434870822109
-0.8262738234940887
0.40794901590662297
-0.050947852244066005
0.7458502597393448
0.9058619388759774
0.89061454641413
0.7433540011349269
0.70236317556228
0.732506905332656
0.7162590736869395
0.89172125363121
0.9422822350014306
0.9114864766852573
0.5836145541822857
0.689997103584227
-0.18288690999615242
-0.5903162489429745
0.6914088856129967
-0.3871009719669742
-0.6183837094046802
-0.7247469635896202
-0.8219902984390446
-0.6063778900117571
-0.6847479164157264
-0.7408591589459286
0.45723553850830434
0.6260412758803152
0.8497331005100952
0.8520336691909005
0.5419691728923719
0.1907320103441921
0.6283336208176027
-0.5329687904323579
0.7110167451111924
0.8252945684267634
0.8370715149969434
0.8605213440106976
-0.38933221486553365
-0.6440523574738548
-0.8387185723066841
0.5156268219403128
0.6700736445263931
-0.7189523831653033
-0.7967573073676775
0.17745945233420185
0.7802339304640249
0.842132241098875
0.8903325769775785
0.905654959480011
0.9463500458053842
0.9166743819643428
0.9285043944650606
0.23233800190289813
0.6848323497489621
-0.2836242764657328
-0.767823853452321
0.5774837244681963
0.8065457660499078
-0.5315256001563022
-0.6923682225338446
0.5536385428626311
0.6729027318984282
0.07308651374847591
-0.7395968746043302
-0.7762502404596323
0.4524966717953622
-0.6540804245327516
-0.16083888129268364
-0.6979974523019898
-0.910214844375252
0.336914992328633
0.6495421433022495
-0.3348718830153115
-0.6233554251689248
0.6557070764186415
0.8683075726107521
-0.19182704742760487
0.7920920325889516
-0.2255668668073964
-0.0186045274639845
-0.7526781285715292
-0.6776978526179782
-0.8966857426614259
-0.8815547813959852
0.4323905655629994
-0.14300338528159923
-0.62903832801284
0.011216590315463154
0.8001810882799876
-0.5778640526611984
-0.7112644586817392
-0.2908856354163623
0.7474231434866238
-0.16763601233663122
-0.7683654393398176
-0.910386504561385
-0.9566330273624839
-0.9161887339129244
-0.9396482438570228
-0.9085328979199261
-0.8775176089070629
-0.9564169945468641
-0.20372809832333277
0.8078171397700864
0.8370984216661841
0.9219283308647692
0.5295265616633111
0.872977389399751
0.8790424393180354
-0.1012608497673615
-0.6470866988896331
0.5934622597669883
-0.7332178545236245
-0.8662843859667004
-0.8541536090214714
-0.8211859738875658
0.5991980745322032
-0.7609954836150692
-0.5574088787354858
-0.7250308566475099
-0.8228337502274816
-0.32461370357607394
0.8296753233112126
-0.3701640719474886
0.8243266638726283
-0.28350791215705845
-0.592801105204932
-0.8474001007180125
-0.10116128580734035
-0.6610047150417095
-0.792849159700628
-0.8456453416374738
-0.510860794172068
-0.8279533121668508
0.18085953806863686
0.7216171132185971
-0.4000614865684062
-0.06710152371939976
0.7661171104116318
-0.25985204697897907
-0.6574146089323452
-0.7479305835472192
-0.7897790133357534
-0.06201135921974138
0.7373082354082074
-0.4029450738397518
0.7745005446464941
-0.2985373781431741
0.7339959334945225
-0.2516021465488301
0.21073423969989558
0.6911692162707275
-0.7258667352354047
0.03457422095505125
0.7899664813858951
-0.6383482427872516
-0.7012138243822565
0.06123568351033404
0.7309317001989942
0.7984568358090449
0.8376357387572353
0.4625652117431649
0.719298132992988
-0.41769909832963853
-0.7186822284676806
0.5780967126504608
0.8401661741549695
0.8798269025752639
0.8764761951114435
0.8849370837640465
-0.05036173602808608
-0.68018886360169
-0.8701989136888268
0.3445441009916937
0.6685554513898362
-0.4357517651788771
-0.8485099645673988
0.4952408854067718
0.6538727944188303
0.7624858043642762
-0.1072933275974417
0.778175221430718
-0.6310511996074821
0.5106271294841208
0.6844251250486255
-0.5477367633952648
0.7915045054287086
0.7906684027842565
-0.43094573817653453
0.1762338706706299
-0.8015772350092327
-0.8370520174596634
0.07455700556869171
-0.5445997224706769
-0.5410656258442637
-0.875550020426634
-0.7731538279584493
-0.8166160053711782
-0.41694711150130365
0.3043056792582971
0.833275762169305
0.7566193011049922
0.8995881485327206
-0.21606266228912835
-0.5486670307859116
0.5739565831111353
0.8365696995510601
0.16974323948323133
0.6845127174543149
-0.020658504026368985
0.7234101090923413
0.7839172218381834
0.10153032491391481
-0.7497295831304549
-0.9131522553782399
-0.5811029730850046
0.2182119254041749
-0.6973250167068406
-0.6712421653019163
-0.7859663140361022
0.40463671878412855
-0.5201381567718106
0.7530564493348894
0.18919349782782752
0.36246357477369656
0.6053293375863882
0.47018597787830224
0.7484239626554743
0.7903079277260512
0.9146149542849915
0.5975661800774009
0.8017137341535452
-0.6106756290585829
0.3053190225673814
0.23882319353223297
0.8104080001282201
0.8372154858765608
0.2734197017065897
0.6099785382995501
-0.4403561167271291
-0.6775761763539903
-0.6923780570882112
0.6408675512832387
0.732489749762727
0.8907897029981293
-0.2012012449918662
-0.5108071494954574
-0.5579565909343069
-0.6544834024354202
-0.877606177806729
-0.37432132016807446
0.7878854198872005
0.9150207185575381
0.8362317251716691
0.8888613369908187
0.08668614151283552
-0.7519872467486641
-0.5457351498446785
0.7673313563485877
0.11421351982846273
-0.7886235729697513
0.45161345135262837
0.8062880929091085
-0.4605926190652438
-0.6048906324889882
0.3273191817612203
0.5995985736238594
0.7230905770491847
0.8808653476680615
0.9397204975780269
0.9367988505973204
0.9336207174201065
0.8472567792959882
0.4181084338917096
0.7706445515965112
0.907175821229049
0.8969084899721405
0.9273219199246696
0.9480719955784891
0.8989493817326923
-0.4705785920772357
0.6826839627578524
0.7576622269464426
0.9024668554308788
0.9222390310147308
-0.2817958601076371
0.8102562070805663
0.910360251785125
0.8979223085174719
0.886913887448536
0.921176522187801
0.9204063363615058
0.559057293612879
-0.7984975307595568
0.601177931352584
0.6937327844139904
0.7520510831193861
0.8821203477321697
-0.09807178429950386
-0.6072791406956659
-0.8963516855695819
0.5121774233195453
0.6195517894216855
0.8831467344237975
0.9320412778551719
0.9146394373013531
0.9413891053973145
-0.45969657475594233
-0.6241779750945977
-0.8282116598161238
-0.8468761036799142
-0.9059063102269946
-0.8713103062212313
-0.8951360284215308
-0.880067635462197
-0.9061000110960533
-0.25054568031837215
0.764585337648517
0.8976260071806179
0.52032417853007
0.6612430865901493
0.7467580109467307
0.888656983083719
0.8832583456059571
0.883086340371827
0.8961133531776873
0.9300125166333189
0.3901883585182315
0.8115916587328789
0.8308826368970363
-0.2951179187258674
-0.7577343039489159
-0.27122922502203256
0.7371745414678701
-0.6828541182960826
-0.8015253673345653
-0.8531271688037656
-0.9280429083441311
-0.8828352640827173
0.5762546048462885
0.8678525510048096
0.9245843858705194
0.8800694614661511
0.9231331255076507
0.16026465981072335
0.1373186826282587
-0.7513039487481588
-0.8507600986252799
-0.8379525685977052
-0.9040460886130326
-0.9090207977237388
-0.20476998622004766
0.7401645413717317
0.8867181509882323
0.9427834298037392
0.9563430810865512
0.9369879049455767
0.9576475475641866
0.06790121596531928
-0.7471958650339541
0.5539552570158468
0.8547963601879056
-0.05983223409539806
-0.68470314455028
-0.035486662832048765
-0.7191727568863862
-0.7578640489390649
-0.8044037747187385
-0.8246616989809206
-0.8366370722566117
-0.05149848913833138
0.7823621782461163
0.8097884433955149
0.5830030294290537
-0.3719758076392217
-0.5543931702005249
-0.6677530741966209
0.7044031095473262
0.7692358562127835
-0.6212823717628468
-0.8877881378400532
-0.22263298495568523
0.1347126407592681
-0.7870356016403282
-0.057521181362168994
-0.6613514162350527
-0.8010467877172711
-0.8500705437671012
-0.9011366313506322
-0.9003530765899856
-0.884862561080358
-0.8841887343866897
-0.7197711775090523
0.6400148889003393
0.8761162151014454
0.915587300797229
0.9479856258461126
0.20437923717961168
0.8127896372849639
0.875685561620485
0.42846453229866865
0.6957551453694836
0.8657810347109074
0.9173095421600652
-0.2052713743179922
-0.6991038572030956
0.24751285862336853
0.7359203521699114
0.42516102275377593
-0.4985821673478292
-0.6163828990234121
-0.7197328385033228
-0.908305395878831
-0.7239598820610054
0.6491529127990693
0.836238780887802
0.06977391219503695
0.003766557509503332
-0.7636731852523613
-0.8733938932843412
0.3427597234175793
0.6914968276477621
0.8931880504279055
0.88185753055615
0.8968714928814403
0.6938180714493598
0.7627271331735255
-0.4726317294391809
0.8074175634961926
0.8691186761522216
0.9342667726179283
-0.08615411834525899
0.7924585274764429
-0.4690764315918428
0.699795734057423
0.7662056625943428
0.8983192417347698
0.9449543275790278
0.916549002679862
-0.311840167955631
-0.8038585370677691
-0.4750895517848868
0.5124424969665216
-0.8066428909895917
0.18035395960436668
0.6242618818723467
-0.29718472531774515
0.8346343531575071
0.8713063783037636
0.868824506492593
0.8232832582887657
0.7211712599351014
0.7681250635163801
0.5426619517807103
0.39760531182159586
0.8659945790805801
-0.46346985576318395
-0.6005913910593241
0.5799248699208243
-0.5147546894717714
-0.8142412458313841
0.5412983328880758
0.8139951685576217
0.8550958821217178
0.47179118931910713
0.7016310774970594
0.7770779852014207
0.8223939150642026
0.2659313259635447
0.6172441912015048
0.031019408193047382
0.7010599555228183
-0.6362984261829083
0.6216083322920779
-0.7231999239753997
0.42645757487634683
0.5666454817682715
0.8752812850712868
0.8668884651981874
-0.5731516519001127
0.5299581055889759
-0.48491355146723275
0.7984556016962163
0.8159050440541038
0.2463689787866786
0.7125455077306859
-0.6595879899047479
0.6528636276567046
0.7608592001858587
0.38986886771837737
0.6674862657586064
0.7568304780094327
0.795196821348318
0.8579243275257464
0.8645629294530355
0.8872832151780696
-0.5075894111163184
-0.37886295167280565
0.7859886173687274
-0.42963765770927426
-0.6156723325776774
-0.3378282850391147
-0.5697956577916019
-0.20805592762352665
0.7993862294710297
0.9175104887489047
0.9448179433209121
-0.40307318987723845
-0.6513894917237517
-0.8425535153488799
-0.8473528444524991
0.20660549746013812
0.3505867394004628
0.5984330098195898
0.7358892344216712
-0.2950931462769943
-0.5661541067900395
-0.689619501106737
-0.8411098500291201
-0.9392759441550329
-0.8344390514576698
-0.8672100062660208
0.5482891280981363
-0.6636417168692763
-0.8003572071642284
0.36016983407039294
0.6895516810407425
0.7540837690734083
0.8480529611066749
0.0440460509139988
-0.3551172317416305
0.8166476652171086
0.8898947570617934
0.6723109471487938
0.8337335691884851
0.9285631129097767
0.8255607930519224
-0.6123449838156267
-0.8766631961027243
-0.9293276736934915
-0.3931255500833009
0.7593535979877577
-0.6808495474773615
-0.7761386116909839
-0.8575928740477206
-0.5554109570829724
-0.8585790186695452
-0.850821446256685
-0.9348325707694396
-0.928916805748041
-0.8804678880855001
0.4431965128050931
0.7449294405732576
0.1868621162702651
0.7676623933358582
0.8182796489067634
0.7094045215973832
0.784070575475527
-0.6215297052535615
0.6930936077740114
0.8009375050653538
0.8383453476335498
0.9056839267194636
-0.1412966190214912
-0.6219266937602645
-0.7255465869689595
-0.5000408855454788
-0.7681453225306096
-0.8030315733620947
-0.5342801410064166
-0.7068569964526259
-0.832818215815387
-0.573464999650066
0.6124942636751207
0.009731997571415213
-0.7674718666708451
0.23122714575175912
-0.7615821297698908
-0.8177393170771201
-0.9385191801255004
-0.8548854440445899
-0.8525372377961031
0.45116399710168265
0.7866705824148545
-0.5963272749028399
-0.7283682381643137
-0.7740946880428079
0.2151055814700974
0.7905178751104582
0.18413433447365596
-0.7285968855570066
-0.7651552105324273
-0.2171452996756369
-0.4605651736500099
-0.32007696547006664
0.8131470218974508
0.8469568196899224
0.8607322259128527
0.8700712905700383
0.8694201443114926
0.9329172760401405
-0.4919109790806528
-0.5475186502942282
-0.6541779200541291
0.39764975275178566
-0.7413514821292309
-0.8155734396059111
-0.8330711107600228
-0.9159317551856867
0.34456290479926904
0.6750642120941805
-0.7294021903694299
-0.7943124260347163
-0.23221224255163453
0.6882536136318953
0.811333801787087
0.8341358806710077
0.8990187155133813
0.8979451769074602
-0.5128411775380715
0.7211864500417599
-0.06197806812889334
-0.6774434120098971
-0.8960306061074483
-0.7619935950339853
-0.7954977566758827
-0.8139622644853586
-0.9017604437781455
-0.4154882879325699
0.7129207390499547
0.7596492489258331
0.850196034971046
0.8779561344770688
0.6501408025530753
0.7288943498929221
0.5931490021985132
0.6988623459719503
0.8747635249692112
0.870853532918592
0.0009299802136116808
-0.7702998053906849
-0.7205761907657131
-0.7680022301372638
-0.9169222978841223
-0.6575794111530211
0.17760367698265062
0.6499571381010065
0.16163885543018738
-0.05043594908908017
-0.7051248501763363
-0.7742340908281187
-0.6252127159226173
-0.7326803871630345
0.6367047816814055
0.8797094358409909
-0.44370267989039475
-0.780899712392578
-0.3011089030271085
0.8105682666867338
-0.19339452639483418
-0.517168747226749
-0.8462167088429018
-0.8816284573848239
-0.8622403874774349
-0.8606273971878418
-0.8346506602343662
-0.8537614207319639
0.5073673366152588
0.8192119103350486
-0.37318492207424764
0.11222720269060985
0.6763678525080226
0.7498803605237295
0.800566780500811
0.9157834266724039
0.9038537185586923
0.9319386143360926
-0.19567398037571992
0.7880671403907562
0.7143476562090769
0.846136849981665
0.9277573090621654
0.363751470451502
0.8396832243376382
0.8496938943546208
0.13261960781538576
0.8024087217412099
0.1896554195802902
0.7524444500687733
0.7448194952232032
-0.08960596965046402
-0.6521483318306458
-0.7319511499651123
-0.7970116324284482
-0.7050046873612879
-0.7159894285989159
-0.8468399922686303
-0.8582372268834841
-0.8060516554145662
0.6025052640488797
-0.11289169108314506
-0.668653307614729
0.7311838150993295
0.8081953951625744
-0.6040820601029655
0.6205385127221372
0.7920822934559872
-0.5916448054575658
-0.7173570942157992
-0.6792779156633146
-0.7864730970055849
0.09186354192681681
-0.6745772389645568
-0.21250283288465577
-0.6504178950529866
-0.8125287819198335
-0.28557293499161646
0.7342908799007235
0.8269136279028468
0.8812677020818624
0.8763272756152725
-0.5608583872610473
0.7838472620225618
0.910978076676942
0.38701072605928294
-0.8216000107094419
-0.8479491209273673
-0.9358948056729308
-0.8950041436420517
0.011704667575057615
0.7037077481726546
0.7847636734580377
0.8630126379239322
-0.3263710818292695
-0.7753444512737184
-0.9170609769584508
0.2885694335705855
0.7921067679705243
0.8498842108033551
0.9245832442371942
0.922258206725346
0.9483017867348724
0.9196891006019914
0.9065100520552993
0.9479531757913999
0.9468130171511269
0.9366567595197168
0.9109929031040016
-0.30732536761565304
0.7649521768259151
-0.1323619608279346
-0.7473557092381051
-0.1147278796911469
-0.6627829027532275
-0.899690675767151
0.19836805206732297
0.7515815337047157
-0.19198907281127325
-0.6368000704863939
0.1411162450710573
0.7173811252128536
0.8932744615822077
0.9387894190950901
-0.4978024769290555
-0.6486157197767757
-0.7359872896493616
-0.818463029454195
-0.6403737947796637
-0.7454684190880625
-0.8311546903950422
-0.40682574625772244
-0.8436158984088746
-0.867298031586466
-0.7835239731884998
-0.8525566808071345
-0.48715539531885316
0.3863605906417065
0.6876174462825886
0.4658229176752771
0.6328647095308084
0.07317620061234112
0.6225853016372898
0.5168805009043528
0.6691489970203692
0.8289050473599266
-0.2646782482708873
-0.5702502344329516
-0.7327676586057508
0.5730423409624288
0.7076207045636214
0.8513247555275865
0.8729099338739634
0.15283975453126292
0.801185947818648
0.7750960117919472
0.8741485979191674
0.15519642318567123
0.6243658549854489
-0.6570343386238229
-0.8398853277474045
-0.09505223194184559
-0.7605491872078909
-0.6792282803560057
0.6338934098017854
-0.45692608724571077
-0.6139225962486075
-0.7665250950002218
-0.8027389135963732
-0.911215819110186
0.5453452563185022
0.8771738871930128
-0.2772634740014361
0.8177867477616907
0.6589219287877996
0.8787660961694888
-0.5368241285038928
-0.6417565267856413
-0.8601799357686095
0.3500795415765228
0.766647581801476
0.8306074314904837
0.3503272230582095
-0.7934024704272502
-0.8312817213547594
-0.9183380529728513
-0.9394899854002745
-0.8818153238631279
-0.11900851760364961
-0.2807331054703566
-0.5045265219361739
-0.45445507685366365
-0.6240066709608989
-0.7536395292827449
-0.4310412817773814
-0.4433729667157749
0.8172506769278398
0.04941376838304812
-0.749797800978113
0.3226216243483374
0.8422510182181913
0.15470257274152835
-0.49982317565555595
0.5167863782452735
-0.8110996600683842
-0.4877064833001786
-0.1022201115774401
-0.42882690116503225
-0.7046052215013088
-0.8137580570435787
-0.9294269616003257
-0.9429968163185769
-0.8879353781402097
0.34885944954608206
0.13130083297247738
-0.7914507653413645
-0.92724240193838
-0.949007538548752
-0.8903553759016742
-0.891653976226294
-0.957208400578412
-0.8945931381678456
-0.9082198986876013
-0.8789239377782121
-0.9446007150932554
-0.8945965066296471
-0.8979083050159202
0.5089240151748078
0.6564098874265665
0.4806844372063926
0.6632375990034582
0.8910462826632093
-0.08569858871748742
-0.7574132021604183
0.10461583717703837
0.798478148780599
0.8571085201212119
-0.5377148426063689
-0.7213472327585748
-0.7870814373720456
0.13254756905168816
0.6011598645973488
0.4323077231277822
-0.29002017261919616
0.6658955156783126
0.7643415944354035
0.8409302329215842
0.895825918670319
0.11611868857526608
-0.6786534653203404
-0.7826805556255552
0.5791276217150556
0.8810532055733313
0.9396921298350998
0.9483074380879675
-0.15211950319037132
-0.6076752142959547
0.6242901012278688
-0.6176697465096042
-0.8915821855540129
-0.881921089083539
-0.9398363755308241
-0.20446175803201488
0.5481525996104598
0.6850651048861063
0.7606133218701459
0.20256783343914733
-0.8120446051240546
-0.8328807026278051
-0.5869321005298103
0.7278115722494023
-0.44688927006769635
0.8053215989247147
0.10403088441548064
-0.7748424275702697
-0.8085188579363414
-0.20809708841300434
0.48905674378341335
0.8075353541367594
0.8904131272989393
0.19965817952895543
0.7531046752755305
-0.10011175008826301
-0.4673379398798117
-0.7228581810683579
-0.7181620512100959
-0.054539371000903
0.7407839598655086
0.8994878837542557
0.9207547210876477
0.9029710987740691
-0.3544802882438695
-0.6102072721440426
-0.3179631232350461
0.7965579372411034
0.9123692272750239
0.9065086385321341
0.7760360648055402
0.839879451870938
0.8634684497631873
0.2594876283234712
-0.5007541885537836
-0.698835974247799
-0.8000998260360572
-0.40477374571755015
0.7602460884620841
0.7920827202225018
0.8670080375688014
0.8698679871327235
-0.39102386405046113
-0.5892570253582361
-0.755222451784759
-0.8494445977224228
0.17889287360135914
-0.785685850736813
-0.8004939778246125
0.6398747686240144
-0.3960066751199603
-0.5802246809357214
0.028546444767949958
-0.7300491404841289
-0.812961402360592
-0.8279795851498748
-0.8613258305624902
0.2340872946125017
0.8046788704136798
-0.32091078079687557
0.8285687401402593
0.6163698178196801
0.7872266711977733
0.5333465563625757
-0.3838785037732903
-0.5744826142911545
-0.7017606953943669
-0.808172104086454
0.6100861872338972
-0.373185553744177
0.5447656847299341
0.7448637194689989
0.830996468346078
0.8496440174365079
-0.5684296490540566
0.6434431668624139
0.5822982903855694
0.6887515717994286
0.737403335127786
0.8515189242244365
0.33530290205297286
0.6064230570122306
0.8843595012556875
0.8884202950979398
0.9417775576895264
0.9225784291412622
-0.4007138458024239
-0.8407589035807754
-0.11067849775670952
-0.7502560554268836
-0.5786174278951715
-0.6931713570895623
0.4753751719388095
0.8217103257933416
0.20651963310525942
-0.7896798785334038
-0.7929047691471431
-0.8830618867056281
-0.8654616521402296
-0.8769036670033519
-0.8615745593641391
-0.8152707134092279
-0.8333524697920485
-0.410089629167349
-0.6822691990601086
-0.7536194930823694
0.5700097483976359
0.7201414135159934
0.8626354745345854
0.9337868829155556
0.9309169988284836
0.9529572307346554
-0.015212147281680688
-0.7621555387900207
-0.6617249947512915
-0.7395793787466804
-0.790416974093014
-0.8657462048630087
0.17198377151006067
-0.7998718850062856
-0.8507601501128457
-0.85691054194753
-0.8199694771488386
-0.22236011409314932
-0.6400422600670974
-0.8808857792776115
0.47824565313539613
-0.3455258589415671
0.6020894552599947
0.0285938375772726
-0.7244108917713359
0.6264134893875151
-0.028220396340587484
-0.691509030059172
-0.7823001211062339
-0.9257698366336171
0.4938670262828797
0.6852166840378745
-0.3971884116633066
0.5540840772619363
-0.5376180822622987
-0.8530232293472932
-0.3207609576170029
-0.8166057759260379
0.400221598811186
0.6128527715209424
-0.6982937282936996
0.6835755486764314
0.8506568297116353
0.8950250850204202
0.33324555350384605
-0.7601868594211174
-0.8997644938495919
-0.9521883530174786
-0.6224928793933611
-0.16652931586931136
-0.6016507124478145
-0.8624586362335984
0.3253489271229779
0.7721843808389044
0.8960094289122589
-0.483157544135046
0.8114936359473901
0.5082673229314926
-0.7900432903017927
0.593226946379563
0.622056115835343
0.7433416031060904
0.9041005104276607
0.8952027555594717
0.9443308420248175
0.9478328391667445
0.561720692128387
0.15551076925687024
0.2945326334388544
0.6038354750716511
-0.3395639412834139
-0.5699942151715955
-0.7597721774144486
-0.5082841071660966
-0.6498051661254576
-0.7289768415168427
-0.9128895515695783
0.4277457508613881
0.8134785887475726
0.9028391077680895
0.47146408636925674
-0.4644489109699412
-0.6068583205997435
-0.6340376412816553
-0.8159260656408234
-0.33094564692341405
0.7425670190445569
0.902365347989665
0.8980363099093767
0.164266817107496
-0.7788550751560592
0.6043283248986742
0.8259228520451043
0.8329647998907057
0.886396098609779
0.9285009306024679
0.9067626320774433
-0.19740072173796125
-0.0262969057145776
-0.6704559632556764
-0.8486809306750056
0.2197063840564779
0.6501258340569099
0.7221089195726611
0.8751216550193266
0.9244344352484453
0.9051802415617121
0.9280975031241177
0.6522566673630235
0.7289782447466417
0.8825228289795224
0.20706042570603528
0.8089964977236566
0.449018346887436
0.8224271377243508
0.8311536022631969
-0.5941177641287787
-0.7251243418526743
-0.8137189915949505
-0.853111259142896
-0.8607275565298231
-0.8782047255865735
-0.5326823450371694
0.7825364738445961
0.8320891682686029
0.8648917319996503
0.860556196806419
-0.20770930382401115
0.7867235601306954
-0.3927025195573726
0.35708379126219014
0.8586469013051381
0.747603753473596
0.8282595995949777
0.8437888015338106
-0.5990450280102455
-0.7401098613525938
0.543953760525246
0.6693633100210139
-0.329533340922098
0.8155401578660864
0.05682730027167643
-0.7282347397056701
-0.4303409635988669
-0.5871231414996858
-0.6260759586423943
-0.7018297180377098
0.6908488157143009
0.8071782344522889
0.007552790723128866
0.5388978011546856
-0.7804721105582746
0.5614656948869685
0.7693463356366557
-0.42564988535803844
-0.852596993663514
-0.8579588668066047
-0.8648184565284776
-0.935014633412597
-0.9369291967178983
-0.8910912743781987
-0.9623083191603525
-0.9248082061439156
-0.9591642885576928
-0.8859099258464229
-0.9006442747899002
-0.766737787209651
-0.8804713640541533
0.2292424181596195
-0.7975761147243152
-0.9223229153849353
0.4310078265514783
0.6130710932559773
0.7167101394016286
0.7716145554091685
-0.5226353243874158
-0.8625604062855741
-0.5252376905855056
-0.6522706312465909
-0.8808825621922414
-0.9325038782514208
-0.9600080832917526
-0.8886194575212361
-0.9037939633434806
-0.875198679542222
-0.9358295047119989
-0.7780980056699385
-0.8469857437425798
-0.5258842472864418
-0.6944289488539301
-0.8897979264768863
-0.9317401331481145
-0.8967103352326067
0.4031879217625223
-0.7580414646737781
0.6396206479083206
-0.2638474183047614
-0.568826681088263
0.6837152172069465
-0.7179895298914134
-0.40408341802025033
-0.43321568333049526
-0.6438662736744303
-0.7499284917054183
-0.5085800781767087
0.5050593093759917
0.6694834819028543
0.8655377225252927
-0.28038033693471226
-0.6814002828985579
0.03263886818893627
-0.7373150846505865
-0.7822099827786502
0.1872045681277204
-0.7892327869998776
-0.755427682512898
0.6021805774442912
0.7670067034942194
0.8071926764428414
-0.4195778832017743
-0.7383240587759621
-0.8500520049479441
-0.22307439950552505
-0.778309560909759
0.49219561876452905
0.7081853979192285
-0.49164256414474933
-0.7772141646434452
-0.8073048518513393
-0.826240109220161
-0.8527769183372205
0.5096440193926535
-0.7130545005539146
0.6581284596133146
0.8828924955622746
0.8774670306207002
0.8870926421518168
0.8986875636971996
0.9252283413164613
0.9020641928633855
-0.17324321636554763
0.7864953777767894
0.8121106653323242
0.9061351064607479
0.6478113238451009
0.8679461357130376
0.8909257655718206
-0.405664746978544
-0.6517187714056918
-0.8963535992811478
0.2134177266893134
0.04490367536238479
-0.701007692476723
0.5750771950495809
0.4952385686641106
-0.14070252985040627
0.3267715408530635
-0.7572522528089136
0.18397755279247457
-0.7984239345222826
-0.270000222736472
-0.6836801827400283
0.1138492428707793
-0.6588730373297726
-0.7828985607989831
0.670852706889399
0.735083941349226
0.8588697742251863
0.9153737417940158
0.80478654831817
-0.4404755897132871
-0.6738796717639399
0.6746901098046891
0.1792204733687319
0.6192273989774515
0.7188578919776022
0.9009857824760903
0.004108461988102552
0.44384223386024757
-0.6590958802467897
0.11042585469790522
-0.7878930140949139
-0.9070456073225961
-0.5052523616983828
-0.6592038999090297
-0.7885190901362249
0.06201975167381396
0.676993530549661
0.8110113926642797
0.8621467411615358
-0.4100643339811649
-0.8318904254546733
-0.9346191745004351
-0.5835501351357559
-0.8230159322753139
-0.37577706643685943
0.8270855895040261
0.27655918611215885
-0.7927053049784483
0.2724621046870859
0.6409396370506638
-0.37162191944997164
0.8339523616180287
0.845813293653003
-0.14877882638114726
-0.6632026194687828
-0.8869564457451147
0.4433614117180007
0.7043190927566727
0.7697810044898103
0.9061278351629001
0.39235875592680836
0.8532316635907549
0.8778901422098722
-0.5326992560431576
-0.6427516942720333
-0.7346052872072655
0.5906764576219652
-0.6910138515240478
-0.8017609594852118
0.02770110675343468
-0.7219126283421955
-0.7954582291401067
-0.5437630449351185
-0.6532313910638847
-0.8998138089578156
-0.5606033031724713
-0.8148486754483288
0.6552840400994449
0.7980333747566
-0.4799312088934618
-0.6847111586024688
0.5423863815875432
-0.7816929648953443
-0.5248581925134614
-0.6932068113331056
-0.7816005119880016
-0.8477415896178375
-0.3308525043838884
0.8301781800842636
-0.33293124739311525
-0.6672877250025564
-0.7952200712058504
0.10735600017998878
0.6939040924181152
0.752224816700555
-0.10800463671909949
0.79366908369467
0.8175232983427252
0.9250044016149952
0.9028586773990022
0.015608383192016934
-0.7068059212030013
-0.7767391762220095
0.6542851695331966
0.8816938898877105
0.90764609182474
0.904043150696437
0.9479907950371678
0.9294003624693756
-0.4273032106578895
-0.5938063276462393
0.2857907458332996
-0.5458389990395873
-0.6327184885117823
0.6271403130427315
0.7152714957287267
0.8951477358044804
0.9130376952165686
-0.37337138148142063
0.8256512975610515
0.9229632788551438
0.4622122196216898
-0.7665895090331749
-0.9051893759601737
-0.9346696496826583
0.39929302133304045
-0.8119971427105617
-0.20373537673980985
0.3483796960000537
0.608009563608561
0.8859078886924978
0.8837060762644611
0.9337117936723622
0.9413006964631143
0.9570762498307206
0.4826831657580263
0.34191332218256015
0.6539085805552018
0.15445942534948026
0.7973638721389427
0.8201762898438751
0.391527834461575
0.8299866354923968
0.8982710157532687
-0.48664836825234487
0.05906065360376617
0.717024826130747
0.7616375684301064
0.871099657690446
0.5993209846440466
0.7520792055840075
-0.611141071930722
-0.8131572039905823
-0.9346228081948191
-0.9383772004618574
-0.795394834856902
-0.7480619071680272
-0.7934451442603558
-0.852898555518538
-0.9220538044179756
-0.884668212016938
-0.9295692914818012
-0.9374177218414685
-0.8917924449992605
-0.7018795808435687
-0.44457485057704776
0.1260511217821639
0.681347214633465
-0.5670123199959052
-0.7229469990536481
-0.8905107721109915
-0.9004824564449789
-0.319578834035054
0.19816377941754115
-0.8034153312291679
-0.6607557048530934
0.7361079099231285
-0.6479240611081281
-0.7677471059465517
-0.8072543819582509
0.28581529987965787
0.6083238738433275
-0.7252195097210972
-0.6778384918407538
-0.7376216760014875
-0.9057916623494586
-0.31425121350170965
0.8034552336006415
0.8286655365805022
0.9226666903222458
0.9307263462079451
0.6923949153132753
0.8210524708117724
0.8541887192649555
0.8545110119046642
0.8579524071914444
0.8620672535349083
-0.12367870532211994
-0.6579615511111707
-0.7857323546415771
0.6365896362540291
-0.7483045234057581
-0.9152088765443345
-0.9092944206287243
-0.21708907218000018
-0.7782641071905194
-0.8264157114284163
-0.8439253949032279
-0.8707963946571324
-0.580029278690589
-0.7849544683175989
0.6108675285670081
-0.7020185435666058
0.6964522276907703
-0.47446646475221793
0.5917930801124329
-0.6799321174187851
-0.7491573832851048
-0.9157078463182597
-0.6312114051589761
0.6231524221057181
-0.7364148133034865
-0.7997603058830269
0.6345271389747735
-0.7558177697564334
0.2676363069997265
0.6727080528560925
-0.28242949719261196
-0.47193051239084755
-0.6945979241609401
0.660776447481213
0.2581342471468991
-0.302033555444648
-0.7515519787249572
-0.80191328213065
-0.9216479427706554
0.33878359715590245
-0.822989581539096
-0.04101046197785507
0.7933683465187711
-0.4805879602428334
-0.7945371843165179
-0.8217204663435438
-0.887865640093527
0.4831817153819583
0.6387410087947327
0.7174969031715945
0.892613390599104
-0.40968091844185833
-0.7656511883221326
-0.8835205451472423
0.5066421912108712
0.685163046830619
-0.5746068694767803
-0.742266049676588
-0.8316662637269239
-0.8515843804064347
-0.8594155378304267
0.20528309852197535
-0.7957563561302268
-0.9152765247338452
-0.782018602942383
-0.8133652628595582
0.512121433370053
0.6350022860812027
0.7284376179061919
0.8346977920447916
0.9282778543044825
0.9118659774286402
0.6692033077486985
-0.7405716916487621
-0.9115887931143896
0.32142797626691816
0.6039506300017499
0.7410950801864726
-0.36581003840052423
-0.6351585659223264
-0.42552905105861255
0.48420113388660135
-0.14885571951109688
-0.7296346511301468
-0.8096964750003026
-0.8794939665378041
-0.8786921991500682
-0.9508373424741801
-0.05112397924692086
-0.7653536587304202
-0.38784418468513987
-0.6032780718327202
-0.7227581356723212
-0.9030537174477962
0.43756319624673323
0.41626196491227585
-0.12710660628455178
-0.6319968464953014
-0.8675804624256065
-0.2777319748540677
0.7976234259651633
0.626491735064622
-0.28480529136474236
0.8368992051193507
-0.24476481932396194
-0.6235257081607681
0.4091610843743817
0.8576105862115315
0.8564755724904534
-0.5056834211471393
0.7839510171949848
0.8472876488820371
-0.488364861612904
0.809684818203078
0.16324701428310115
-0.7770804091586518
-0.8229015967225068
-0.8426431488726791
-0.9448490645924612
-0.9149553800618728
-0.9582678423786772
-0.5987906271998007
-0.43932360018299216
-0.7451214963432349
0.5522056417461543
0.7317539699126907
0.5226320936520564
0.6563578676914594
0.7329267066581238
0.8103672881835862
-0.575655738072574
-0.6676647396283555
-0.7400784040727133
0.4212410427625446
-0.8352464206651069
-0.8421993469669171
-0.5468436989302279
-0.6428857108142145
0.49579501857066244
-0.37990950242442817
-0.5752907323770733
0.6883653631616165
0.7489846268945272
0.8358716523783383
0.8020794706943901
0.6877000737313035
0.7603385836802361
-0.474410017981495
-0.6451970044007216
-0.7958686161639712
-0.8238190405245913
-0.8414658577421237
0.34340343981565136
0.577558454600789
0.7505458276462984
0.7961807994464163
0.8318251697301593
0.2292760691385292
-0.7417299627437339
-0.7684017352981762
-0.8013639240632124
-0.4360302824143853
-0.714207038167938
-0.795479012747917
0.4115231604161438
-0.4754364656190155
-0.1112545173741133
0.7721438949632107
0.2548078520793463
0.66964501810427
0.7551099869650011
-0.5215000598786157
-0.6687656695010544
0.2670142768426025
-0.7285384632105316
-0.8203409695622201
-0.9207228164898991
-0.9121012919279741
-0.8910414615714
-0.9184139284617963
-0.9434459958232655
-0.8964889715162896
0.42948186690623635
0.7955733186800114
-0.4350680577097154
-0.7708780394462786
-0.9160283775392923
-0.9108103734290398
-0.9553868429786518
-0.6175437880911501
-0.6938468741477588
-0.8005027243306686
0.6139889458575927
-0.6492813599974228
-0.00228517156727015
-0.7088633569814868
-0.7761618629763363
0.5759940089082045
0.8111033991740102
-0.3589646637921768
-0.6325478741820714
-0.7409299237422389
-0.7998830782268478
-0.9223828683075113
-0.45201158652556356
0.6497733214944674
0.7665938132176782
0.8508450062298287
-0.28575944616706456
-0.06532516434538643
-0.2535518381011989
-0.821141839083178
-0.8414223929609963
0.08673487040658087
0.6542477463310388
-0.7421275365792408
-0.9094232023858873
-0.8879915264739715
-0.3467142108290682
-0.6358054662102508
-0.795772964043236
0.23911277533370084
-0.3086501241109733
-0.5909128525503968
-0.8760519188901907
-0.9232713654881253
-0.8798699218818418
-0.8898884994175298
0.3925799304382201
-0.7231057106783496
-0.8594516777722296
0.5981494319962403
0.8083078635849732
0.19399369066459876
-0.7832689670413089
-0.9180243745806076
-0.8765499718091148
-0.9311020958080856
0.5001421349759834
-0.7170155898158641
-0.913216683844897
-0.9277579897420876
-0.8832179816197063
-0.8782683025922211
-0.8995983705950512
0.22209645354904736
-0.39038595854353214
-0.5796523839021717
-0.7397361437497005
-0.8769998969906381
0.30239350099472956
-0.028905246755515812
-0.6706326039610828
-0.7934838977768537
0.30386514522346053
0.5978752032518708
-0.4425311693695599
0.5987783154173012
-0.44884081828554084
0.4692649772124487
-0.8066429048278925
-0.9206067848294612
-0.9243837806853743
-0.16790582246354468
-0.6381471447470992
-0.7276901647018021
-0.7979112710496348
0.3539565846788695
0.6174739717322222
-0.7003682053711819
-0.028545561804589892
0.5564507119991713
0.8311629692087386
0.8523173160235327
-0.5560360419718386
0.6505775804604432
0.7511709106766038
0.3930667032067798
-0.7894654736223743
-0.8611103424037696
0.27289506528436214
0.638918267669287
0.7770017843188652
0.8803829894129696
0.8787983150625691
-0.48707686006019263
-0.6758812010949167
-0.8798889902826323
-0.866422376149447
-0.9102813041747837
0.40544406507151637
-0.2846918780823418
0.5656344877526877
0.7258518201804416
0.904828574359066
-0.46120670587016205
-0.6594608788649359
-0.6659743113705057
-0.7608336788155194
-0.6754935794651171
-0.8989171891284922
-0.8763103557130147
-0.8686066296397807
-0.8477343027511175
0.43515159195867525
0.8175665515641108
-0.40189723118090154
-0.8144077388559825
-0.8493390723902139
-0.6226714131752171
0.7138970006617791
0.8994466077201957
0.8228422837640423
-0.5472873907811078
-0.7754053060411918
0.6651069779870173
0.7343377606696634
0.8612362005622625
0.8655888118058961
-0.24833211326510624
-0.7696216450235309
-0.8540192488225935
0.30178623421773904
-0.813223903815133
0.6265835791440999
-0.5666583771094174
0.7759852844549513
0.3747870739933819
0.8337932397728551
0.8314292498519882
-0.5154257044881654
0.7312794699767156
0.7627866751640651
0.7976806043916718
0.8337289208252627
0.8894404428999534
0.4761550330314587
0.8715045712469611
0.13799361392742654
0.6782071380397894
0.7446917188042832
0.9075620588617279
0.906793033059953
-0.3346950793197799
-0.8103284814648843
-0.40157033575374673
0.35648879025018393
0.7137910602534416
-0.08983345673118343
0.24645022704042438
0.6313970964683925
0.8891529164402545
-0.5400452894550152
0.42562926248731714
0.8540264231962866
-0.25422139308751174
-0.7631169187961611
-0.10036077025028717
0.3871464235218068
0.8168560832162217
0.8926189773227247
0.8858892194921875
0.8848385836183172
0.8850469418284121
0.893041088727959
0.721555088247474
0.8414171083112805
0.8611191406271865
-0.5627660798966416
-0.6189772881364342
-0.7012801050624802
0.2725767339414237
0.6351130844109834
-0.18532649377648897
0.6109529955211975
0.7667652425912268
0.813540442333822
0.8879644429091285
0.5067517513060225
-0.49663958820829984
0.7091990682056786
0.8829804977307065
0.8778997828793251
-0.19052864506923217
-0.6209296822798513
-0.7145377620522617
0.18622820141943408
-0.6655021874336602
-0.6725071114801313
0.11216320886151893
-0.7766008511151998
-0.8054920488728299
0.5176149143606915
0.6951778244074815
-0.13803552348163156
-0.6169803874538748
-0.7317032323176909
-0.798483718869285
0.6339407410035873
-0.6555587176057818
-0.7568514243581477
-0.918891003673558
0.46721871700745654
-0.7904033319589816
-0.8991154849335656
-0.9329981035088388
-0.923417026586234
0.5921214397022136
0.6638921025627226
0.7397397101105262
0.8200948890542827
0.8506478753931839
-0.5280846837753237
-0.6895118992634119
-0.6373149275453796
-0.7709710377766574
-0.572938268090248
-0.7177163924860113
-0.6658932348689337
-0.7308293997510993
-0.7909644562454012
-0.9191062872296885
0.30851808497388394
0.6085744798938262
0.32655148476988183
0.6050233600537389
0.8701790905878075
0.8695952127202085
-0.35258730992288795
-0.8214076789129103
0.5860436102336977
-0.7419814728755962
0.5869599098439118
-0.6879497658761915
0.26797160698652733
0.8256962554252409
-0.13531436963167687
0.7946694310057945
0.8412121442242986
0.5190878920371238
-0.3055758700223255
-0.6491199540551751
-0.900087893616349
0.41563871367761485
0.8388983837232886
0.3609024499263416
0.8488990705220161
-0.5691293590211817
-0.7297024637299325
-0.4571585687623501
-0.7457280501752774
0.053076318916604415
0.781316362770488
0.8215333263023665
-0.38659180605075644
0.8238648730552258
0.8518930391589705
0.8348928085550884
0.857961179437446
0.7818840700119176
-0.6115052337357552
-0.8812338081994608
-0.8737219287749807
-0.8725260988596546
0.3399411667775286
0.6943120900626962
0.7504961807753583
0.327706041746108
0.6610070293783585
0.736001726545715
0.7789718091656868
-0.6434798677292126
-0.02323450671418803
-0.6946082537298903
0.6301834442486326
0.7121139508072052
0.8170174852206278
0.8955793726937764
0.018616934030853877
0.8028213534590578
-0.32053934325248185
0.022613783581600294
-0.7286647855233461
0.6290750597459708
0.7734130722096644
0.9042928070182388
-0.18334353253264318
0.6177838256467423
-0.2055407075451492
-0.5855927456321586
-0.8859645272602406
-0.9497499362757242
0.32112691765064116
0.7872868496911924
-0.2268217852659009
-0.35628170016346133
0.7021600211488035
0.778412969196155
-0.281937129259863
-0.6473602681010759
-0.7402868170678532
0.6914332157276901
0.7496798510963465
0.8604377339352878
0.18275129168350024
-0.6753304233308055
-0.896672721855363
-0.5243029841111595
-0.8721976978277939
-0.3915825985184305
-0.8320775312926343
-0.9139362001088507
-0.9059094270836632
-0.15332891089702355
0.7787539644987245
0.609462887097362
0.7008330201185751
-0.26529636322229416
-0.5759301492577531
0.7316147829441488
0.5386602349016179
0.6887873988561994
0.750698950924118
-0.5002119642451848
0.8086212693115107
-0.5865158330994191
0.001775228789751393
-0.7308898388134266
-0.8702633257973658
-0.7179555736143821
0.514416853084446
0.8789467458321669
0.8797071666438427
0.8841706644355116
0.887023627937995
0.1377884773928827
0.6513683932297469
0.7752100119559326
0.8453906522329786
0.6698928964330194
-0.3809428001727228
0.3399181416129292
0.6170224252327823
0.7211084556080083
-0.3610164029509781
0.7706244668097826
-0.21403097375271585
-0.6593074484982249
-0.5744934530070911
-0.7406454302148151
0.08587404098110096
0.03514982550379811
-0.7701883375253837
-0.8328309700009815
-0.9180231723403085
0.5131387750061702
0.7838053653922292
0.0805644154607873
0.7309845793784437
-0.6831969519438739
0.6912720210662937
0.7097280834931206
0.7560308770901744
-0.3543692224318307
-0.6562173755707712
-0.7772013036345109
-0.8102111472722127
-0.15550504425547373
0.7943717279253073
-0.14103358061586824
0.5204020090812923
0.670031380907149
0.8399975462151994
0.8767467350997216
-0.32924446808915914
-0.5706046887052989
0.7484253217242768
0.8357185405264003
0.896722262153669
0.8857213267959787
0.9282403233685621
0.38536649268054946
0.6070910315791869
0.7017072272556076
0.5238523434082816
0.8390725957141403
0.924651100608306
0.9041643904300407
0.9261036020244064
-0.48011135039782377
0.4035213368600491
0.18989045923505865
0.6245577201953316
0.6372357485111506
0.8055261685342818
0.8712185756012814
0.9162691479694918
0.9266658272920585
0.9500303211330476
0.9060073440511276
-0.40835531521002294
-0.8417901019346767
0.6279481868379408
0.7379215862494171
0.8236689305252325
-0.37951767154639754
-0.8380113165886851
-0.8434242470449613
-0.8522851806529743
-0.5419377556591491
-0.5516650938555243
-0.87630814025846
-0.7257763791009344
-0.39250284939263674
-0.7565958719905563
-0.8281060906266373
-0.902572747999008
-0.8094086365153799
-0.8694216960862169
-0.46654967306887946
-0.8021766678779374
-0.9295375988523649
-0.9539319885648465
-0.9233822873858977
-0.6010436168899544
-0.3142301983323243
-0.5188036574059369
-0.46124730862252666
0.5716779797908981
0.696652993037763
0.8977963614031972
-0.48073865550332856
-0.607289933396479
-0.7278456932791983
-0.7653865674045788
-0.800385381957915
-0.8212962750532613
-0.8530617732445838
0.29890406061546065
0.6955260643534966
0.7494477928817656
-0.4644318252240483
-0.6045119562456309
-0.7691476568555073
0.6449862616023228
0.8791627333322289
0.12921138910817376
0.5151111941100806
-0.7509360960578317
-0.7976803985292693
0.464231288927861
0.6287534425130694
-0.6055130171180942
-0.8699340371050173
0.287475666967307
0.19138234320340294
0.632755501081846
-0.4261341308743252
-0.6833912164542919
-0.8842863584982548
-0.882822178938999
-0.5063763669680574
-0.4590341517781676
-0.617209648291231
-0.8354247897284346
-0.9154675484896486
0.09558805484496932
0.5833857489335076
0.8823817459714904
0.909865418824563
0.6368616355319265
0.8887758740498508
0.9109954383527834
0.9157885087274054
-0.05231352958029867
0.7457011831774119
0.7834763308018586
-0.09648519065522049
-0.7608112592292913
0.36037740414431707
0.6952638145014356
0.41621404864685985
0.8450375962470249
0.8421307331043082
0.8889080784831414
0.30187107593364654
0.611825404193028
-0.5727577807432604
-0.7122745663637025
-0.844207916840154
-0.8592716024520821
0.4314335106493251
0.813672509805025
0.8236855981380333
-0.6030015606453518
0.7544450168805554
0.8859892780698742
0.9258811200150621
0.927579643506016
0.937953483745936
-0.3787356965332345
-0.6075837334646672
-0.8732610149627094
0.626957638426259
0.8244034788759584
0.9231165615031514
-0.3736100910038646
-0.5950553850469746
-0.43956942650114667
0.785920273573341
0.8488303245878712
-0.48747372332774414
0.7134328337278288
0.8841513943312371
-0.21626736372389238
-0.6176749650022748
0.745043626639623
0.5393920198718329
0.809081858935736
-0.20352426955669578
0.11817854580482279
0.6907740047457349
-0.5138488559135379
-0.8327512707459386
-0.8368305124647473
-0.8508722158454378
-0.595503968318656
0.7522375248162851
0.909890304264108
0.9441928749339052
0.4970545644281236
0.7086764166868758
0.9006143941280942
-0.528437662336048
-0.7679006882259023
-0.8289239235876003
-0.8524029869472485
0.5314576207798716
0.6775900323691717
-0.7373689894788975
-0.011342379035264527
0.8015114471820695
0.9167549437035423
-0.4847180839003889
-0.8203500803027979
-0.8713503820842632
-0.9482065646828006
-0.7365928955014507
-0.8002916159987219
0.6146500275402701
-0.682887510921141
-0.903226788525548
-0.9102123509099596
-0.7404509344349082
-0.9136521610479438
-0.9011841119440416
-0.8998782278397668
0.25517888097087343
-0.7889050445541996
-0.8077400587276566
-0.8359008390705651
0.44433849880692533
-0.5608828958928818
-0.7326434278235148
-0.7052831392051864
-0.8025989749826539
-0.05751858364290874
0.7762627497954351
0.9112849705820567
-0.5146153185563043
-0.8161577487489442
0.5036285969564855
-0.26632697844839376
-0.5853875589680133
-0.7294840796591042
-0.7928511173371653
-0.8734954824885601
-0.8605303057528064
-0.8919305490561502
-0.8876540993814805
-0.9351448292126956
-0.6918983822123799
-0.6530686923200819
0.6406201197551953
0.7248003327969379
0.7762189060293954
0.8760112035067902
0.8773110530925776
0.8905528339077977
-0.09428045207964392
0.7554164135557768
0.790104720838458
0.8967405725538156
0.9439144947845859
0.9147972319003399
0.9000477845396391
0.7227963530629662
0.8269312790386094
-0.5717448048362392
-0.6612174703790361
-0.35858485804608436
-0.5898466749073108
-0.7385443015855471
-0.7930196044596936
-0.6473572516381245
-0.7153470595905671
-0.7729795467671137
-0.8222454054277493
-0.6061060797808251
-0.6882175798262025
-0.8269877272680737
-0.7231423938724084
-0.8150642989621837
0.4558376697859783
-0.3394333933231241
-0.5688868434880856
-0.8483894554989613
0.0680601031939112
0.7294725490290177
-0.03436910686089506
0.7693963418164538
0.8039589741712283
-0.31576121339153523
-0.5777052038720538
0.7331344737957676
-0.27211504806884607
-0.28128913828583585
-0.5678335539910688
0.16231368085066733
-0.7831490908751286
0.4519114536710518
0.24232547020014264
0.6038493565368204
0.7871536033959032
-0.5573912875929274
-0.7593462803473143
-0.9212796019402132
-0.8899082867606334
-0.5303788057048957
0.659741023495841
-0.4172411115755475
-0.855050210675123
-0.2900318050809018
-0.6198561418990514
-0.7232302484125852
-0.785820093238931
-0.8123864424291085
-0.11940704982493239
-0.70188484519915
-0.7386349109556405
0.23419212386693788
0.7053500831028805
0.38729366122804987
-0.6953001267686234
0.3550037938109984
-0.816319669204173
-0.8368427495021713
-0.9278259525661825
-0.13647974419513192
-0.6346533828226033
0.10503993843818898
-0.7502058380479826
0.6390906128114594
0.7348702983552937
0.8770537631316091
0.8755587521204287
0.9367677286992542
-0.49646970990075506
-0.6330587918965762
-0.7750442010718608
-0.8082418024297464
-0.12513819331803083
0.20597208247196447
-0.2794367894240635
0.16165476593747452
0.8074184030704581
-0.30460879372298405
0.15544805569916686
-0.8021848976606798
-0.8360062280642593
-0.9305243717855229
-0.8742824638848921
-0.949896519780896
-0.8856845826263995
-0.8646979303069642
0.01761486429730466
-0.7073020852581602
0.5461786128531763
0.8711416898664444
-0.5842269658531676
0.19841938765031653
0.09227879581849135
-0.7611409817077373
-0.8115661008825099
-0.8516772345235226
0.6028419445940215
0.688076161558005
0.3248507181404631
0.6782455591085044
0.88883481858121
0.8879144865884778
0.9086607859790887
0.91338978674229
0.8981657819613513
0.9452439427468426
0.9152340901103342
0.9431096586863525
0.9183549423366775
0.10327647071608811
0.8008699139853952
0.8288112688813372
0.9239146979012067
0.9162392662347496
0.8965816278559655
0.3370781892637744
0.6013338280652285
-0.5337872494058946
-0.6606702288066841
0.26331181199416265
0.6895780869047554
0.6691878978357804
0.7580683654202951
0.8557202223225375
0.9367577740089486
0.942624021980063
0.9162838394225323
-0.4382388351267597
0.25420453698789486
0.7000599831490667
0.7889163572401476
0.9157544133294333
-0.5160730116855647
0.18267611148127355
0.2605925516679958
-0.08839992722292295
0.7597150183770085
0.8541558806261329
0.878803362988293
0.8881062271858342
0.9444346340986647
0.05249592824733765
0.10511448266623194
-0.15087567835869375
-0.5826844086612828
0.5282763761699998
0.34373362978248956
0.6071712296637907
0.7032120469552445
-0.29181256628104196
0.691260541282427
0.7790001814606815
0.8119160740115414
0.9233915643997783
0.9207803076211436
0.8978276674277286
-0.0031543742911579464
-0.7267702754333509
-0.8347961618204813
-0.2919633811878089
0.4379791598003401
-0.6189084171473132
-0.7652152207000076
-0.8097031519200522
-0.18835530289698327
0.7955733768184152
0.9183364905405154
0.8395428884539533
-0.48349139785624
-0.64904306539186
-0.8307180349627004
-0.9387278539014239
-0.06991516120577296
0.4631979332195628
0.7108776531017585
0.8563154080241235
-0.20335152314794253
0.7955243290175118
0.8277612629741424
0.8416782651471832
-0.5927855024030033
-0.6920789910546465
-0.7820523265066783
-0.8967416981188521
-0.9483278047678789
0.5355079244433658
0.242375118715819
0.6009069992385627
0.7688721423467335
-0.1613617750597206
-0.6058733792716609
-0.7038613332552939
0.25157019832676547
-0.22485988610737745
0.3132503665283064
0.8337101113861147
0.8527267019873983
0.9016735138592502
0.6336488321701982
-0.2233414889410658
0.6133569877863234
-0.42376156667042725
-0.7010869208330512
-0.8097965897102657
-0.9344970319056738
-0.44638919917286585
-0.8119377837578883
0.09187840713822124
0.6785195975443741
0.6628551179227673
-0.27249401042088045
0.46186773951243604
0.8732867421175678
-0.030362669095995276
0.2514423698108285
-0.7969878543586095
-0.3783530855777136
-0.6966345951922739
-0.7604125888773468
-0.8398050819038687
0.5652148656304763
-0.767911032568702
-0.8049916270488049
-0.8350627034214984
-0.8385456602758077
-0.8649567772638918
-0.5816155528963349
-0.13800678945984224
0.79777307322268
0.819125593031363
0.8354921195813025
0.8975299849501948
0.8902156893903157
0.9028910638599215
-0.410075841149614
-0.800496858371426
0.2770483375577638
0.7751233289453714
-0.4872553590359843
-0.3030655024385395
-0.8077540883880285
0.38389662379384504
0.6269157867804476
-0.6664280215604848
-0.732015462388043
-0.8093894787518534
-0.8617334813103876
0.4207051991845763
0.7222276996270284
0.8344503406900972
0.878698046525811
0.9152190978759602
0.8989161645056714
0.9181320007429141
0.9149826144726685
0.9335775182214967
0.011408168091261578
-0.72078355321216
-0.8469325325678898
-0.8774480603442629
-0.9372427707249154
0.33396165533427624
0.6033284903067572
0.0042024599151098685
-0.7240145717819761
0.4236422840679429
-0.771622128471126
-0.8226102636719901
-0.4912983407285066
-0.6631883614151097
0.09090910912304209
-0.7785636213640978
-0.8745607324085773
0.015565718708565296
0.5189635431918653
-0.7366391147383828
-0.8448585351900291
-0.8673145697049927
-0.8761102315687674
-0.72315957982744
-0.5467482490815021
-0.6627990765824141
-0.833893688117979
0.047873775297475524
0.7964504948000324
-0.3287809148939372
0.7912580948952115
0.9170905385666204
-0.4832259050374122
0.7953394781617085
0.8152008340049794
0.8473129514927462
0.8598132096954592
0.02121036775593102
-0.7405860999076261
0.3326847681587979
0.8325828392148884
0.21467656166864513
0.7951226691384767
-0.19577025895792372
-0.6654767325553124
0.5365010420939738
0.4266474545969386
0.6552379908608117
0.7302975852895843
0.8228638379048181
0.8833579313010758
0.902784561314264
0.902902485752056
0.9281429102252758
0.2500475730498166
0.825826799317156
0.907718361696809
0.9481150832082359
0.9208991153239279
0.1799202625349784
0.615429235625174
-0.5732311593405841
-0.807994354908488
-0.9289408715449323
-0.8993677913542832
0.32555454969640696
0.720862214493727
0.16817500568186283
0.6533588068446609
0.7828173792392674
0.83309774193625
0.880311855591372
0.940167882315255
0.9547544124609506
-0.19271152310780987
-0.1836217198376105
0.804594175283109
0.917553356123888
0.295361492791668
0.673270365069039
0.25976301744392677
-0.829994008499134
-0.8605290988984777
0.4572166449375276
0.6620201422602207
0.7367359434102485
0.8615651298027232
0.9380266674742979
0.3192021380210611
-0.49263048562892947
-0.7403381507656919
0.5980736119353907
0.8791843224564864
0.9097220907121879
0.3068920287620726
0.6582712848948671
0.8772438420635273
-0.436437158410298
0.7595908773534632
-0.5966246665359518
-0.7403238019348077
0.6508330638808455
0.7635073286105691
0.7140872373880311
-0.6933583840677182
0.668626138043873
0.7712114706996511
-0.18892996933768208
0.41339980317177105
0.2452159635361765
-0.7958170369550099
-0.8230826999267713
0.6170859921294362
0.035543834626520915
-0.746704830919245
-0.07802659703397302
0.3989572002326779
-0.1289965341200479
0.7052336144946114
-0.49865028074896905
0.7898454596407731
0.624371140652155
0.7703571358583214
0.6789640507121683
0.7749443406975873
0.6297421709839829
0.7752598269683579
0.8467825282559649
0.7946174772906416
0.9180207246038152
0.9461052815180182
-0.2723370561696597
-0.5948825889694089
-0.6802548282964569
-0.9007877605327328
0.3036575893895134
0.2536851477271511
0.8024523235180079
0.8520477607469357
-0.47441893298619614
0.6307677288094404
0.8667252911977785
-0.48969261357374677
-0.6458720478760536
-0.8295518352816025
-0.9021932713792133
0.5139860790647535
-0.7997835487305929
-0.8368020338027802
-0.9310853399687486
-0.8957485344679132
0.3669863419424267
-0.7534343423388667
-0.9204010022191209
-0.9043867770037282
-0.9531252254953333
-0.13518758952266402
-0.7557172157291085
0.33039230357448757
-0.8284710109923952
-0.8735145556987423
-0.878620165050354
-0.2326292043275201
0.7359565914297446
0.832436317099972
-0.022190764378716976
-0.5790416465735082
-0.8432892566578662
-0.8385471889416485
0.5679664222515296
0.6149392144208126
-0.6405278043381537
-0.8946589123424711
-0.34360721794570875
-0.5666409794372402
-0.7762817324625151
-0.8527102307408438
-0.9269130580422922
-0.7954824357850308
-0.07117600727873774
0.28070540854551557
-0.5555493099669848
0.7318555327454703
-0.6985767045724129
0.5086122608007888
0.8710388470455481
0.8623689067215436
0.9349752015266679
0.9116327690193846
0.8967921235341914
0.5299840260920946
0.7079246287634233
0.7667128752965204
-0.34949546338344956
0.8279136690376006
-0.2071650090053188
-0.6893619803725759
-0.9032686610201222
-0.951262293604878
-0.8876987002843715
-0.16409674136995445
0.7955839075404587
0.9188232045412723
0.9497581176464915
0.9208813739766668
-0.46825227115787643
0.6407582511498326
0.7470194487464816
0.7901015006801544
0.8912399627188179
-0.4236371142268088
0.026129526051745705
-0.3450877354995859
-0.6026520496161218
-0.8911309788156265
-0.8846067012850851
-0.1550607481664753
-0.5805031617147418
-0.7635706222959033
-0.8315940387909411
-0.8715343741396113
0.26102044551496506
-0.30630220401229385
0.7445748054578563
0.23936693793545016
-0.804684930464199
0.1692109027235642
-0.8049300285744543
-0.8152722813760054
-0.8884202507441186
0.24138614086871507
-0.800089692401009
0.3170691739955287
0.8407856828489246
0.9279637330316006
-0.46892298484627953
0.7894703884597518
0.8172050691003154
-0.5325720109320722
-0.6318317172150667
-0.7453859001759171
-0.9181861381114746
-0.889015963025777
-0.8731648896093895
-0.3484643702089855
-0.6438277875623624
-0.8977265653622148
0.6125645120485653
-0.6728413570995102
-0.7455581665251081
-0.7900407687089248
-0.9266790020916111
0.12661947962480102
0.5276490111861911
0.4501145158513479
0.6722380473561218
-0.5897952726345923
-0.8580072697705385
0.3758773729153843
0.5058668273825271
0.09770877626722504
0.009990159806137183
0.6210732929397427
0.8411625051269345
0.7901820903599839
-0.0206170855818259
0.4274934526061463
0.3481816371023852
0.8291612826205603
0.8783191637909629
0.9255183150163593
-0.3132809358714274
-0.8066960156096188
0.05970543329028247
0.6736108037611812
-0.6937359448528451
0.6087840725755651
0.5168418547645088
-0.7242706996202672
-0.9117217193789784
-0.8474790837169219
0.05707712347823618
0.7261131123687934
-0.22620998291330602
0.7993381536951607
0.8263377962645628
0.8708722601994687
0.910327139351711
0.9106298430812678
0.90783876765184
-0.4351116070115088
0.8172064694004084
-0.4380679043851173
-0.854478038635319
-0.8519509084521402
-0.9447435419454071
-0.8891233010592619
-0.3104352285746414
0.6276304347745568
0.7553399688070506
0.9019457597035867
0.7470755215305516
0.7913180461397125
0.712463569330998
0.7644374520378934
0.31312214174857617
0.43823885145307595
-0.8122705910743002
0.6345877442598492
0.8390529486954281
0.8985620418393288
0.7262011476020122
-0.15298253188283617
0.3064271317978427
-0.39436330818225457
0.7265900343736625
0.8282104419323926
-0.5820518587507726
-0.5994215374976948
0.21005707539981627
0.13768505255399813
-0.7688357271123722
0.3662110578549954
0.7814606427271518
-0.4748737823342411
-0.08284150312365579
-0.6810488691654935
0.6158343106536632
0.7143381245369858
0.8739628127723262
0.2715872584940229
-0.8266849876415878
0.2897553007208909
-0.7826787707590892
-0.8416674231992745
-0.0714807132760999
-0.7423796447667981
0.46274162003183694
-0.3298568932797688
-0.6438236484454112
-0.7894496520460965
-0.4135188721199749
-0.2216542687317294
-0.598980174565287
-0.6949327049062699
-0.7658364240366222
-0.8093462309170176
-0.9144088933898384
-0.2945450112456374
-0.5933118882189199
0.6438379024075422
0.7600165157046772
0.8019146707489471
0.8424643072079159
0.8631318697610639
-0.5040846741919496
-0.3950465384712378
0.32274596759193763
0.4923360569891353
-0.6356299965401735
-0.7403858714999365
-0.8190249252721038
-0.8376335113160682
0.4465489745425151
-0.3058952041183423
-0.6383805703490686
-0.7432049294844565
0.12239457660926303
0.7036283485904657
0.802194483719656
0.3778825090340313
-0.7375807506992036
-0.7936482065248893
0.1466108990314864
-0.549259914093124
0.7743839410414182
0.8306208645301245
-0.3829146603702844
0.33046000069414044
-0.01035115973986589
0.7899065387392159
0.34725908024498336
0.6009462304671761
0.7355517658031552
-0.46365069806014797
-0.8524430697889673
0.5602119943513669
0.006777345682727753
-0.7090658967028585
0.002107562913579719
0.22647927508843696
-0.44354059474080815
0.5033691471728959
0.3157017855095094
0.6984282023778791
0.7846855194736189
-0.567900042636293
-0.6799060352892472
0.2810975667949544
-0.601902030575763
-0.6741443779823231
0.6386654637214948
-0.7440429806730877
-0.785161501649646
-0.8156180827024975
-0.8347040861565747
-0.9405275743481452
0.49362127770999914
0.6461543422575968
0.8637338466324307
0.893361738259355
-0.5244907338384115
-0.8672675765972901
-0.9113009223552426
-0.6915765517644652
0.5830444946805353
0.8383773362083575
0.22601674319151457
-0.7937538276430232
-0.7483110751710691
-0.16751591538526062
-0.6543361870821081
-0.7434965057784066
-0.9149588980081351
0.49056586670875096
0.6904808950529508
0.8786896599427583
0.19177424428170792
0.6152543123897594
-0.7292261698204021
0.4781732035446813
-0.7178653466725238
-0.890278090455229
-0.8674145773525055
-0.9039511942924834
-0.41058524428593307
0.4219779018111086
-0.7661799525249984
-0.814107563111522
-0.9213852275927659
-0.8745337458072806
0.5341439453857211
-0.7286571162064703
0.5893126162771826
0.8781433048738005
0.9393047981404934
-0.43182589297757784
0.23471056247913621
0.6723810024717347
0.8796410983422671
0.9117785733396628
-0.5061254256269951
-0.6646107477247223
-0.8832985436147958
-0.8663784394129088
-0.8599630453286891
-0.8685486514007903
-0.6591683169676086
0.658901888932981
-0.6792442641147642
-0.744122943685728
-0.11523751091206547
-0.6247287252214768
-0.7287911955598745
-0.8022888220378381
-0.8312738629142835
-0.5050093174120676
0.797792363502337
0.8174745838820567
-0.17879263133768541
-0.6400937858980735
-0.7429818064208977
-0.8181634169342018
-0.8629954746862114
-0.7909183151097108
0.5872999032444248
0.7111485246414422
0.8661674141047067
-0.5045019300784603
0.5673161779496814
0.5395899003268827
0.5385709701416725
-0.8017542607645847
-0.005674066522161014
0.7934245040899561
-0.3477863612271815
-0.2140498055932747
0.8243835116903411
0.850796333780494
0.8576308816685374
-0.46163585614018704
0.8231610723812597
0.8401443666846728
0.06627412960346926
-0.7533372139471048
-0.9182083989724901
0.6073743891904229
0.7229579924192745
0.8048508858025625
0.7055916643540694
0.8031992501416334
0.8483056408101715
0.4095386933665442
0.6921740698894712
-0.07127119163675816
-0.652931849376575
-0.8159906780164574
-0.8365607167161495
-0.8524910202058009
0.058390898225807314
0.017792038684530748
-0.3613768456499908
-0.6181486626382635
-0.8430239504937127
-0.7223397722435898
0.5474909222974824
0.3082882420761097
0.6131828573651736
0.39278253599826185
-0.34111880901708186
0.32874427897115577
-0.8127439649469956
-0.893643289847643
-0.9318787761454019
-0.9569191470466425
0.3707336109049883
-0.7022025571832085
0.7294741778285572
0.8761789885931694
0.9143128642385907
-0.06808187301987628
-0.6975448090525393
0.5259103961898106
-0.29829080962925775
-0.5794711389518181
-0.8852242087022841
0.5169682059651313
0.6998168132718955
0.31105599255845906
0.6697131377843648
0.7355127929390461
0.7802880096155627
-0.6276682178234083
0.6173017053823082
0.24637114159018153
0.7366823566166809
-0.6341056840486141
0.18094165766982723
-0.12402205272152655
-0.6618752977754063
-0.8968502733710886
0.3722334712607479
0.18026643497502692
0.6457569477521636
0.7236931649844713
0.8570068995668207
-0.3734563260855493
-0.41032390170579564
-0.6738581083147464
0.6794806071698037
-0.674559251807958
-0.8292259037485821
-0.5362513326761964
0.7773216074703935
0.3537548661151836
-0.7679010253034508
-0.8289394103680452
-0.4945536861874245
0.3770709457302149
-0.3363826890877611
-0.5178597385721788
-0.7440800262967524
0.1388717166618026
-0.8037500863710338
0.5331048000983354
0.6980072669805888
0.7537171889946901
0.8866826233748097
0.9421988436784239
0.9161860453285189
0.5790113496353507
0.8065803178968982
0.16534798711897009
0.6912856613886642
0.7501475275131473
0.12930672359106654
0.6901224088742155
0.16799540404647526
-0.09802816452992902
-0.6847199976468521
0.6844528968086554
0.2616555996832169
-0.8001397737670379
-0.751768503938905
0.5041114780873678
0.644941711386771
-0.2476782929189591
-0.680581800054961
-0.9059078301983272
-0.8766148635512869
0.32411067650628556
-0.14403840787166372
0.7690877826244564
-0.10312025452448775
0.796775591361097
0.49943311626050224
0.655941847505388
0.8308995486031217
0.034669211665647126
0.7603089934759861
0.897134688171755
0.8482539759142851
0.8748209766974875
0.8732533795609672
0.6713612476414849
-0.21531907790197607
-0.7774927221692918
-0.9239940027325229
-0.885615494085704
-0.8600333788989203
-0.12192163266796491
-0.7156654562495239
-0.7828440910243115
0.20862471718275338
-0.7982875178234115
-0.827914055381463
0.5939322102592373
0.6688610017576722
0.7520828948269322
-0.5703817727786011
0.7397466456190004
-0.5837901813231918
0.66367224514523
0.7499135336817113
0.8787999712091914
0.9214756187349322
0.943426516408717
0.9562705478085483
0.9725704670388355
0.959668067072762
0.9728502402901733
0.9593837948543265
0.9257230908727947
-0.3796155276385233
0.7798171429714376
0.8913893201718668
0.8787557151667718
0.9172662425053706
0.5599278478446235
0.5704369160736431
-0.7048344265733049
0.6675029790314098
0.7552546152601866
0.3984666374046461
-0.59177764284869
-0.5163385379868954
0.6770639226013071
0.7345394791475751
-0.11626992240409861
0.7909418792903233
0.8269006097266975
0.843398038847228
-0.40086016124790785
-0.5903265340078789
-0.8511017521082118
-0.9374202464377668
-0.29126632377934975
-0.6550611471063637
-0.7449776598518207
0.49987246137004715
-0.6066311946378218
-0.8328279652370818
-0.8384118162642753
-0.48493175998103605
-0.7718633444297407
0.6347189185564148
0.8880682683386298
-0.5099850373403838
-0.7157904477465289
-0.842353059984424
0.22926315007871564
-0.32411097952125406
-0.7908028440667976
-0.9291517754365173
-0.4039888276829167
0.8311564352375169
0.8600342369699139
0.8809764481653293
0.8755316922752838
0.7504531495907456
0.13531329470831643
-0.22054660884232802
0.22182616208604017
0.8159559138940269
0.9145271393329768
-0.34888167557839805
0.8239670211456405
0.8680694918175635
0.841738266273675
0.7776265792788029
0.803077409120762
0.823586655922415
0.7351089186476663
0.7772953473379374
-0.023660429178757547
-0.7157458355091642
-0.7035070341956908
-0.7756351666148966
0.3929530045250408
0.8321332762024825
0.07400060467924813
-0.760895888279437
-0.9196138826874873
-0.565991101535049
-0.8525114800061699
-0.41402934848393586
-0.4866708887039786
-0.655270036251105
-0.6581275684298971
-0.8924679239663182
-0.13140530260194105
0.25560262800498196
-0.07065958435710801
-0.6620139973934365
0.30089307294892065
-0.10011817251395877
0.03152343212234862
-0.6817577760812195
-0.8290145860607272
-0.8941407958251
-0.6517946458791495
-0.8186925922534782
-0.47190131879856717
-0.7695436978113857
-0.4061118614862456
0.8358808838672322
0.9108684565437231
0.908291931881551
-0.21714609308805016
-0.66177704946663
0.47726475339592356
-0.7299608980675825
-0.06394769592441252
-0.72057027211252
-0.8140180294406629
0.5222426198144107
0.6888999734807731
0.7615898868932014
0.660813472858662
0.7479256360754198
-0.6523978063041147
0.5194332639646477
0.38565530509412094
0.694205346772792
0.8603884348338005
0.923969826507012
-0.4464009619898511
-0.5939081353803168
-0.8820808578556325
-0.8762527032991283
-0.9480583831506189
0.15335858996025023
0.3452213159299078
-0.22702026800929148
0.7487642449829994
-0.4751733485753858
-0.6135944222214464
-0.755405501384032
-0.7976568881479382
-0.8281047452325685
0.6072821815386118
0.6972488000718382
0.8668272580094882
0.8694943074253949
0.8767892922519402
0.4063294743547664
0.6560771749560561
0.7362603877166678
0.796667145435068
0.6566716093103098
0.830449192519461
0.9066188559740915
-0.4639179852171674
-0.7675387385348795
-0.8039225605246358
0.6442592136235854
0.7305129739272638
-0.2201711765719776
-0.5213871457961168
-0.8835934111110637
0.5942042275875448
-0.49236596032967656
-0.6121551253641564
-0.8044042750563583
0.6517308485962949
-0.1980100554546123
-0.6285385444683504
-0.4613641746744252
0.16099555196444282
-0.8011089928327102
-0.8476616244342183
-0.9473546382626965
0.14993001744858275
-0.782070833626356
-0.27533691184280845
-0.5687139544359618
-0.8704139959192103
-0.8579625570095677
-0.06742829373130294
-0.733164816118439
-0.8950382249164783
0.2370142569042182
0.47210936401656034
-0.8065321958530536
-0.9327006415551726
0.4026056010706184
-0.6283758485999695
0.7602974081982097
-0.5327434922267011
-0.7192585441296537
-0.7759972028674493
-0.8280814304205697
0.2561585596175776
-0.8031959625972129
-0.7595241613342789
0.25366523399007923
0.08025329781968146
0.7960367442227119
0.5591497506756756
-0.6972383033175744
-0.4115289883303152
0.7979799280436355
0.8508545701382839
0.47399227206457345
0.6321664490106149
0.8048333466383444
-0.6320983977648231
-0.6267145934658098
-0.7330511466134984
0.4663828766666852
0.6275770932703871
-0.38646674740662373
-0.36711904150194113
0.8223227086157192
0.8891644279087301
0.910396260988038
0.511671362105609
0.7046974162267501
0.8995812729663706
-0.5181562631894829
0.5909966289914514
0.782037785468942
0.8475808441470272
-0.5108641422761444
-0.8703702478467374
-0.11208309711037334
-0.6994102683313714
-0.1871521822035282
-0.645215597392897
-0.731681377040375
-0.8888269824684529
0.013971349901970687
0.7809131213842975
-0.2873206012820623
0.749367357168335
0.8024663257139508
0.8356822673173177
0.8751560631099027
-0.5555936171975262
0.49503171944446756
0.014804407477334441
0.7307526934179486
0.7726261591160517
0.9120713870910995
-0.5162278957952702
0.7824970562431788
-0.27270988976558713
0.8073943832638495
0.864657592260945
-0.11961878866348352
0.6020263974326606
-0.1636001400920008
-0.6494741182951815
0.4695944800148053
0.6334029541282178
-0.5625422190045541
0.7061128248265143
0.436429446217652
-0.7360876755267858
0.6167988575228167
0.7089087624338957
0.7655091380471233
0.8295705834260414
0.25496646156327246
0.19391736462992387
-0.28172775140299605
-0.6930195620383668
-0.9092516985706731
-0.9562773087456253
-0.33940041372997326
-0.08617824036051447
0.3227246618517118
-0.7806188746777323
-0.51211046295639
-0.3340682884595125
0.7242707240844025
0.10775294546914208
-0.7846227732765751
0.6170193309116284
0.8771783043804
0.8760252995620985
0.7932359548692645
-0.244317409644417
-0.012500117548558454
-0.6716865011323643
0.02847086353714598
0.7543816020717407
0.9019176099153208
0.9182804053992444
-0.2871073208338584
-0.7931341035392032
0.002009166589188205
0.7968874667162704
0.8170047555519855
0.22912496819363892
-0.7940177338156333
-0.9100567561586286
-0.3753639679014558
-0.6561067565695646
-0.7175152560065146
0.6941509456248627
0.8102869229649057
0.23252188737644325
0.7816153971697613
0.8470901566494309
0.900257114923702
0.9326448548718416
-0.3952640953586312
-0.8162732919985998
0.22973691544913447
0.6566296081582068
-0.24922595672546183
-0.6397200601255049
0.4877641071913674
-0.2598085410141923
0.8009731625470262
-0.337517308526417
0.438866867769904
0.6712895474550542
0.8456500743050692
0.9205463380394412
-0.11801647012414013
0.7830287898512522
-0.25206632613091434
-0.5790229993303859
0.7043621262997699
0.2415960372206403
-0.4686056026078708
0.7136650186406139
-0.4221164997869417
-0.6631633641976897
0.21182558623891548
0.6238007507577323
-0.4698606708604088
-0.8600443703734182
-0.7786933838774261
0.3237543133425621
0.6278223304738211
-0.7066248993747211
-0.8741752756875885
-0.9374902036387591
-0.9352090990713111
-0.5417303218215792
-0.8546543398072963
-0.9051147943489333
-0.8463766000534605
0.3409424813023547
-0.03138650348776473
0.7408744064525057
0.8382551352185679
0.8822945747516231
-0.31712754780924496
-0.6415599307699478
0.7030960685718386
0.8934433873142498
0.8907848143417882
0.7646904818800109
0.793272655105626
-0.21375064440469055
0.7999936265946779
0.8683104448697758
0.8835454753030483
-0.05614106328760482
-0.6685560210343346
-0.7891228334902098
-0.8325159565118492
0.32807882002448524
-0.715999385626034
-0.15246179748272054
0.7759136264194857
0.8614159109728063
-0.27991094486894014
0.8205271500932096
-0.3341561717934392
-0.574002801718134
-0.6998206756681513
-0.6255891680146748
-0.42366031893476747
0.8132140068387468
0.059014171729063564
0.7991679266174019
0.6074081676032335
0.712074262668142
0.776862576348246
-0.6480358169850107
-0.7697677109669152
-0.8085399332455918
-0.5088032140469105
-0.622696616295904
-0.7144137017134435
-0.8844576087089591
-0.43344457333217173
-0.8523477014202441
-0.39959625919271474
-0.8442206223148176
-0.8546167246064664
0.4837633607228621
-0.7782609557575173
-0.8168936851217095
-0.12014997404612499
0.35416839019582663
0.15517660824897267
-0.7835716356037359
-0.738231817794162
0.012428671807910824
-0.7731876307917838
-0.9129949710887177
-0.9488384501127372
-0.887017753128412
-0.8776460027811601
0.4609481612976334
-0.08228473061288427
0.7350850743352033
0.8063460733144483
0.7508866925620383
-0.3385851119428602
0.8301872728234929
0.11268768832854692
0.6568037863942261
0.7429378893560773
-0.3604621254921602
-0.8076438363699276
0.56274728570085
0.6782751088373904
-0.6975578085771419
-0.5372796672478346
0.40392009320716915
-0.7198484491490942
-0.897906349233933
0.04272617164034612
0.7164223267225891
0.8650341976522844
-0.45251989817211963
0.8119263152828418
-0.4185477709276861
-0.5828335416825254
0.6005065631633582
-0.4301626645145185
0.8290094994555759
0.8710814979757076
0.9353275796417069
-0.0038258016063551503
0.6165750673089734
0.706556586891804
0.1034575961766446
-0.7649059811992842
-0.9124974658785099
-0.927691894093871
-0.8987708743170719
-0.14803105296224645
0.7871900090141057
0.9173268887792758
0.9061711831227428
0.31762196944709475
-0.3470600804676775
0.8248161830936764
0.8463995326558116
-0.3551555060393014
0.009468467259834634
-0.3627486170925717
-0.3026682134572107
-0.6572560625241133
0.5972691496207314
0.7215265022788449
0.7467769801631607
0.6591103704955626
0.7530975476443691
-0.6239832705813722
0.5664768419557062
-0.758412428194613
-0.29198582138175516
0.6049894628230075
0.7291307194259564
0.23460457475252944
0.7721894122562007
0.8224079405391682
0.19060708313507405
0.7666101252037796
-0.22681677952035068
0.802582167244758
0.1169608908323089
-0.30472347031913644
-0.6985588712349395
0.308615120241843
0.8328496188242827
-0.14542892326730833
0.19054151261719846
-0.7985526959858169
-0.9201875500143661
-0.35637586076291855
-0.8206442326101011
-0.8410264282243032
-0.9420982316313475
-0.903058340165946
-0.5749672317386445
-0.6615202108803626
-0.9007951313711349
-0.8716162530161011
-0.8718576069630941
-0.16910263480993004
-0.7672327948385795
-0.9298994622903367
0.42356957385336325
-0.4828214668090854
0.7132159697207832
0.7703573916672075
0.8064169002787285
0.8384527130827126
-0.5461963555578704
0.703049826802111
-0.26485569778199497
0.796365645002943
0.20826264334599529
0.8143215497186622
0.831507651000861
-0.3319882557910681
0.7144529390629425
0.8709809738915208
-0.2761889663753601
-0.6223909391161386
-0.7600924816123749
0.6748620271444119
0.738857658198793
0.9067026904548856
-0.009071435207499423
0.6970724949237633
0.755441512071013
0.8182450240240788
0.8535648435788148
0.44441318619450393
0.6261617765053413
0.032694942748153544
-0.7529546952903388
-0.8082777247117303
-0.6196952293259219
-0.6987287412414924
-0.9075209851066637
-0.8910755308609986
-0.872241445571281
0.4540616568302908
-0.8259185209906963
0.3024001895134745
-0.5338601167059289
0.4523723445600326
0.7133257076594155
-0.6647545649235951
0.24093734363109787
-0.6861537073612152
0.7027151952767476
-0.05441746116080587
0.604549552825696
0.8588293627854986
0.8728744353743403
-0.4873410700548339
-0.8079009773050496
-0.8349403152244457
-0.20267468712249864
-0.6174018520824096
-0.7145356977178663
-0.8818274631030931
-0.22344019271582743
0.2792571617694396
-0.7554648407877482
-0.9119171009996534
0.04361095364586032
-0.7184701538194551
-0.9099742830622
0.5581739981396847
0.6733717977008553
-0.13353782255707636
-0.4496340606743759
0.7685155067444434
0.8359966851456642
0.07380119754561132
-0.7948394722269398
-0.649757232350588
-0.7336399023364508
-0.7303751473959748
-0.7958781092654359
0.5963625440229978
0.8113099612133967
0.8648800256934555
0.8269654523475674
-0.6247259821074445
0.730023087902498
-0.50676215609804
-0.6999782289788825
-0.4156672228656459
0.655509902059169
-0.49585711330928967
-0.6500465332421665
0.6248961433129394
0.15632706956530418
0.6551652818075714
0.737971948477821
0.8578023379190198
0.8693877808150532
0.8883043554019747
-0.440976349168342
-0.828926273215068
-0.7952488432318519
0.11578948345413634
0.6664220216594241
0.8084647791589457
0.8424941991067194
-0.015585275294217327
-0.7513300321698435
0.653468358934187
0.7288442475792154
0.4972993486100585
0.8729660966404822
0.6471435799602006
0.8881276469499804
0.8805705057459687
-0.01992376050481387
0.7445537352134366
0.8102156603162711
-0.4343243730844863
-0.7955522719456323
-0.4713261394248172
0.8015170014238875
0.8234255150180296
0.8709639047674393
0.9101264638752835
0.5959964542782918
-0.30655648441459843
-0.45924208246896187
-0.24863849110151165
-0.6077071441300264
-0.7605282401211277
0.21535408443756449
0.6595170300062285
-0.3614629709838369
-0.4339030699287933
-0.8444606820364089
-0.17233934009964103
0.7858289339232167
-0.3874107844044791
0.7366356244824332
0.7928001630154
-0.3332343029922102
0.8110400094554899
-0.4864213337304673
-0.6195475395763219
0.48356209283945295
0.13511956213549203
0.6613886777244427
0.16286483838951743
-0.3068325828092023
-0.7887016721623565
0.6240242691492736
0.7817450338134866
0.4476889703951479
-0.7877307210080768
0.33248158864479255
0.5993131870172723
0.6960734196645109
0.8715389708473702
-0.5625720566842627
-0.6644683882879363
-0.9008398893339888
-0.8769879169817996
0.27203977713054045
-0.8284635048468032
0.05775000882677547
0.6756665254674611
0.7592931296762118
0.4927709197977337
-0.7901439042591754
-0.8802401741248511
0.009277592008649582
0.7931561627650554
-0.5809608637548045
0.7266241633134951
0.0038698804340793758
0.7445742991177959
0.7732009394540953
0.6471034971482312
-0.5342248707545199
-0.8207780281264625
0.6069733555798277
