 1.000000000000000000e+08
 1.805175951909700593e+00
 3.121734784067073498e+00
 1.830581132821044177e+00
 2.025686442229901463e+00
 9.284679052038241620e-01
 1.365794236455003086e+00
 1.718620269470279904e+00
 9.089756146304048823e-01
 1.217418601011820423e+00
 9.720535564799815953e-01
 1.280682608039691583e+00
 2.463920208393015177e+00
 1.121514036696115602e+00
 1.158674805095913696e+00
 1.400646636152881985e+00
 1.188571898663619786e+00
 1.145274366331823890e+00
 1.256013329137367185e+00
 1.019592679389555334e+00
 3.301992276728681897e-01
 8.777035792752377885e-01
 1.301651672432253326e+00
 6.086871915702340985e-01
 7.190597308224602191e-01
 9.514091948380637431e-01
 1.245749629752772591e+00
 5.165652861035082699e-01
 7.587102345433179851e-01
 1.180357369305122583e+00
 8.930587337215165622e-01
 8.744766606539933207e-01
 7.363640580210913944e-01
 1.068433381098180091e+00
 8.102711112462004373e-01
 6.758910214187292542e-01
 4.873072229924059751e-01
 1.299434655341717093e+00
 1.432346599901221040e+00
 6.041460275968070226e-01
 1.039052934891148361e+00
 8.906669572704150051e-01
 6.883889617973982800e-01
 7.865207352105431093e-01
 6.465371578044766254e-01
 7.501060744187725282e-01
 5.702721108994923682e-01
 7.561432963346395031e-01
 6.288476335317401134e-01
 6.138740497981240996e-01
 5.851003782357545591e-01
 6.888116963592271214e-01
 7.160769356419620646e-01
 7.450268421335317637e-01
 6.885289060940698036e-01
 6.170953463752238966e-01
 6.163304271572480619e-01
 5.125183582078736144e-01
 6.606854526940936223e-01
 6.440702562036708656e-01
 6.442972727449697290e-01
 5.789460870803014858e-01
 5.763763297977879674e-01
 6.668691861243519758e-01
 6.606735743756588786e-01
 7.263297575261842276e-01
 6.092810492934138678e-01
 6.067084317491382439e-01
 6.381921423717862307e-01
 6.150999421790305233e-01
 6.890673298654114154e-01

