 3.200000000000000000e+08
 3.668290010204129885e+02
 1.153485945856196793e+02
 1.218698851797927603e+02
 1.048962949588576379e+02
 3.571838290942265530e+02
 1.367558074516492468e+02
 4.519482968295423007e+02
 1.499500479519809915e+02
 1.314036539188531094e+02
 4.662498640293580934e+02
 2.097182103348764031e+02
 7.725013409870982741e+02
 1.637174146318019154e+02
 4.963508159163955611e+02
 9.466712358482815262e+02
 1.176040776999559654e+02
 8.501903711572842894e+02
 2.801376411612225752e+02
 2.970024151658184337e+02

