56
0.0935448053718031
0.07656177863583177
0.07603253667607614
0.07274691076680213
0.07080298028421525
0.06871649362640873
0.0681921548880964
0.06781869308256748
0.06454421713362032
0.06192249106223966
0.0588310201849079
0.05380656751177421
0.052127204616102873
0.0528173706481237
0.052675481877673715
0.05182128369285132
0.04931005457540618
0.048942563503526264
0.04882502425004482
0.04711050213623946
0.04546893854953597
0.044397962572156134
0.04342634511600313
0.04380236662601529
0.04294563334054883
0.042654090848910135
0.04191431227974675
0.0411127148318308
0.04124566422794758
0.04112163556366544
0.03876956379594237
0.038944486727639345
0.03891836288101053
0.038754840943675636
0.03870619595304
0.038002645289162675
0.03794346224548547
0.03791972975600104
0.03835680224988449
0.03859735158318216
0.038641386028816345
0.03823668801180081
0.03822992792589845
0.03821517275745117
0.03811398724954477
0.03793031131053188
0.03736167375812568
0.03697799673655734
0.03660703198324269
0.036019972134548044
0.036640661910357954
0.03641869956092952
0.035961051860999134
0.035864439430396224
0.036136145674104815
0.03552025246949529
0.03445814632195449
0.0337130096518588
0.03270917905213725
0.03227039422801838
0.031223597547513776
0.030737049705222518
0.029962390853159528
0.029765298569322366
0.03006954193421469
0.029552622503512257
0.02868132830310639
0.029145436903584485
0.02889542986688071
0.028242995532591523
0.02748646791163972
0.02731529888349204
0.027571752034363756
0.027617989129494144
0.026801946584314236
0.02634169030025026
0.026354186724229844
0.026244649158544235
0.02652630990572846
0.02604676184332772
0.02559594128778665
0.025208033198369815
0.02545390526536734
0.025242921530352225
0.02499890465115694
0.02509139044977709
0.025113733897000962
0.025171058374089644
0.02523482049596362
0.025001930416265184
0.024534236601321167
0.0244155400587044
0.02451050325199677
0.024526868971562272
0.024010730531216325
0.024106072723691255
0.024604862824123292
0.0246519112226474
0.024532505955261522
0.024479491258800428
0.024225951376123236
0.02403649983615095
0.024247651563500373
0.0246150347062534
0.024661671764045264
0.02447628782566943
0.024100710577893675
0.023949616453584878
0.02446360812436793
0.024315973704203474
0.02429854711994984
0.02460196620735187
0.02481269490088247
0.024818352052505842
0.02528644609901074
0.02560150864014541
0.0260410142163443
0.025960749601964657
0.026211566151013665
0.026503450784545274
0.02651727992974864
0.026562804965953313
0.02658160532583648
0.026016690354699754
0.02601535745953867
0.0259882119758069
0.025633134539418605
0.02539972329160694
0.025919235374672573
0.025534176934643476
0.02556594399787481
0.025352658868966323
0.02601333778642364
0.02635007036698553
0.02596857123812255
0.026089649104556818
0.02620233558485192
0.02678818086772858
0.026927294604578107
0.02719728848111886
0.027156076814883943
0.02727615705251318
0.02771444649833064
0.027592167761222253
0.027885138286981265
0.027636845688372217
0.027779576151471152
0.02826837886637903
0.028485194136161518
0.02895013439474012
0.030148463124802936
0.03069753856066253
0.030797695164588784
0.03164580497267095
0.03217237075562831
0.03368588138913897
0.03542412262221341
0.0374611649607789
0.03800492886648986
0.03808331538730797
0.03882885953200943
0.039541975828870694
0.03961198298222506
0.04022926100143226
0.04008003443459912
0.04061802803916693
0.040507952036709226
0.040435235321336374
0.04053384167469511
0.04087101228270629
0.040764867186065964
0.04085358033487888
0.040787802156842225
0.04102689848068908
0.040729815023735426
0.04033050751168797
0.04029677100868464
0.040470704767267836
0.04093612384402811
0.04109159307673244
0.041177946321883444
0.0425603057604208
0.04360348673883712
0.043264254394018174
0.042613693150413814
0.0427964098874169
0.04357826862132871
0.04452871785987047
0.04375563447500421
0.043519764169404784
0.04404994753382728
0.04446558711364777
0.04460164968800947
0.044358358032259924
0.043644670006777686
0.043743623818536005
0.04380678331335943
0.04392784823644468
0.04368499685423588
0.043324015562533
0.04370009174828527
0.04346196241137267
0.043581360681715975
0.04356812448737196
0.04302797687619299
0.04303226590312359
0.04188504190984758
0.04147546395665774
0.040853743534636604
0.04078571256173631
0.04051464569551707
0.03957739280379841
0.037946087854145064
0.03565744567974448
0.035048589537086075
0.035441300343742044
0.03540070401585192
0.035122615268207445
0.034508285326402884
0.033763516011721256
0.03397436714292571
0.034020792682166394
0.034063765819544053
0.03384961873253785
0.03380103299106312
0.03432135078620554
0.03465248035580286
0.034576935652813647
0.034494245009489236
0.03451294455621293
0.03545981233923219
0.035888095139772244
0.03594964711675985
0.03590374655870745
0.03613176910923958
0.03594650165788123
0.03645126046857201
0.03520128171044757
0.03465578582792113
0.035220627346703934
0.03558377387759716
0.036106937471173495
0.03561708442550759
0.034644982718090425
0.03458601006809908
0.034803679755521365
0.03474482903070127
0.03452778098080663
0.034252142399758205
0.03403552014221845
0.03466826247555917
0.03495862779883692
0.03510778348567292
0.0348381912945855
0.03468717937586179
0.035836704376605126
0.03517686243076773
0.035639878270896076
0.03537016989849248
0.035054024639393035
0.035192061942090486
0.03516704558815158
0.035814526821265916
0.035584237318175206
0.03546148319676589
0.03500267393065752
0.03477805558300354
0.03433937468197338
0.034738525161144104
0.03476078802545673
0.034287038551940985
0.03392486100095711
0.03377617329085481
0.03376266404458305
0.03378524410331427
0.03394966709877075
0.033627263895415434
0.03292198457599164
0.03281256125616111
0.03296362087163907
0.03304001679441398
0.03212483811849722
0.03171692264686877
0.03157556355383368
0.03130679715891162
0.0312901369929831
0.03059858217535841
0.03035308594699438
0.029861090123928565
0.02968803603704063
0.028948724286573028
0.028849957321223443
0.02854285019310727
0.02872863138016571
0.02833494976283286
0.02835978046595437
0.028150612373434785
0.02790436546524152
0.02768238212409161
0.027761791321028052
0.02818010151915225
0.027416460271955233
0.02692367244804331
0.026549980783017867
0.02652773039857916
0.02610283867673909
0.025385751323532543
0.024970053939583264
0.025410525621847427
0.02868892579384676
0.032528405310282414
0.03461988824089206
0.036105431020582536
0.03633008341740163
0.038091271236189786
0.04209847988193112
0.04805345169126614
0.05106951928120973
0.05234695836835861
0.053535168941515894
0.056104369730079914
0.05747757578314816
0.05799954259410711
0.058284085137271215
0.05911840672280927
0.06070186219287588
0.06292233825803892
0.06404970184103724
0.06470736169787686
0.06420615700797655
0.06545489131582113
0.0676864631946459
0.06854924092471418
0.07007039301285628
0.06985696249131186
0.07008604895628368
0.07221098577101208
0.07290794293782714
0.07456439586030832
0.07518706027609653
0.07580684562205885
0.07800760470784975
0.08016485871515712
0.08051465769497448
0.0808274586492314
0.08174943518558794
0.0826497363717188
0.08308573691720948
0.08274914814029045
0.08239157001804302
0.08298851181619234
0.08293827008739676
0.08379718166794183
0.08383042806680344
0.08394057903608178
0.08401564724044729
0.08452492582367134
0.08504377723555799
0.08533665978957292
0.08593376817375045
0.08656135954930826
0.087261940484491
0.0878425413332594
0.08805976770708124
0.08743154558611259
0.08401488019055191
0.08023497846796658
0.07731284828475835
0.0758409564203022
0.07525036300312114
0.07349688582894001
0.06949063433768714
0.06445568472177413
0.061200616607522185
0.05953314197678443
0.058660488706999574
0.05647480868243687
0.05548189301578466
0.05503099161334442
0.05488063816352714
0.05403747034416211
0.05320236444402817
0.0521498723613651
0.05071054861472705
0.049991892177620116
0.05098677269883141
0.050164158369226754
0.04802756830095534
0.04715226916791697
0.045963886745028694
0.046801888074055345
0.04716802802993399
0.04520580987338631
0.0451305215648158
0.04327823919889746
0.042479982442892215
0.04216929410370235
0.03966764800417973
0.037517455485830846
0.037410305403511555
0.037186263445383304
0.03611138979890753
0.03529041983139696
0.03472863350093107
0.0345135513997925
0.035082219911861466
0.034448666351654986
0.034046238995515926
0.03335171065660168
0.03288097724916206
0.033195240892713286
0.03384783288092114
0.03253082663949721
0.03240413384461828
0.032276964450057226
0.0320884116651472
0.03178600189000571
0.03176358145999825
0.03189808269183739
0.0315054897417894
0.031915611454910446
0.032211102526491335
0.03256337576382084
0.03248642777313092
0.03206817937632922
0.032141329091037216
0.032373612614015425
0.032258750285104144
0.03156600558001127
0.031170749279793818
0.031557568187223474
0.03116952005358733
0.030837003213564678
0.030204062447331367
0.029957087663098323
0.02998080895341318
0.02962779847491543
0.028960539370647524
0.028229727448522337
0.027989503141914278
0.027234337898966694
0.02660783131144403
0.026366132238085295
0.026216695563408787
0.025909685795653663
0.02561694319469247
0.024782069714249167
0.023933447449880112
0.02426551535401846
0.02431581094729394
0.025198019809717233
0.025296040848327307
0.025201672634740102
0.026022797299409157
0.02661137377166379
0.02683626234175545
0.026958290104758458
0.027820121307618302
0.028061212707210608
0.028459745206054758
0.029018359240119463
0.02970820065926178
0.030377930310871843
0.03073984179783099
0.030750556853351905
0.031162942408521934
0.03194845588613653
0.03237259372127366
0.03290274573743658
0.032904203605161816
0.03390380670210403
0.034685636893386086
0.03490587530606591
0.03527936752680341
0.034850449463742245
0.03521593645497616
0.03567828079398686
0.0362554465720092
0.036581803015764344
0.03659733063935326
0.03740808021257334
0.0376930496342966
0.037698596367781355
0.03771712613747902
0.03794698434705627
0.038524108914599973
0.03864320205005852
0.03846707033947462
0.0394480285532265
0.04002177689613883
0.040024079280694694
0.03981025587882802
0.039703938070678166
0.03971542384665623
0.03977236200628952
0.04074367293019159
0.04089655178875142
0.04071549381079719
0.04050195083562725
0.04061320038563091
0.041308050168838706
0.041921967887769356
0.0427875001445141
0.04302516046353214
0.04347107328188691
0.044005391547359614
0.04318659876661874
0.04437446085459958
0.044085144789367293
0.043992984181197146
0.0442313586124246
0.04518945300333717
0.04619545150708198
0.045400996430354626
0.04564057926643079
0.046155060077912015
0.047150889952834764
0.046749915320788114
0.04674410135777938
0.04668564290970214
0.04711584472868513
0.0478252380427538
0.04749254175616589
0.04721961767173751
0.046706069147321214
0.046894916568248395
0.046897865312959176
0.04694888388113471
0.046805675860495756
0.04623941849871247
0.04734188672451551
0.04718330622527719
0.04728218424302845
0.04641209139790576
0.04605380752233216
0.046005297881194486
0.04541635215343681
0.045716103304322964
0.04552272214585897
0.04542166217476949
0.044835655265220764
0.04459847208383178
0.04408000500338604
0.0440662172286874
0.04304347649024426
0.042634375242247224
0.042355476105404875
0.04257039068265558
0.04286531022831507
0.042727462101971835
0.04287053444951329
0.04236982887657477
0.0428872528863528
0.043239228665358634
0.04382012873898157
0.044096185996634576
0.04399986791924553
0.04381965813848574
0.04350510040244004
0.04372236035515079
0.043217900972260005
0.04277005888627282
0.04286330551882057
0.04199572281724172
0.04205593876943259
0.04189130203200631
0.04124520368145328
0.03996274118824692
0.03893327386259415
0.03917600426142893
0.038741463646537064
0.03783759410155719
0.036660861712856964
0.035962489211612166
0.035331579952869036
0.035363410952618954
0.03459195096940428
0.03361496918118998
0.03294023573829458
0.03230017889279411
0.03253966323752973
0.03224449970396255
0.031291358226231
0.0302706878070796
0.030043448288627705
0.029767942624397865
0.028378136290314226
0.028280777379995757
0.027563231574184877
0.027410141312890136
0.028532451132740545
0.02815535900372662
0.02860621872088558
0.028524614819851878
0.029069495826376808
0.02914509278879782
0.029287176678367177
0.030127369114912587
0.030096512279586932
0.030920400524635083
0.03143491616013929
0.03212766832221739
0.033093578070685976
0.03325520460322891
0.03298326163989212
0.03308506801621743
0.03316747257919659
0.033113466744976346
0.03270152466414344
0.03243408469623937
0.0320647981587629
0.03190763507208909
0.03143122027043952
0.03109992895400827
0.031004123620433692
0.03105421922375156
0.03086089377886374
0.03070210952133335
0.030917961960061423
0.03086640328532037
0.03117781676678618
0.03115159479939358
0.0313062111337857
0.03371540975575615
0.035528494960396104
0.038370447464400895
0.03999697274440522
0.0400566282234248
0.041217582092354765
0.04344763839810239
0.04669050731544627
0.05094180038817119
0.05258031150860882
0.052534039013548986
0.05315949471963492
0.05436286158868262
0.05605760054382897
0.057477644710155096
0.05768512619589792
0.058449624364350215
0.06027202033004319
0.06102593926076087
0.06299700135616797
0.06330150931304059
0.06324408726090164
0.06421820636173543
0.06299471228472023
0.06581127813719051
0.06550394874008639
0.06526034804439518
0.06643898547455775
0.06708127167972064
0.06771174788395791
0.06764204280841664
0.06787545184748957
0.06793601258278745
0.06873149802320094
0.06845642567370974
0.06787463049415264
0.06751323002856793
0.06826637889855687
0.0690480260867834
0.06885402265290227
0.0690593603260152
0.06914628496065163
0.06895164507011456
0.07029855451737561
0.07094193630541999
0.07106694705512497
0.07101349670464512
0.07127357389194333
0.07137972806095429
0.07128337962202798
0.07133986623921207
0.07101501339668743
0.07091582118990065
0.07173363956382169
0.07145508741181451
0.07111317150308046
0.06910438231868042
0.06720963653305505
0.06536583124627571
0.06450063356417778
0.06482708617239055
0.06344057944834322
0.0610897544989874
0.05873933308194913
0.054797014434690705
0.053325301561124965
0.05342194059281028
0.05283218606833983
0.051814915928163445
0.05016217861805774
0.04891221111307274
0.04842027545408372
0.04742139838819219
0.046029808757728344
0.045382592991590906
0.043589129155412694
0.04319690729858465
0.04301363790486001
0.042431801895629326
0.042857233287103676
0.04002681678382601
0.04028602746725997
0.04064278302767256
0.03892876685278827
0.038417724409678236
0.037440114164193516
0.03654266714358315
0.03664048044477277
0.03573730360218993
0.03533889857042468
0.034755598694679445
0.03453311547589659
0.034889079166942526
0.03498760530071636
0.03442711266187719
0.03403592655291181
0.03363785130031039
0.03336397309435966
0.034574255192124134
0.033704437430557406
0.03285055366843799
0.03266092339139207
0.03237651349234553
0.032367174625936884
0.032653407420714035
0.032341065783553107
0.03196878659817725
0.03196565029812276
0.032062334307845136
0.03180356998609611
0.03244621717377997
0.03293383879546343
0.03239431257075727
0.03287956736290748
0.032380498843125334
0.032438445257258454
0.03294660926499742
0.032940038461211366
0.03323061793346251
0.033418127081183094
0.033445444582179594
0.034055062090754165
0.03422573566151051
0.03425781631829482
0.034570670093282435
0.03622111825966821
0.036653588443058535
0.03691161895897228
0.0371415687237503
0.03738463036371738
0.0380348895340063
0.03857278416573658
0.03901459081798505
0.03990656357727929
0.03988246638930849
0.04004209873656483
0.040980630100512526
0.04050311138955912
0.039921019282137093
0.039897465636701726
0.04004187530229517
0.04106011641663052
0.04147477493710348
0.041753962819007485
0.04239792557461353
0.04164505405767816
0.04262566129816973
0.04314800477712788
0.04288248131806794
0.04186527062924814
0.04184137346147015
0.04246025004679237
0.04246999931344121
0.04265811444528478
0.04147459891953946
0.040629328758034766
0.040555796603198226
0.040663608050148924
0.04107655651223802
0.040514507584947033
0.03983238332193648
0.039727423320049256
0.03986511450654227
0.04041222578587704
0.04062383128041707
0.03965648395619552
0.039087146546520804
0.038697531731267394
0.03877162278838996
0.03846088045295676
0.03794053130218093
0.03690989193703554
0.0366986238140636
0.037710620467885266
0.04178389099072631
0.04301231554829999
0.04227495755070072
0.04286730667016709
0.04410696494807367
0.04678990889702238
0.049751924712858
0.049444980384545555
0.04932896571853369
0.049870167834141284
0.05103730977395029
0.051351195118335795
0.051778846322772784
0.05113231992804202
0.05082823093525797
0.05135424142176458
0.052335571894200086
0.05266041133500604
0.05219680062055892
0.05244973718568906
0.05257036538824206
0.054212035190722645
0.054785904914670946
0.05409038500071589
0.053711076340514405
0.053460337715671824
0.053588134643375314
0.05436917315047716
0.05393480589315007
0.05341393284764761
0.053785578580886895
0.05447678402335872
0.055152099233335916
0.05524897632775288
0.05558475283294474
0.05540298603709245
0.05597425380244605
0.056622670991696565
0.05703472859302311
0.05788612916039958
0.05754102216438296
0.057516128535332396
0.057520809307947625
0.05836345899633166
0.05846688919715238
0.05848474165395378
0.058209387245424925
0.0582859546035715
0.058882142158854164
0.05917118417525096
0.05923534989423063
0.05913081319867834
0.05924574617794409
0.05969835438921609
0.059234102319941535
0.05853787504115478
0.054261422596339204
0.051969749598104006
0.05205367553229112
0.05066945482504446
0.04930441310111449
0.04636040529609572
0.04270221505527135
0.04134150565051648
0.041152995376053665
0.040517243561951084
0.03975063744443876
0.03895890539888523
0.03755534123408403
0.037856442545952614
0.03791247719443638
0.03633958842109671
0.03510323166275879
0.033920623390774646
0.03331825405308332
0.03323591614997259
0.03285274967769498
0.031045621482644364
0.030770933030463576
0.030835048650149525
0.030736224545808297
0.030620479925702514
0.03046063167940601
0.030145957432086368
0.029947425528097843
0.02987147444083515
0.02967099153659888
0.029573430252020062
0.0290232027281169
0.02867217917901908
0.028210694438934654
0.028571636891802386
0.02787922675049156
0.02782361927219167
0.027371580089158545
0.026428379705170483
0.02649484855319586
0.026970059031675955
0.02672769792517054
0.026707874254683597
0.026749314155476964
0.026431706043417897
0.026651617316610945
0.026890644423652518
0.027103500373893485
0.0266991984568151
0.026941414164433113
0.02701290942482023
0.027193363838234116
0.027596907544184982
0.027977958010278196
0.028431290721380575
0.028923589303102622
0.029751250502598935
0.030269917894369093
0.03141604770121512
0.03136192666241096
0.031764289146607554
0.032118170670964265
0.03237480966761745
0.0321804504427477
0.032620293599412806
0.03232827905422348
0.03243194391738037
0.03317196481856536
0.03317035817436186
0.03321850751154311
0.0337696068775863
0.03418050500338399
0.034985553571956506
0.0352718031567471
0.03518317137797234
0.036184956861984904
0.03645291953349829
0.03568459587914066
0.03542923969093512
0.035802273374088166
0.03559709446281411
0.03483704057106755
0.03418613532697667
0.034114775204866436
0.033839358440420235
0.033798115231024654
0.033654018654262215
0.033494988300085356
0.033664817126043446
0.03410740276711622
0.03405514419765967
0.03458494354173786
0.034668086523905274
0.03448449234816715
0.03433581041744683
0.03543738596557254
0.034836653949333614
0.035612747470049465
0.03495982948045331
0.03473648464851587
0.03450441222604507
0.034289140249853675
0.0342094907061843
0.03344059668062254
0.03351916902178235
0.033012959182042556
0.03269956691562194
0.03224004237864967
0.03141371331247816
0.03159599226952732
0.030837230796999293
0.030069743272117207
0.02975379608863463
0.02950952046559605
0.02840829778343384
0.029454456638053968
0.0317224992572293
0.03427237369969837
0.03595568296767815
0.03631046949495699
0.03627691562259192
0.0383968497784157
0.041560771459796496
0.04495727453801076
0.04596888188535746
0.04644080921227945
0.04641033427823375
0.04712264781503754
0.047271633528719235
0.04807823890468219
0.047920524003464915
0.04747963878409539
0.047767456486726534
0.04868243137665583
0.050374429244653275
0.05034348757292334
0.05032535197788236
0.05052604092421469
0.05103090162307549
0.05122117005996955
0.0519054143728647
0.0516015651394912
0.05139931965482449
0.05162661249495609
0.05182835627800348
0.05126151348767028
0.05126690918450794
0.05079208787649909
0.050352986106412014
0.05098359366878785
0.051678228951000396
0.05065417732613594
0.050518532230682374
0.05043411273162469
0.05034243053268792
0.05042111698325292
0.050355390296374744
0.050488477118548106
0.050545078680742685
0.050979913046095664
0.051565071814108174
0.05196797193439528
0.052131917151257534
0.05205982881137385
0.05229902140611046
0.05182022152020118
0.052093796722846156
0.0533597415750211
0.05344418831117936
0.05396901859244457
0.054650262213582275
0.054435119525446
0.052535782662077805
0.049834054346927656
0.04982894392359811
0.05002305688827551
0.050373304183051124
0.04823426728344436
0.04513957955032009
0.04165713796841568
0.041285277351479924
0.04097256785365004
0.0405795479032705
0.03995255152524219
0.03992319732563158
0.03986228710487821
0.04027758346156935
0.03996646017029004
0.04034895895908084
0.039818880580650605
0.03843443432897164
0.03875926112433977
0.0394742986281832
0.03951933707083851
0.03987984376419538
0.04035484187334486
0.03999593202172082
0.040446861989138216
0.04097901546712556
0.04088882841622959
0.04048450697068389
0.04106409223520927
0.04103278939827134
0.041389455333007565
0.041609537444812605
0.04092644138186004
0.040439329825530466
0.04042090881673259
0.04039845918011705
0.039754390781700434
0.04019263704614604
0.04000017476786909
0.04000043310514334
0.03963747642695488
0.039339645165501
0.03915137890465722
0.03845066484242987
0.03803409451961174
0.038106709404221895
0.03835106340965279
0.03815720774319391
0.03792839587674004
0.037642250883201285
0.036701435485461086
0.03647008008305879
0.03582648047376492
0.034980380718269276
0.03438217304338999
0.033981677203101704
0.03422089470978453
0.032501748122746234
0.031715862290626846
0.0317389682048807
0.03225884751516924
0.03195417831344803
0.03166001265661971
0.031178478472704586
0.03162555060903931
0.03203467333511748
0.03191072884487146
0.03114517908582155
0.030515327438729475
0.030231696657050295
0.030299774757593843
0.029765582435633587
0.029676143941046184
0.029571821273557737
0.02886573057423785
0.028059302583747336
0.027941815968565657
0.027851525839977603
0.027015326086515256
0.027247875292467555
0.02692131228759289
0.02682286878486902
0.026628550518476433
0.026153972436546692
0.02549030170001137
0.025252095974090897
0.02519523143501792
0.02512596025648575
0.025405637726707387
0.02519756178580194
0.02530258476880338
0.02574277239386294
0.02561316678735766
0.025163134554524035
0.025422522199999447
0.02574678866077881
0.025674958511107165
0.025785630911370504
0.02530955478023849
0.02559411471462511
0.026038137353329827
0.026060029502466015
0.026221218926098657
0.026273906877358318
0.026337219293800413
0.026707474838248358
0.026677628949420582
0.026715354786907727
0.026684469792086052
0.02664586076153733
0.02626277637425614
0.026107497021629733
0.025743310606995945
0.025219462460656903
0.025835369788458545
0.025192406696493613
0.02455817842353817
0.024401837962348755
0.02419670620040779
0.025748712966539935
0.026161127351034985
0.028077984007743837
0.029185889757884505
0.029447111700329816
0.032248168808026265
0.03572943027151065
0.038692149629352454
0.040296085299505055
0.04071201657861382
0.041123253868097634
0.04258236282272238
0.044949943210326596
0.04610349894427433
0.045346076751717986
0.04602785192448351
0.047462934392871935
0.048629699318444346
0.048992647046953844
0.04901485408353129
0.04905461853423636
0.05032937508039382
0.05124115519888147
0.05156858493166384
0.051617313421320664
0.05167403694600507
0.05232188625905549
0.052553456261912025
0.05255378270258509
0.052935026076460494
0.05299269524300173
0.05254470964478973
0.052865733044326624
0.05334596044709984
0.05368156597414314
0.05372907528533589
0.0536076767531659
0.053101436851293426
0.05337943233383026
0.05341990795948803
0.05366447234707517
0.05379685295992804
0.054479131407252905
0.05514778415940825
0.054894694187048676
0.05475572708726789
0.054906674965175914
0.055134454310703865
0.05555254193929782
0.055732977348612316
0.055838075934510976
0.05508560874128904
0.0548072341162788
0.05526731300655146
0.05529298188075283
0.05568224163104023
0.053857909419789636
0.052636313052560516
0.050500872515057894
0.04931337500322069
0.04898778027773791
0.046449013880898386
0.04335877548079604
0.04056782448089125
0.038539850099705134
0.038011092901333414
0.03756419388295373
0.036470859803161636
0.03446886366229513
0.03359187854415395
0.033815889928458784
0.033221801952817855
0.031811890402724044
0.030379513462622743
0.02948693483530115
0.0290053552084778
0.02912808011549225
0.0280002959347803
0.02723289214558771
0.02693427287616283
0.026731088337900954
0.026901737955251147
0.0262219633031821
0.025878141135817805
0.02611721084843407
0.026502323928784682
0.026768127572693125
0.027019025822437998
0.026682869593635746
0.026688217738856965
0.02660273770100402
0.027358097134120907
0.02746597247665866
0.027665606500634578
0.027493768194423337
0.027748901889965562
0.027758689938439822
0.02781910043270209
0.027124476868015113
0.02726380819230177
0.027260688776750346
0.027872365062176635
0.028486816234465584
0.02836082117136568
0.028495822853816497
0.028786572304945805
0.028939586407838978
0.02939058543357667
0.029555088476414033
0.02904492073680095
0.029083553299149096
0.029304595152284858
0.02953205625359953
0.029430214099054674
0.029217084426190847
0.028727140436104023
0.029305941843253407
0.029209784704298854
0.028653979606384376
0.028412777023131164
0.028567677166387778
0.029372622346464004
0.02916826111232892
0.02858906822323523
0.02815464309236153
0.028045033933481033
0.028085105456207765
0.02817393762787527
0.028074712907901006
0.028059958136132986
0.02834078677987706
0.028800024171804522
0.02914435524938261
0.029554372898864374
0.029636123227607957
0.02951926446154346
0.029710916024332252
0.029515755685093598
0.02943169337494486
0.029332737479789546
0.028917332071401517
0.028465728047799958
0.0279627151328864
0.027951421429758972
0.028196093266721577
0.02782151216647937
0.027999856539144753
0.027398429830789803
0.027180938370663828
0.02709094191432532
0.027234882916298248
0.027613238423493208
0.027600013093718984
0.027468686146339318
0.02718758484340267
0.026633301543908007
0.027150033148026612
0.026835443336612665
0.02613326041319424
0.025975247465154
0.025684641543779013
0.025990066669105024
0.02565694848958669
0.025271461464171936
0.025952227967539925
0.026551319269975285
0.0267438293978694
0.02762781162017246
0.0294351078343016
0.03157468646260239
0.03424284109820828
0.03613549610358158
0.03552391734912431
0.03611543741430839
0.038207941513836045
0.04141099194262576
0.04693530713251389
0.04679902919739976
0.04738981949670703
0.047850275296589105
0.04887991348986802
0.049909665181225485
0.050214220293788595
0.04996363480723783
0.04968871633720303
0.051227649254094045
0.05191075316483754
0.05259229091262013
0.05286379639911742
0.05261258011256994
0.05295905824781582
0.053943059113898996
0.05558741339234663
0.055929910622836164
0.05631740294812806
0.05694509354488646
0.058223953858490406
0.0590374150453381
0.05987959644087936
0.05982594248299311
0.06002590408710489
0.060870959992086374
0.061788572497959715
0.06261010347355543
0.06261749405515268
0.06258304119992171
0.06259551651894026
0.06272416930211173
0.06360735707836347
0.06380561893762783
0.06373911345509399
0.06448433442668465
0.063995003604932
0.06499164715503372
0.06537184142185759
0.06561837501794712
0.0655754011520298
0.06489371273972354
0.06554106168756288
0.06618594798530918
0.06559199756355481
0.06500845403544592
0.06482690337797294
0.0635307289118744
0.06193897515985101
0.06003612804721168
0.0577424837407352
0.05614715737045846
0.05671812838077289
0.05580029549332327
0.054375070586573246
0.0513172321780505
0.04567369355138711
0.044787346071407094
0.04420483598871836
0.04390125368067347
0.04291105118604577
0.04182535534315074
0.04140630175351908
0.04143264267602385
0.041760758121255306
0.04062721821422803
0.03979986238215553
0.03886171960337849
0.03866544935769735
0.03881631806264819
0.038853596096472036
0.03792367182990528
0.03641973258725145
0.036344248104812626
0.03625565188668876
0.03604433203218103
0.03483954594597236
0.03385055115741084
0.03348999025600693
0.033817142648682866
0.034329317992603255
0.03363784057536835
0.03271823253903919
0.03302375021120652
0.033144280378938594
0.033668373939426274
0.03373673374937494
0.032961792929562826
0.03229107198486146
0.03225934437644532
0.032469381586005756
0.031432034467815166
0.0314675441561341
0.030235929021482814
0.030229531526239677
0.030269860952153088
0.030085113077053645
0.03009365699269926
0.029485762555047177
0.029485949611050357
0.029501200657126143
0.02939995428955405
0.029118123703291563
0.029265559763193446
0.028669727943898334
0.028518190518587682
0.028126769161938757
0.028043231020103643
0.02757449610111918
0.027830362647357852
0.02723313544740361
0.02695974078853581
0.027070622963836163
0.027687416981292682
0.027784459482194396
0.02778089580232353
0.02763236822919663
0.02771785507249137
0.027974705951245647
0.028679746351860724
0.028523935682551366
0.028505262862508533
0.028860400922117214
0.02944435820574908
0.02991852166282866
0.029715805900322634
0.029132891076140248
0.028753798101561336
0.02874571526941175
0.028349862209180576
0.028341547599438615
0.02831257594701491
0.028886351306354134
0.029057368301744047
0.02888441106755279
0.028826070474232857
0.027820586763303658
0.027995374106846264
0.02753018114672329
0.02652416339308295
0.02655686148683047
0.026024997270782002
0.0258456376811447
0.025515174653467556
0.025391956101196572
0.025412335098990935
0.025301304445535164
0.025261349820509732
0.025382949729497763
0.025399979660708425
0.025254115528347908
0.025090215256718364
0.025178830873773855
0.025381819946906616
0.025296399196856455
0.024832127074578103
0.024737287301197876
0.024696454936132976
0.02504852813929505
0.024927070560164747
0.025117751914806852
0.025144123291511777
0.025245059115620784
0.025423938711072607
0.025386675478325883
0.024878386102478677
0.025054674703761444
0.02507588833165596
0.024884842236855328
0.024278845891330187
0.02427905413318915
0.024103441809652522
0.02450080666589404
0.024175747585544062
0.02374504901355472
0.02318011915138136
0.02311977296549189
0.022988543218026007
0.02261431494684554
0.02232401762936462
0.021235949935420054
0.02190099057973507
0.022408161767532603
0.02412934965349542
0.02663420442015258
0.03054510427948489
0.034333356478417475
0.03536424904267413
0.03604000435703014
0.039173646975312344
0.044839648966572256
0.04799447474769412
0.04998157324197129
0.05091699549180349
0.05138092832381506
0.052566300185544916
0.05390616011713027
0.05522449595905716
0.05665742194217863
0.0576698902848513
0.059335455845783876
0.06176593951341961
0.06331698898352801
0.06372890487947354
0.0636385564846912
0.06485580339692491
0.06633641260986965
0.06761156412154078
0.06808402809190751
0.06771824433407646
0.06896813255033678
0.06991144380397907
0.07060824964733342
0.07152360530592439
0.07146828052750162
0.07183844807914337
0.07278346148466075
0.07386196325841635
0.0753341044141884
0.07557568567878678
0.07558230568796366
0.07693449712788065
0.07723337520094785
0.07803614668679641
0.07869788322753622
0.07880826049408017
0.07952365303216469
0.08002835384799964
0.0805768874214653
0.08101537873430466
0.08094715261641991
0.08081183733426096
0.08080565148954852
0.08110458921375374
0.08148259309407525
0.08149454852989228
0.08183449061299534
0.08118812254784948
0.08101406333406905
0.07948527742522914
0.0768060465883775
0.07328985001319852
0.06934536892673672
0.06808333586939835
0.06706344873965928
0.06414959558915022
0.0587412343892637
0.055415058259147505
0.05373615269857294
0.052532595072095394
0.052385596671544306
0.05136351122575953
0.04975768609472137
0.04894461192509858
0.04803106944315701
0.047117006056228476
0.04531111962444576
0.04260486100718451
0.04114328552854775
0.04108016813594957
0.04108686587481756
0.03977968045625878
0.037892836962827546
0.0366605431974562
0.035713729329457065
0.03569616003652731
0.0346414971380597
0.03383677671311796
0.03310856123796577
0.0325179385017133
0.0322229177195545
0.03206531899456845
0.030870967916023822
0.02967522455245491
0.028274512207854253
0.027830796657426476
0.027768145946330175
0.02669418624863462
0.02650244295596003
0.02603411004761916
0.025265925020877943
0.02533338932223723
0.024388949902681447
0.024155443523743436
0.02357197332425513
0.02322565206569634
0.023350770257921916
0.023288518334818327
0.023343072532723073
0.02316124441986329
0.0225969644435149
0.022546801983032865
0.022340618399368278
0.022480123549827157
0.022538450922720103
0.022386744508367775
0.02219975330864633
0.021709664532713387
0.021630198267988076
0.021547383006645292
0.021206683835091854
0.020870190365556516
0.020592170140223236
0.020364285001113154
0.019796854562510357
0.019990805166971836
0.019515441616957816
0.01927205178400607
0.019589584947948883
0.01927252074561637
0.01857603947103739
0.01885459696197375
0.018652139682564826
0.01884461685761307
0.018555469831663778
0.01808168980623352
0.018056670194272813
0.017903729880864742
0.018281432719569328
0.018192865405255113
0.018402844759913984
0.018935793104870178
0.019056656599391767
0.019199424844578143
0.01981728993359872
0.01994499026504116
0.020240169319170158
0.019786448262736078
0.020118806214653673
0.020667502305927152
0.021055936709570344
0.021695913706747266
0.02156395782396791
0.021787230887133635
0.022337691439385854
0.022256508432496092
0.022687445952421354
0.022478726936020637
0.022670156886070453
0.022414490693982242
0.02242007658793566
0.022716476019327865
0.02296084475532224
0.022959551771471604
0.02303101708434818
0.02328238589898592
0.023826971353749594
0.023771856851456465
0.024128042535641474
0.024044441716933932
0.02445011954850154
0.02477281065135525
0.025109761850903745
0.02525063171781956
0.02624542931417751
0.02696445087914009
0.02720120595357592
0.02720182064131969
0.027083113039297963
0.027796502610462105
0.028689043183973455
0.028853259353161558
0.028992169007247503
0.029047552905125153
0.029264910783736116
0.02996325387324771
0.03121152776374615
0.03072164598867619
0.03206903341156912
0.032693905454763965
0.033813348304417144
0.034596908112661244
0.03498302962558702
0.0353665884809284
0.03578747598722681
0.03708364684100122
0.03771346004413363
0.03779212579004864
0.03896295071028553
0.03917474528086133
0.039201139203862735
