 6.339217846522198840e+01
 5.689035729769057070e+01
 5.440038063481807740e+01
 3.166086009899793225e+02
 8.356498817971895221e+01
 1.343253541411353638e+02
 2.427178775147384115e+01
 2.787681658826451780e+01
 4.863924464399295999e+01
 1.847526111984601584e+02
 2.323157056982842050e+01
 2.296601622482843297e+01
 3.725281329654050211e+01
 1.717232650738388600e+01
 1.204859389015532400e+01
 4.534897300141624754e+01
 9.092771073174480989e+01
 1.676880191653230767e+01
 8.885413565449065132e+00
 1.032488313120419221e+01
 9.526216719450124160e+00
 3.871245034945085450e+01
 1.168066186741543078e+01
 4.408608631872204597e+01
 2.041222258022217773e+02
 1.377717514132421783e+01
 6.243497654520579587e+00
 9.946325959906445746e+00
 8.574034514552652197e+00
 1.224871146543386224e+01
 8.564595626994821131e+00
 5.215587995008067246e+00
 5.410587618687222289e+01
 1.179097874417999137e+01
 9.679065759390699242e+00
 4.871047753520484136e+00
 3.982031357609851163e+00
 2.422503545146396764e+00
 4.197884049809975870e+00
 9.853617170813266934e-01
 6.624842461199714982e+00
 4.169709769854934578e+00
 2.451375914424385183e+00
 5.601826746307479787e+00
 2.920948973470151255e+00
 5.365508510861144664e+00
 1.590026768906178667e+01
 1.816629530743363086e+00
 1.508552177180721188e+01
 2.553220562775420088e+00
 5.860318508244591662e+00
 1.667078622781003938e+00
 2.964487435989279440e+00
 9.799569126515135231e-01

