48
0.1866764395846342
0.1796372845021498
0.18098420528829837
0.18181141711966511
0.18253528858351445
0.18272580704500363
0.1824183501828588
0.18143267320021195
0.18288578297364225
0.1848000600762235
0.18730245699560824
0.19007960623017292
0.19119330360326814
0.19283119482982516
0.1947884242686999
0.1968539349333348
0.1990007784122241
0.2013150951102374
0.20381305867837096
0.20637589198408537
0.2089531258415335
0.21075248199334407
0.20211722060281814
0.2066966505518626
0.21139097476726643
0.214487636159689
0.21047092582235338
0.21024683180894008
0.21171370333645445
0.2129377170446868
0.21120217118599185
0.21017653800610034
0.20838393651836773
0.20690987198414215
0.20563996939055354
0.20446130785882688
0.20426919558788695
0.20414193501535774
0.20387839287475848
0.20336157263333632
0.2024716250653418
0.2009863322214649
0.19871745817169487
0.19542186245845694
0.1909067544607489
0.18506427537355272
0.18080816812023884
0.17476394064505466
0.17134970101168492
0.1697002847150355
0.16876936333056
0.16828972332632142
0.16775265652109497
0.16760981518813803
0.1675996956297041
0.16798621031025415
0.16811310692583822
0.16701384445543369
0.1646120843281783
0.16137824637064196
0.1607022899243239
0.16058812704188452
0.16111325053137876
0.1622533859830275
0.16371719245534058
0.16508063070419823
0.16574879362248318
0.16449506188800514
0.165463092209902
0.16661260267703168
0.16239422247217175
0.14567869701577044
0.13185288815086124
0.12257694486701416
0.12297046171689928
0.11962852157712427
0.11706989680200408
0.11408507268151175
0.1139725668773038
0.1133102346111698
0.11315409756694644
0.1130165851462307
0.11329497951628299
0.11418413112921107
0.11470450571963964
0.11516270642014474
0.11548287549989333
0.11519884613681387
0.1137614475726425
0.11261369175684484
0.11572657835515592
0.11576628410297107
0.11590679194601979
0.11470188025583322
0.11544519083168941
0.11404340067908314
0.11246225360944384
0.11204554500424663
0.11097269324513616
0.10909768089980426
0.1064099479791815
0.10282609408367965
0.10023195304247806
0.09882212081831586
0.0982972430633015
0.0982836719908584
0.09855259564150713
0.099058140424848
0.0991051551087933
0.09891278876088087
0.09645480947826746
0.09603631284607626
0.09300957824279178
0.09119309200428255
0.08850001578151195
0.08681920329694985
0.08317181672344637
0.07968089052679599
0.08065221280415326
0.07957791887723763
0.0796337389273064
0.07951370855761263
0.0784140540160705
0.07687428230395497
0.07609268967729664
0.07623855328107777
0.07717222726343285
0.07881448918237953
0.08082560002091191
0.08124920972902107
0.08732046791652669
0.09150104723241821
0.09410556279759887
0.09666544834542411
0.09852515114660328
0.10007079586430322
0.10028893420046216
0.09968957562902887
0.09531827936210384
0.09453860709709971
0.09335227966806763
0.09297705074081453
0.09044917642383686
0.08835513832696312
0.08736131087518738
0.08591811441933246
0.08513723417112064
0.08569478337402921
0.08494343283831225
0.09249088281796088
0.09352395736084386
0.09591504645593392
0.0970454023623319
0.09719588846905325
0.09629321978737472
0.09725714480500595
0.09831848370809852
0.09811755431203112
0.09813991689140111
0.09507515282590163
0.09453025588005033
0.09262737566149488
0.09167230585211596
0.09098863981832532
0.08975998882990638
0.08848979930745506
0.0877229681434753
0.0896105915631041
0.08992735743312431
0.09022101976830584
0.09137602997439061
0.09262821365153291
0.09341661826159049
0.09243503969936757
0.09150794296307112
0.09056513369612146
0.08952325220022261
0.08959044626547276
0.08352632631878987
0.078882461715706
0.07608089582778457
0.07298381042323114
0.07071684610105282
0.0689106871338075
0.07271862809064839
0.07581717398845715
0.0761578421199119
0.07605090811792987
0.07479844316764545
0.07409620277398475
0.0741838782763332
0.07516136982640408
0.07614586900865487
0.07662380465556588
0.0758953090931689
0.07382795214881109
0.07354552866133858
0.06614849633659063
0.06508628201063514
0.06263115205420954
0.06029828994749863
0.06537385628442034
0.06752323502292709
0.0692886868576516
0.06883708454629996
0.06935419114458428
0.0705722309115491
0.07116018296151204
0.0705831119253396
0.07014285234080582
0.07012803107267135
0.07026291182696308
0.07015422696501773
0.06960589688415073
0.06959321428014853
0.06708551833549893
0.06590788030837384
0.06723213245661437
0.06635399127398084
0.06569870133722536
0.06412526251295653
0.06373317347049527
0.06324273330441064
0.06297318644773367
0.06290255467014921
0.06283444057320921
0.06262984089115935
0.062341591504395444
0.06195855123225962
0.06129929802809758
0.060682310696826725
0.06079037254300837
0.056274850107253305
0.05515453768746987
0.0540057072347826
0.054247965475784345
0.05515020912333556
0.055266437034818074
0.05499145827829558
0.05385974900293841
0.05304613575176544
0.05299443106934404
0.05344986581085978
0.05456429269362833
0.05629396212370379
0.058488015579146874
0.06066873090679928
0.06173335038250031
0.07220509254584805
0.06554458553390102
0.06760987748336642
0.06740807198936226
0.06937293265428121
0.06880926534153059
0.0677937968751043
0.06775596154106854
0.06754880586738608
0.06757189887631351
0.06750421599541763
0.06739094405201547
0.06708471584206543
0.06678584804635497
0.06700006729604814
0.06717499382484195
0.0676918377189324
0.06582235271294351
0.06523654282310368
0.06414725268562549
0.06381391780927582
0.06381497684846137
0.06346903200947558
0.06289381979098578
0.06245414356158934
0.062403718552198416
0.0628481336062074
0.06378465638806134
0.06416364787509964
0.07028742761649112
0.07224015664952026
0.07385765838283413
0.07469340090579636
0.0734859596765388
0.07412772135663032
0.07317417801345832
0.07325394084958811
0.07339232050267677
0.07333454740005171
0.07322808113829782
0.07308013814837876
0.07354325660999818
0.07296518593628896
0.0750180198882341
0.07316827432763486
0.07198860791027654
0.06891345321990618
0.06678719199103954
0.056116458691246644
0.05621577880158984
0.051935870998344826
0.04911568390969786
0.04591544771714365
0.04446091825534804
0.044142734116863584
0.04485112973072316
0.046562437442788124
0.046889567370593216
0.048529449204451736
0.04835754832439581
0.048709513688521146
0.048744141690037344
0.04798412743577451
0.04777136338887847
0.04771544483904805
0.0474321211496957
0.047180877908434615
0.04718549129892056
0.04769069505014473
0.04805470131471607
0.04845589415644994
0.04851997184097187
0.04827146869357266
0.0479827650672458
0.04740568165790643
0.04652128388172267
0.046239497390108485
0.040228674114430533
0.03791918730066773
0.03555493518943055
0.035690176076374355
0.03646667802456292
0.03791420718030037
0.04313228404076656
0.043522790898232556
0.045484085466168854
0.04601354891610573
0.04572120640418892
0.046450476832354294
0.04521125380794757
0.04507847176483532
0.041654367089790915
0.04125574762906071
0.03939805195450572
0.03974570180644189
0.04025830058464804
0.04154660773709893
0.04238256197701448
0.04250668969327225
0.0424961424548668
0.042303932444098115
0.04268154480821899
0.04251269582665108
0.041237913780071585
0.0399072134582452
0.03941465513952292
0.037595443500421495
0.03907174982932433
0.04081549289045363
0.04426043328997906
0.04483849131749834
0.04573725984500363
0.04547495095099543
0.045233714957427645
0.045409901223212396
0.045401996333475324
0.045012861623888324
0.0446232912189381
0.04447835852224557
0.044354145243991706
0.04434133082243181
0.04393380362165681
0.043666208592648255
0.043352809095777656
0.04306781661879441
0.04287543504904869
0.04277471261369157
0.04256865988157061
0.04189427894563503
0.04019286045369957
0.0379314042823797
0.03188439025487253
0.030331644068910927
0.028329524018781124
0.0288829806340183
0.029508469975513884
0.02895571559568712
0.029503453968046905
0.02947505454385994
0.029550467148645315
0.02967148888421292
0.02987585470031701
0.029476406970324397
0.02866714630630779
0.02732408756806584
0.02676755623613263
0.026812757987048144
0.02788444598552177
0.02805625967459616
0.028039335983984375
0.027894970876644398
0.027731413007382282
0.027331201581549034
0.02702249023155083
0.026732491789377987
0.025224332915573796
0.02308999788054592
0.019744595158774435
0.020698183803387792
0.022098712184624277
0.022520980413158892
0.022870914550123134
0.0226808019450974
0.02263900437941647
0.022683134568712623
0.022694892121493504
0.022636317924764157
0.022542257980983152
0.022304586336493005
0.02222728348938495
0.022180515240424845
0.022161948870226825
0.022393584781160478
0.02260861075087268
0.02251788122238052
0.02240594932538079
0.0222092089280358
0.022292693886259495
0.022507357092212552
0.022621183919131763
0.022436429627667773
0.021702516540988523
0.02015762888170924
0.019624174617108085
0.018967024637010454
0.018494333356112797
0.01837799851883216
0.01823962916107318
0.018264113556629668
0.01825639300739057
0.018348261632048397
0.0184471078431268
0.018303857978666238
0.01781918336958058
0.017790972391057407
0.016691744034708737
0.0167742283296759
0.016487284633022063
0.016434616191180952
0.016364656066871517
0.01630024721077464
0.01724600209191935
0.017622469081990295
0.018874262697343682
0.020114861033689445
0.02158040694837092
0.021376580420485763
0.019431352765087954
0.018760028199450374
0.018470523540174588
0.01848563571335456
0.01839880159187224
0.018367563316548603
0.018456243180922597
0.018386822090670017
0.018442484625870628
0.01863358806560814
0.01897252319363885
0.019300917797776214
0.019733135050417728
0.020088468430383956
0.020607397245192713
0.0214102499757242
0.022095286393068903
0.022766371659473414
0.02318865982745655
0.02357845456836044
0.02395980899964531
0.024361784410749793
0.024665754763623243
0.024839696950706664
0.024940126955064767
0.025129775644355052
0.025036099999825912
0.025072565432140075
0.02532516128674363
0.02552785827969198
0.02570680770973766
0.025861052936497347
0.026021299948543408
0.026210322831630578
0.026432493880692205
0.026384728549683243
0.026324363308405745
0.02625207565148697
0.026483518171692966
0.026799403427440457
0.02708893803308929
0.027556202416515834
0.02706989909254848
0.027121342514249996
0.02626340715270017
0.025661193542540695
0.024752896636104384
0.024358593293577604
0.024174390323252474
0.02539349813713987
0.028725841984962693
0.03190648700427771
0.03392766349432289
0.034881216287323026
0.0362642816689708
0.03738148961484808
0.03736125633669867
0.03777786076695143
0.03800377835571731
0.0376769261098051
0.03727816767920125
0.037113716587598385
0.03691727792821652
0.03663674589212606
0.03633645902496203
0.03602133337789215
0.035667214544622024
0.035321660300490616
0.03509618459871485
0.03504786528307607
0.0351593109979283
0.03538916865048882
0.03570928387537687
0.036095974445402225
0.036611440271206865
0.03703519993732166
0.037318205349006255
0.03744508005039356
0.03743215882701898
0.037319016212512816
0.037157269143042536
0.037034081052675465
0.03705584461907339
0.037221933228484404
0.03747744172002102
0.03775387728661129
0.03797253696518806
0.0381441772000737
0.03837450507904129
0.03851568526313139
0.03888703233335729
0.03939428690257455
0.039769488493203595
0.039772174800614964
0.039288555606038854
0.03847394808369587
0.03793759082423467
0.036868053783837014
0.03366336154485591
0.030531901038005002
0.028504332579157843
0.02798476655195874
0.027292149916811784
0.026584793867103825
0.02953487544482546
0.033489204359329894
0.03635633996028323
0.03968074325150562
0.04158643167635561
0.04313131727557983
0.044661731865252914
0.046648787536715496
0.04774055110167119
0.04803024531929942
0.047880555147365646
0.0483876082097538
0.048880048555322915
0.04908503303129272
0.04906297043908001
0.048755157630760514
0.048484916320151145
0.048244008059666055
0.0479483755211749
0.04756318924553898
0.047085069865136414
0.04658242145572374
0.04626482912004002
0.04616472704756174
0.04624198812714967
0.04639015908842701
0.04630829161542696
0.04614316059742768
0.04589048829234842
0.045588110549033785
0.04532079477316144
0.04509842979851036
0.044831550180893236
0.04466577740646679
0.04424936833806706
0.043624102513523916
0.04302072724631203
0.04266630403724262
0.04267847883713861
0.0429882471393393
0.043264886262504854
0.043312143613328254
0.04319924453876239
0.04311756548203574
0.04299665300846464
0.04254242133156807
0.041973397556228365
0.04178695452796691
0.039042269892951745
0.03465707082268794
0.031260539317056385
0.02770524151377793
0.025513852101743704
0.02346564502341231
0.021657561334010107
0.01978184414194208
0.019024763993587945
0.019017408548665366
0.020510921442173057
0.022190597989165044
0.023380078037991775
0.025084803625647134
0.0262853758228052
0.027135355648352805
0.027859401966510638
0.028811150297925327
0.030009746653985276
0.031078259555118625
0.03131494491593864
0.0317799329721807
0.03282082357566032
0.033965489319587705
0.0348421799670899
0.03551470215200076
0.036113869619556545
0.03640051357028467
0.0364406696841045
0.03631201029936645
0.03601608714968712
0.03560582728293749
0.03533893498494956
0.03514513679748974
0.034987482096492016
0.03476537294560975
0.034393906052131405
0.034036897190658125
0.03377940233728486
0.03361121216245015
0.03351369651947334
0.03347830870391875
0.033508389521019234
0.033615453131623944
0.03380905965140849
0.03390852538809371
0.03409138361179991
0.03455524108601768
0.03544650121372917
0.03637522853910918
0.038016915733709994
0.040216091872595644
0.04245208256072575
0.04432599974823232
0.04545095804762936
0.04586810260009403
0.04609115812251819
0.046340817220812625
0.045427800300655095
0.043702919640941945
0.04240150599379571
0.040523647274481316
0.03918570756364729
0.038902966703770504
0.0390739233860628
0.039221560941999065
0.03928898141754822
0.03958915481487387
0.04080492637114858
0.04190088095592127
0.04228976441334278
0.0420629560011296
0.04125135267612768
0.042056096541805
0.0451471066900275
0.049350446422061024
0.05057469025097606
0.051654288618875416
0.053053516669494045
0.05355964367774766
0.05491240999732666
0.05559604068006721
0.05572962234531762
0.056171883724322656
0.05729181763321462
0.05827533367053047
0.058738954073311006
0.05900539677825189
0.05917790494867357
0.059146683782037475
0.059152334826222765
0.05958534285993974
0.06047105431096614
0.0615490692846401
0.062277678189827296
0.06222088471003051
0.06123691740729642
0.06031808281879822
0.05892113010741421
0.0569670552092745
0.054873123269098434
0.05335273906825657
0.05258564763657126
0.052517312395315575
0.05273071637998028
0.05307656291971908
0.05354806049300634
0.053576975631309
0.05367900662030143
0.053962595266905146
0.05414809444331243
0.053829397475198076
0.053443142631345024
0.05311903860752582
0.05273439375637126
0.05219457407010059
0.05144591948431179
0.050395719625948736
0.04926624052579138
0.04852941021753154
0.04854493931038215
0.04699321425692899
0.04341498127599483
0.039001644916912236
0.0377672888796332
0.036807569882309425
0.03563565588686866
0.035367431617856375
0.0339716426328814
0.03308172952856569
0.03278371178276508
0.032330313763337996
0.03135214536732522
0.030407408261720434
0.029796967134550337
0.029305681339349767
0.028900906053938285
0.028689301025348297
0.02840100618798219
0.027728859195744127
0.026781117785916173
0.02563171731878193
0.02469411223806431
0.02456704098868923
0.025507113991440285
0.02694603210290955
0.028521888467736997
0.02994273959777363
0.030594165490552303
0.030475580012992304
0.031364487862784556
0.03292171286968868
0.03409552737306879
0.03364461237263402
0.03371414001234514
0.035024264597842074
0.03522577712548922
0.035564963773259343
0.03614046627630827
0.036707183988631036
0.036860917956826576
0.03659700502497625
0.03600748645258859
0.035419326297085836
0.03546076666595969
0.036066153075201994
0.036853868419288054
0.03734156569829273
0.03748121400395984
0.03728994021263632
0.037276602492393944
0.03755373680050721
0.03811457690111327
0.03887740457987849
0.039648825033110256
0.040331083556668895
0.04087831865812327
0.041696062070426636
0.04251064292349013
0.04316584222293826
0.04402940009931728
0.045254088342445487
0.046507250958771895
0.04744683342623213
0.04850908320312331
0.049667894451591914
0.05097877769626985
0.05237710802775534
0.05363815601050546
0.05454029132871571
0.05499393402435223
0.05517395195867547
0.05548482153617367
0.05544791298553766
0.05598855533667275
0.05700834869853292
0.05885763807518408
0.06068363547271188
0.06116104908841332
0.05957482097469959
0.05740870863297379
0.05657361349167663
0.055510331304516054
0.053447115982604494
0.05278138194468391
0.05231283451805569
0.0518405204517696
0.0512943537455279
0.050649966104088784
0.05010334976235
0.050045291006047106
0.050308612636111895
0.05015973288155928
0.04932799060034124
0.048401699322669904
0.04800213872863088
0.04780866940662821
0.04876890273965493
0.04958339866382814
0.0502618711602917
0.050206348163504506
0.049286664175160866
0.04871859488599959
0.048516966212116514
0.04826882223656461
0.04770512863372581
0.04699610200229686
0.04659057889703139
0.04617940422333069
0.04544498007377523
0.04446952216689453
0.043876114737720406
0.04333003426952877
0.042782535381128105
0.04215360376101723
0.04154615420356284
0.042112692513876886
0.04404535086412339
0.04557948556457008
0.04639085957950791
0.04573930665582654
0.04564827813549969
0.04523844815199706
0.04429300843379491
0.04324800499690438
0.04257119967806178
0.041296412126135995
0.0406519183102333
0.04104295124958215
0.0420013908136293
0.04268108274212523
0.043490957840829764
0.0446141784751014
0.045114860290737795
0.045746347862059104
0.04600115424727658
0.0458974510093953
0.04564844783377716
0.04546956489411188
0.0453004129921617
0.04499740460447724
0.04508527643924981
0.04513498848237302
0.044745173681647994
0.04458370708327785
0.043979698642598784
0.04323494388373473
0.04201269493058926
0.041211951640184145
0.041173462474267224
0.04088884434273848
0.04040975270280435
0.04019335465730469
0.04007060115507901
0.039993011874242375
0.039655426243308624
0.039068122179295506
0.03846430621377541
0.0380910933463186
0.03763358611588551
0.037099724347318924
0.03671259664946501
0.03647252778132469
0.03639373558654669
0.035167769809808465
0.03250386227826952
0.030657454112781035
0.029678923102714624
0.029690797335882185
0.02900611934097559
0.027683682744017238
0.026714105133879493
0.02619460776702029
0.025780389612468174
0.025361172804811424
0.025312962016424967
0.025028105118529553
0.024367118576743285
0.023719406954050646
0.02324599122712263
0.02216554083512853
0.021613400846393807
0.02094915031510791
0.020924570280514986
0.02132574886797409
0.02153276698796688
0.021349411305282326
0.021160723520646785
0.02117792342364586
0.021056523938117837
0.02088042992531132
0.02105367461204588
0.021232183027213674
0.02107539178062666
0.020769916518266093
0.020908236755540658
0.021363135082074085
0.02186603808142144
0.02221516612292331
0.022371162024697234
0.022468500854489055
0.022580750536502853
0.022721569153774403
0.023007236777195295
0.023422985193033544
0.023767830663640247
0.023985714008414923
0.02434721259525995
0.024567182726174613
0.024226345164665444
0.023893057755981103
0.023301384090306677
0.022838760744070527
0.02287728655895735
0.022761915992219772
0.022282114819905635
0.02165947175224678
0.02115137398201188
0.020910750646784524
0.02074114775545462
0.020385243115691523
0.020139664110389154
0.027210135435346686
0.027849278038681025
0.029213384238852922
0.03130429878094499
0.03362636240525937
0.04094845430125355
0.04736061367753469
0.051201971299381234
0.06621993082250702
0.07712426579581391
0.08431965835339994
0.0960202911237127
0.1094546389957796
0.1187218900423498
0.12205369089451983
0.12705199368445064
0.13392437392940934
0.13544958495775397
0.13665803805299354
0.13664414730647859
0.1376189755400299
0.1381695691068802
0.13855121491475164
0.1388483894777606
0.1403377707148827
0.14382891572455855
0.14923042424641278
0.15556418509769795
0.1710580655065471
0.17504918733838026
0.1852683843511759
0.18676446591295273
0.19197778618424213
0.19515422055639367
0.19865806404704547
0.20229412808988415
0.20281858735803748
0.20358207947028262
0.2065172594190716
0.21029323022957105
0.2139846725793568
0.2167177453672794
0.21886849141731723
0.22634638138339636
0.23510342914199492
0.24318882900638916
0.2450898838670457
0.26177666191984966
0.26237177282263097
0.27528699304057447
0.2780042024598141
0.29230030386775147
0.29215570687710485
0.2857573551897678
0.2807871495344813
0.27741521166599065
0.26223708634698323
0.2515918457078328
0.24397834970658874
0.2330620151314958
0.2195955208443122
0.21104083012674044
0.20964827799825805
0.20855513012372354
0.20947143226581766
0.21999855153295567
0.22952834766526842
0.2445106447706783
0.24967232161151307
0.25879063122934814
0.2627608014812491
0.27021262395050333
0.2775941734650706
0.2788611995097159
0.27545821979128254
0.271919478281117
0.2575211850584018
0.2564586198160246
0.24868268103597943
0.24815493964700042
0.24356802267679437
0.2417018011021703
0.24086800448921378
0.24284209993108988
0.24738927175167988
0.26071480741254704
0.26898557103645077
0.27217433973214306
0.2729975283798462
0.27584580778228335
0.280137842952272
0.2739737944876587
0.26727755530688574
0.2629139238511037
0.26069467318682876
0.24543003227714535
0.23841074828811606
0.2260914720810618
0.22309041788071182
0.2076643342738125
0.20804858128377537
0.21211530336305753
0.2172514021239268
0.2183815329712289
0.236623402774513
0.2417762134638353
0.24846362399720687
0.2508621973982355
0.25259573146775893
0.25357950075449825
0.253205616148582
0.2507649498496599
0.24352613254402666
0.23219782049632032
0.22194336186023458
0.20809532163109223
0.20404500405345016
0.19544119338932778
0.1908020537428545
0.18276373335681306
0.17649352587480682
0.17309551078779403
0.18152615887558324
0.18086774991583623
0.1865546560244403
0.1843570678979126
0.18633334128019907
0.18744145604689058
0.18716474435436992
0.18691359878978944
0.1857284144519611
0.18083720964568004
0.1762531771963675
0.16278048433619727
0.15270021414503895
0.14668959322222322
0.14271066831403778
0.14022165320350505
0.13874311916591772
0.15184098604013777
0.15443994357707783
0.15362650117178486
0.1541125130558772
0.15406666200831717
0.15467616469967452
0.15408294349705645
0.15409007887384843
0.15618552330045224
0.15481394733841616
0.15032954606144225
0.1444467518138288
0.14402210519999803
0.12614929651021078
0.12404404667890793
0.11804341651071781
0.11999880998209343
0.13248761402550072
0.13940723300915225
0.14772751458522546
0.15227179774627678
0.15668179160395881
0.15710039046518057
0.15768974350958712
0.15896329467819467
0.15704882393957523
0.15663273579370393
0.15747686414569637
0.15728311201656947
0.15441452177951695
0.1534008553183954
0.14423069409718162
0.14386123649341825
0.14378368039037184
0.14995709918581143
0.15330892472597354
0.15985760871786694
0.16326996974925356
0.16553059525924457
0.166368524356934
0.1664383010687732
0.1671861890500054
0.16824645471033162
0.16880738997912662
0.1683905246356938
0.169200819185497
0.16793886604398875
0.16403859043138005
0.149845864517781
0.15382793606443185
0.15576638879404883
0.1621352960891905
0.1625654937621396
0.16900523501699605
0.17444883105450545
0.17439605204037367
0.17545285621338538
0.17876035443853722
0.18128623828512316
0.18405145280398458
0.18542197847312603
0.18559924741975595
0.1847472963212661
0.18753088709988452
0.18700421332127118
0.17402858438719693
0.16602986101175268
0.15702840060572013
0.15216104716293238
0.1487677853492287
0.14764083553224464
0.14643955028911962
0.14426068421754382
0.1460372274261815
0.14881873446298327
0.15268813814103951
0.15828309197363707
0.1640437753232888
0.16932276253559042
0.18438757183444976
0.20655796982396782
0.21502380421556
0.21713124892867838
0.21945795112360264
0.22053711345758417
0.22581515393825857
0.22787636787167678
0.22877811209093277
0.230685538570639
0.23094193491246673
0.2304050369575975
0.22950477338589256
0.2293105031618583
0.23028935535928619
0.234703151295274
0.2339803879292971
0.24416910767330682
0.2381158897789667
0.23332620281338082
0.22820118327647912
0.23068549649549086
0.22536950161336677
0.22062877612145906
0.22009002836363292
0.21664269167580585
0.21437720927446227
0.2158059866303933
0.21405456261475
0.2298135069793478
0.23089835041214846
0.23624204989050224
0.24012276111969885
0.2410775166989331
0.2428788539337281
0.24258419637602993
0.24133190234599952
0.24016915478144843
0.23926170902088414
0.240588532519722
0.24325440671864104
0.24696848703254207
0.24722196922955778
0.255365534425624
0.2585972813312783
0.26624467462040946
0.26243005210351394
0.2602107087071957
0.24589284894466923
0.22489806050282468
0.212735558535915
0.20423925213666091
0.19535689360068131
0.1866401793280097
0.17875560285340605
0.17476052427571645
0.17234387536472298
0.17021116848292817
0.171421835819179
0.17280927372648605
0.1729136153802835
0.17392684969548336
0.17306758863766344
0.1671525698357472
0.16862130593179495
0.1595459782424221
0.15869219840962048
0.16246871435113086
0.16575129806729702
0.18390299064490115
0.1869344894646832
0.19093974384062848
0.19098826866071958
0.19306663094441615
0.19603749137022938
0.19196178699042662
0.19143756957385347
0.1733150424784575
0.17229000011988824
0.1667313883744311
0.16220646919650386
0.1586277936104789
0.16421627660641103
0.16618989899817396
0.17425251759276242
0.1803867102628162
0.18341211664347798
0.18345591226307265
0.18689632039320017
0.18822064107756487
0.18756314632532942
0.1781297666912747
0.17442039747236282
0.16557020933960898
0.18745264098276895
0.19252021994068944
0.19605435777347632
0.1987121950021835
0.19988890741070195
0.20115233698011273
0.20113875068309361
0.20154801969578898
0.20090985423944452
0.2004330885091201
0.19994634276193282
0.20109984126163838
0.19919286560228575
0.19803702615784488
0.1996146069472121
0.20002184917378488
0.199326020907967
0.20019071815228204
0.19956603205430504
0.1984225313199752
0.19764456042524117
0.19532867561737252
0.19041359002016808
0.17385728383064258
0.17569619514778664
0.17521752151103584
0.18348191784860016
0.18572468440624956
0.18225924542562014
0.18385140782746998
0.18466441783484214
0.18439508564329884
0.18425732346446766
0.1823012338749571
0.17994702325116055
0.18127892121407285
0.18554898980796605
0.1855144741984074
0.1810095635174979
0.1759067269782225
0.17285285503103623
0.17241931298445412
0.1675623894274414
0.16349947229072093
0.16287741068264874
0.1614741907136666
0.15974583935656475
0.16212767783153423
0.14205842951537656
0.14334796629908866
0.14264196185611533
0.14455114559432322
0.14244870026687587
0.14255629863945848
0.14266505914627545
0.142352126742894
0.14862672877631986
0.15159979534034698
0.1566319501585494
0.1769023508745516
0.18196607286967717
0.1940306378455606
0.19544476202706093
0.19847245419549223
0.20024741854282643
0.2040403717666227
0.20509891268259808
0.20548603039251137
0.20578096778999458
0.205493150222363
0.20577136031601598
0.20002500977779988
0.19429079306887373
0.192007359020835
0.18409887272803838
0.17952090543603674
0.17846385904883366
0.176216861173753
0.17417249239836644
0.1754768158440071
0.17903054437288426
0.18132270212014565
0.20539753402448765
0.21038109418497156
0.20250753185972922
0.20378365603457782
0.20734814755962253
0.21351961616278461
0.215579352183257
0.2161606927086982
0.2169761034813876
0.21764109498056952
0.21880554654050074
0.21963656230302872
0.21709859602228862
0.21136169893895654
0.20911252110698278
0.1998588933499339
0.19514928481010776
0.18870284660006786
0.1885176363279861
0.1895334275688668
0.1936223086616888
0.1968269307592441
0.20933217304177223
0.21226540081714496
0.21074921514399966
0.20025795638338664
0.2049127906166014
0.19819416536202128
0.20021326713342427
0.19768298591487252
0.19585411647574935
0.20192298356663144
0.20250821373309458
0.2139087859973455
0.22007488142849285
0.22833437886767657
0.23593726503665777
0.23797908291895611
0.2398070499743897
0.23938163815448354
0.23978949916158632
0.24294798704129972
0.24589072745787147
0.25364316025051925
0.25821777388075867
0.26103537388107817
0.25794455633453167
0.25704853975557934
0.23416266600356103
0.22661444050416515
0.22248923168405843
0.2213888964357268
0.2162855072508331
0.2132333320761672
0.21961903573558905
0.22257138355544673
0.2293159878002383
0.2275677426980842
0.2285396180486464
0.22863665609337205
0.22917106614942992
0.23041402898257515
0.22959188627848173
0.23599718426552352
0.2443249197803957
0.259480032072905
0.2660658471074039
0.26421079181679136
0.26362138035262284
0.2616046750486561
0.2424754622491289
0.236476617415735
0.23423863344496632
0.22405762388144
0.21489510481440013
0.20924663037355318
0.20382354315325332
0.20209966416534067
0.20184391667693583
0.19142428934442932
0.18930385349863668
0.1777163306733703
0.17064598066850897
0.16131106533492082
0.15652797210289907
0.16656494574182276
0.17767402533153628
0.1930378055786817
0.19656346801829802
0.20179200427086771
0.20297970164874288
0.197993241100896
0.19795986842563265
0.19538226192342914
0.19709011014407704
0.19784252540866532
0.19877915907101565
0.20145952688507254
0.2055342058821578
0.20742123853150554
0.20714462771556752
0.2046012772558563
0.1966969918455647
0.19449794490972006
0.18633807979860725
0.18683849331562044
0.18776323426272937
0.1935820111771366
0.19894200610682897
0.1983401530509948
0.19813803653444143
0.19116198604170154
0.18292741532408696
0.16807663535761833
0.16004759980315156
0.1593163086246586
0.15468479634491458
0.1524980982413817
0.1523463446688138
0.1513610783924574
0.14980045581441329
0.14904260821094736
0.1480934378538525
0.14732863674301303
0.1472511564363271
0.14749957679384498
0.14766329974665546
0.14956751748475702
0.15007565574967316
0.1516196435922183
0.1532452808948891
0.15381235002886734
0.15038665171694593
0.13845483724960383
0.12474784840381713
0.10835873204932012
0.10464777764012595
0.09663853619370492
0.09229910293646683
0.09001142554849963
0.08569028111700168
0.08437612098544217
0.08204329635505885
0.07935294749883195
0.07674412310242552
0.07405108502475119
0.0704833436945581
0.06670214574439977
0.07070031946553744
0.06960946395886282
0.06993553628581388
0.0680228965854099
0.06844604208448019
0.0681957632902909
0.0642898596218717
0.056819108918993555
0.05101344817682937
0.04961834674248263
0.049342653362276084
0.04945019865801353
0.04921011993325313
0.04767470485886093
0.04694811217389913
0.046324998740187216
0.04576511319156424
0.04545855496688633
0.045757071007076676
0.046666542854417514
0.04656916640820085
0.050905364168882326
0.05214294532813201
0.05511656279824928
0.05504551882667296
0.0551726790370965
0.055196355263570564
0.05361388450824694
0.05300659458833673
0.05086807790345724
0.048609387489860184
0.04760641156257109
0.047767269499921376
0.04700153726260973
0.046321317360165315
0.04551505601491899
0.044799604621594886
0.044565831024509596
0.04457802393924737
0.04505647217035146
0.04548445201968467
0.0456957262544248
0.049253225781995376
0.04899909529578864
0.050322670216270564
0.04978984402132444
0.048303329871168914
0.04744431796698292
0.04212681993840203
0.04163504628726453
0.040203753572267006
0.040033655142504655
0.03922336064335675
0.038910259900717545
0.03887487366777386
0.03870104983619795
0.038639617803640246
0.03849272969123923
0.03821371720164638
0.03779272262302766
0.03781455630126888
0.038552286197700576
0.03994635918457099
0.04050591428164264
0.04400326230812699
0.044801708268100454
0.046492825073024414
0.046684500858785706
0.048302665654142374
0.04399818632750976
0.042789610702505816
0.039807284040031615
0.03976783504083041
0.03935638103746703
0.03914286036916409
0.038560356686501485
0.03815167779945985
0.03832995830863447
0.03841111843336281
0.03832199398039461
0.03810823106354439
0.037809129156212574
0.03743176864052712
0.03702859010329771
0.03699916177752863
0.037254997374356384
0.037106720998312775
0.03777055231867004
0.03746742053383815
0.03813777498599035
0.03466209062203976
0.0352057715169983
0.03428263956481902
0.034185829344610855
0.03434772859799695
0.03459758304444519
0.03456398220132087
0.03488456027207559
0.035236237741722305
0.03517025015796776
0.03495736175683387
0.034853604197083395
0.03498659469291417
0.0352534850684031
0.03549362151786683
0.03593396369518061
0.03689599947316201
0.03857180065638586
0.03978684623422559
0.04050968497355973
0.04394251999488543
0.043841053215720245
0.04264847505472157
0.04268581846198468
0.041518069480672215
0.040761897857736894
0.0390608488269163
0.0385109248878237
0.03830273314544986
0.038416814971732376
0.03844201728355821
0.03806477268836439
0.03769296259557074
0.037333549682276194
0.03694620146442211
0.0367276833229197
0.03667015465806803
0.03670881968998375
0.036850968750165414
0.037167836298848136
0.03790088931678421
0.03917140726753764
0.040412887766050586
0.04020795617738648
0.04954221129570883
0.05023533803104349
0.05691743409640043
0.05853673124183934
0.06460010063482159
0.06540142491728987
0.06676150767151777
0.06676368492628972
0.06718876520279914
0.06696644427921715
0.06683267296352279
0.0665595710682413
0.06631259047619488
0.06623340172500765
0.06613478737094529
0.0660126436812995
0.06584773900890588
0.06573628198857641
0.06562433059319894
0.06528419512764891
0.06440276042317133
0.06274966408702916
0.061594118738881494
0.06112801407226601
0.05798602768037623
0.057763862848560894
0.05955220054157153
0.06075556464047505
0.06314229685409588
0.06533955805481305
0.06621310014181572
0.06641577854298555
0.0668537223824347
0.06749097839878779
0.06715853752918118
0.06751360028420182
0.06781508537546128
0.06795038398939952
0.06809250936547907
0.06818139709092366
0.0682126772254714
0.06824407793622206
0.06829913538402367
0.06822130803536339
0.06772037242021925
0.06664884696395604
0.06519883901307959
0.06496803163710692
0.05599600394906735
0.05492350830804906
0.04921708052929907
0.04799753700072779
0.042898665249163
0.04472755852834349
0.050426756056479644
0.051269896899200085
0.05666305728652012
0.058685911217324055
0.05944622755553403
0.059929812537767746
0.06075112955905232
0.060811801274760095
0.06124157126447841
0.06157054546808697
0.06168437439911507
0.061578891535817394
0.061557422182052395
0.06149457768720831
0.06135200864294749
0.06157608802892311
0.06152376619126353
0.060686958131461265
0.05919286336634227
0.05897822915579364
0.05486101343542937
0.05285202766438583
0.04968358230231439
0.04719012228319965
0.046211803545179224
0.04644023517559551
0.0469002530757611
0.04774000853728233
0.04933179132599627
0.05037972737981115
0.055328606618876626
0.0564664047998153
0.05945072738229824
0.06152964744581427
0.06240169657677635
0.06254849907175598
0.06241613532088333
0.06324476798643792
0.06352117491759468
0.06334243592720452
0.06317421884012386
0.06274795983586318
0.061947902613071204
0.060758549045597986
0.05928332810181272
0.05761833702334493
0.056299428462495756
0.05338315148124947
0.04600174681025118
0.044823697179106975
0.038923797542856874
0.03704057931305524
0.03618384622823898
0.03558508015809387
0.0346886415535804
0.03463924719882854
0.034625616659393836
0.035172603819537
0.03643137175811179
0.03818068781829605
0.03953377559498841
0.039707059110485464
0.04190136573960696
0.0456878108533935
0.04583645719994283
0.04678873997896856
0.04761949629985283
0.04975069322216233
0.05097484709025823
0.051053720694058634
0.05119020050882687
0.05125966625670774
0.05132768326369098
0.05094940438305522
0.04968589923162828
0.047703142335508174
0.0459486631966771
0.04409063619196199
0.03861026740572403
0.037402684167882116
0.03458178217939022
0.032677265935235636
0.03189132034131254
0.031712710056284156
0.03170115189819907
0.030657395620154557
0.03010878031124865
0.0299202236898287
0.029608220060730203
0.029436288011195178
0.029380451117744105
0.029348579392908376
0.0292119323399974
0.02906839798737793
0.029053404177051934
0.02935259515354263
0.030143161184974492
0.031269139974674
0.032064497777413846
0.03226482005198087
0.0339669081497839
0.03644515028096578
0.037338567609216014
0.03783660451790408
0.03824706257688832
0.03950370561395325
0.04010945639257679
0.03968084156244491
0.03864261285694736
0.038221263603053876
0.035930446000415124
0.03188310708604095
0.0314163092707388
0.030314936975537835
0.02964292650804659
0.027987913179538425
0.027353045325188285
0.027737629063601776
0.027863394686487835
0.027977116540753383
0.028110647086495615
0.02818950512815553
0.02825850190701024
0.02821106437501997
0.028183572284752396
0.028299511884568692
0.028450598315940212
0.028557417070243726
0.028642014751286356
0.028767798355945163
0.02898856632661731
0.029273509263354064
0.02953390970490259
0.029779776733667027
0.029944049725961697
0.030067598263608938
0.030597121459170627
0.031567077613014236
0.03278879968239374
0.03414836801832275
0.03569099316809621
0.03667483946702258
0.037863746404017934
0.041596773433332165
0.04368605653037854
0.04698572946031616
0.05076427301384271
0.05115425869877168
0.051185908632076636
0.048862424452366965
0.04817340572769582
0.047881071709939604
0.04709411626446013
0.04526998990317185
0.043819258495286374
0.042708084237743214
0.042217286117546556
0.04238496213412754
0.04256712915633965
0.042733727700862284
0.04282531794477314
0.04270980698297366
0.04233824311761914
0.04182658937966779
0.04128124872381824
0.04077767314307719
0.040339317909195864
0.04001964464426531
0.03978236659989963
0.03959100668689149
0.03952594863087439
0.03962817820706918
0.03966598930539754
0.03963757472966515
0.039658909000698676
0.03974760726650312
0.03984941474159457
0.03987678478808416
0.03978200352758183
0.03961317673377937
0.039462721615015454
0.03929084300244275
0.03909171708462631
0.03900863120723059
0.03866146683326157
0.0380149623040422
0.03723866503616811
0.036446176565241246
0.03556324671075319
0.03501719759950288
0.03370126673679661
0.029223927935814267
0.026530508940834637
0.02254406492247483
0.017828960840132652
0.017648636894171597
0.01657126538070704
0.017338644005863425
0.01814385808433153
0.018578228626191837
0.018823442785391945
0.01883927208532475
0.018852638195530992
0.019294836916191643
0.019823290179370234
0.02002745219910521
0.0201311489581254
0.020227147819811577
0.020252515429951264
0.020408477926926894
0.020704877571458925
0.020835532604728698
0.020813783277422507
0.020868715160723975
0.020941780258065822
0.021044439564384374
0.021635196162193268
0.022828476102523875
0.02439776722901971
0.025868050938385418
0.027010548757096936
0.0278293663258736
0.02811740098968883
0.0279461675977638
0.027481036680091678
0.027227179955904863
0.027249091387631916
0.027431153103171485
0.02761976464185509
0.0277098110627808
0.02785724117628766
0.027921046362260765
0.027649597960350467
0.02731908269931141
0.026949645582080867
0.026571548860498406
0.026272271861854476
0.02616784702123598
0.026345708034649255
0.026778889834733092
0.026786353783677427
0.026752850724640426
0.02713197127262693
0.02674685047424245
0.025964121053979893
0.024901186108188516
0.023684954250141724
0.02277977953252047
0.022560617235450345
0.022525357267253427
0.02247195628487475
0.02271206638117655
0.023399610125686938
0.023671137673236975
0.023831420419639177
0.02473334592393772
0.025317088987770697
0.025693826826498924
0.025623777447970137
0.02571508163874797
0.02598441910426127
0.026295578678640425
0.026809203419369307
0.027269960971555
0.027031596328887627
0.025945906423421535
0.024585392225191457
0.023329150918768696
0.022331505151634762
0.021535278287093285
0.025039413872736765
0.02522680032524167
0.02589243907781809
0.02603655734773792
0.028462349753515952
0.028490182386315843
0.028103849040807014
0.028003493173034164
0.02793367094577266
0.02777468721095361
0.027767872923556713
0.02769682250928762
0.02757396210150626
0.027413697318540486
0.02720023286391861
0.026942443156498727
0.026711628920695313
0.026511987372164345
0.02627696379403202
0.025969098068128724
0.025686865995717387
0.025605267436579676
0.02570838978588374
0.025637821248489165
0.026264917723585055
0.02721165453933469
0.027124778326571914
0.027364379697927297
0.027477240122562297
0.026875103621013318
0.025842519214988344
0.02543777135743176
0.0250779188807784
0.023923554418900633
0.02332796276014923
0.022890414570149637
0.022746215462315266
0.022484668942987947
0.0221226020407476
0.021607827089137544
0.020901668088129804
0.02017495450514868
0.019668609461846672
0.0195227373601077
0.019324571990152636
0.01910549584473445
0.018993785292374592
0.018986572301000718
0.015088327681526141
0.01487392723064432
0.014474580306300382
0.01443667245181326
0.011783580364190645
0.011440209865134143
0.012354641304821475
0.01309236615281828
0.013069445811622801
0.013381233713259605
0.013638901909137956
0.013713606838926008
0.013816133500660776
0.013934864652667462
0.01399137676892503
0.013939974347283628
0.013783588093463023
0.013555611325068424
0.013305599628563017
0.01311325069751932
0.012974431865114626
0.012813184659014812
0.01266971242364572
0.012753057450032211
0.01219932641958985
0.011310068252011703
0.011321634045124826
0.01085751564954495
0.010314873625981444
0.010065563748454109
0.010002799572298259
0.010120150784037595
0.010446830772858155
0.010576039276631704
0.011841536952402254
0.013240156061897629
0.013461813089413917
0.014395505289324415
0.014695967606097775
0.014839354719384376
0.014991496627619609
0.015437364871628936
0.015734022990908682
0.015756054540527867
0.01587198504180727
0.015919698750026075
0.01585278672618851
0.01567516247623536
0.015477361305208404
0.015256965423875784
0.01497211047618042
0.014643624697019022
0.01444526308483647
0.014286163755071425
0.013400659910841268
0.012626128057882357
0.012671391323705214
0.012543187919796217
0.012660761801874766
0.013120197018884323
0.01352178068106364
0.013477620901794602
0.014698393095067585
0.015668624361087336
0.01581036312933941
0.016422008971418777
0.016588592346676433
0.01685662704065062
0.016938829325697513
0.017197299421856167
0.017423596564643585
0.017538004366468993
0.01753712796783697
0.017428822352005987
0.017261550414416647
0.017155442742514536
0.017102772840868623
0.017044764440247065
0.016858921134845207
0.016491456119979517
0.01607476847934594
0.015996871983867556
0.014659107986874665
0.013132534309293993
0.012981692801185739
0.012423762731860973
0.012678808140089808
0.012801043071889605
0.015087798691244268
0.015782010640811934
0.017329202951715375
0.01864757830177834
0.018844367811402928
0.019522988762954153
0.0199267772456076
0.02047778812116298
0.020773680047755053
0.020924860930368952
0.02111903236149908
0.021289790843728177
0.02138188203047919
0.021391328207247828
0.02132817392945018
0.02123025631478481
0.021157779890722123
0.021023566470405226
0.020723638188761037
0.020216048345925032
0.019650156353446687
0.019420942778682535
0.018109525527526076
0.0173697758816935
0.017625377774572844
0.01721448738677014
0.01781764091664601
0.0176878117736757
0.0181097313373958
0.018086706671732195
0.018104637963188314
0.018192821974500107
0.018124767132144722
0.018269827241676195
0.018516037752955624
0.018703100108482185
0.018816301498699114
0.018868648885119972
0.018900185405985037
0.018962158925081258
0.019101861868156687
0.019376015198284538
0.01986501062364137
0.02063399439213838
0.021523209506674235
0.02237298770290318
0.023071546367955678
0.023787144411759904
0.022094499438970072
0.024496029272430848
0.023465867653173825
0.023604604440833257
0.024163277385206166
0.023630172894005638
0.023662206795304324
0.023340884655699293
0.0231724370848984
0.02309561279489959
0.02304721689612911
0.023073617508380773
0.023166655984412032
0.023291294329694304
0.023439276278357696
0.023592471523544652
0.02367937873115375
0.023709831813141055
0.02372297190773273
0.023734625414082253
0.023800434820615026
0.024121134892605613
0.024491459591746926
0.024840004174742063
0.028074501992739993
0.028852025968616694
0.03132704580887095
0.03249243520576369
0.0323456986514366
0.03215558706868288
0.032182916865304535
0.03252217705032237
0.03299538737658889
0.03314677145401713
0.033054042173073256
0.03293533219069798
0.032893568824256286
0.032916816213698005
0.03294898847954082
0.0329276334920597
0.03281636048445236
0.0325958679223138
0.03223314173703145
0.03160744170539582
0.030624518891806535
0.029474350800199445
0.02874189862347407
0.027988981177182
0.027931012892234233
0.025043178745784378
0.024399749545823413
0.023136809610597137
0.022601467099367
0.022800261304805045
0.022759078057493717
0.02291871627231183
0.023084562052257424
0.02321143664527006
0.023243537194754676
0.02324479608963806
0.0232373501590582
0.02316316210715003
0.023059859557062422
0.023341634092792166
0.024157088803412594
0.0251346739277223
0.026556118648810214
0.028955898170346283
0.029257671315797627
0.03074312601319265
0.030825531788089555
0.030660215489883
0.027255120056114582
0.026362523208409375
0.023155030993719197
0.021959643096377133
0.02163122927234212
0.021534593403866015
0.021300081866365072
0.020877568605772386
0.020597382846666033
0.020415402242740074
0.02033578318163713
0.020501478103021917
0.02069476137786733
0.02076154887090725
0.020888923526676807
0.02144654926371525
0.021748256798246508
0.022431767473510906
0.022423332065647162
0.022689352837295965
0.022907765335079888
0.023026230108199375
0.02266753416383134
0.022648816885933936
0.022159585726352262
0.02165481995809275
0.021580425701499165
0.021433609564603856
0.02118398903960039
0.02089430303415138
0.020789431053118482
0.02120783311329349
0.02229189170214281
0.022908429098715422
0.027135555058869023
0.028845357852918724
0.0320023189815988
0.032754903692548416
0.033530512839035014
0.03345551319138513
0.03339627313114037
0.033188918920430854
0.03209270718494776
0.029743354592171704
0.02944730212699564
0.027729381978646685
0.027282733424860883
0.02700076492234899
0.027092718397933133
0.02747172114582734
0.028208758884307933
0.028609290803654222
0.03184323249852661
0.032309490694188564
0.034553955628471106
0.03472728046958465
0.03566805493952128
0.035889610913617524
0.036177015360214844
0.03610684731339777
0.03590096920611794
0.03574294105019608
0.035501642372655316
0.034996483589693324
0.03490291608034531
0.03449496630540887
0.034667674751383146
0.03437581121378589
0.03456253683563733
0.035335234022664655
0.03618092392261046
0.03767036396178981
0.03872442343151132
0.04027886338731125
0.04062948061408934
0.04177813273552727
0.04175762791132929
0.042104686583331975
0.04223341024317556
0.04142367247463925
0.04017652499088371
0.03951619793535766
0.03542614210852325
0.034247221664011555
0.03226250214099194
0.0334851508097729
0.03536902443475924
0.03648533346075281
0.049068756002528746
0.053466590239794685
0.06109359010734469
0.06456810720013222
0.0672861630389307
0.06777841990215967
0.0695239975766463
0.06965873362072683
0.06951193868906816
0.06944384378205662
0.06931989968143598
0.06944833028102103
0.06649665225937114
0.06613751456621085
0.06405547908862509
0.0643157973942778
0.06377259574864012
0.06424420429123882
0.06416636149240451
0.06409791888753495
0.06429536773832041
0.0651915764002282
0.06563916407458321
0.06555016356594796
0.06526769446836629
0.06488676046904991
0.0646008135224281
0.06461680414462571
0.06433541871329132
0.06345663597304214
0.06246337657012705
0.06109213758890784
0.06112576703179309
0.05950183400601791
0.06739384773016506
0.0741112116094707
0.08099349138744986
0.0821743187805889
0.08346311474518314
0.08525341330495591
0.08656208046901441
0.0878437962025409
0.08925965410361313
0.08972106159423605
0.0891342413265756
0.08741331296679282
0.08495756060647501
0.08372881048049875
0.07109096700062349
0.06779159507086657
0.062195886934508594
0.06107438594993455
0.06162745350704311
0.06327872736538259
0.06262128915660202
0.062474713741802475
0.06259505153286289
0.06317784012874048
0.06306675087808285
0.06278198862800288
0.06277384037772867
0.06279194538096455
0.06274524418985432
0.06232834632369868
0.062386806837188356
0.06349934533797766
0.06664415127489627
0.07353812443078112
0.07940724742802314
0.08163466939497256
0.08220372244351329
0.0823623740832125
0.08331714734296612
0.08385720467095871
0.08429168954696216
0.08430172809994953
0.08422431676166421
0.08426296404687406
0.08430329219730459
0.08394234577908301
0.08285912649473122
0.08320387074455296
0.07536852769453754
0.06780771403249275
0.06148627643576889
0.06002462499432067
0.05928950182761437
0.05914110898107036
0.05869763156066204
0.05800653179982773
0.05688979547718626
0.056065965312294984
0.055697498020172605
0.055973107132190836
0.056502970529366314
0.05739270170523544
0.058492882155533686
0.05928148908521729
0.06424400130550349
0.07264324520922405
0.0743493961853547
0.07695871539062557
0.07731269969017791
0.07940459733325121
0.07955165321094321
0.08021248293036258
0.08004319791859733
0.08005711310142001
0.08028854912312773
0.08104605024951951
0.08141977656663256
0.0814316892850449
0.08178624292231139
0.08162540184010893
0.08183527327798185
0.07729751001948922
0.07333583618624334
0.07124058881759904
0.07208847231735245
0.07385871105446158
0.07503263645499696
0.076463661464017
0.0773704102783186
0.07839143791221884
0.07915367793726667
0.07965581012750732
0.08036160994129803
0.08171932987038202
0.08378367256897677
0.08530414975807056
0.09899035208541201
0.10325081925732053
0.1078471988739459
0.10896062481069485
0.10938674587563395
0.10932591791964376
0.10898502377023532
0.10885410889382208
0.1085912178634111
0.10861895191129622
0.10869099662050373
0.10845295282479615
0.10780068913280443
0.10685613411236373
0.10505418803248219
0.10269787524207247
0.09563217089386267
0.08530314258371978
0.08071332197803138
0.0759994549564107
0.07454632314014166
0.07224557768348518
0.07182072891810223
0.07028557641514123
0.07007686618912812
0.06984574880478496
0.07363309964830865
0.07374447518682559
0.07554116523232755
0.08126611273524834
0.08148635386524679
0.08119577455635708
0.07854960149210845
0.07672408984389982
0.075414357005754
0.0751156016375986
0.07380254320776237
0.07198250736249741
0.06999340876643134
0.06845039446541924
0.06735790926133392
0.0667423989025278
0.06637139756765352
0.06632148265906315
0.06684228204324996
0.0665265725200733
0.06448592637489639
0.0638440569434284
0.05126170698437648
0.05083432909693505
0.047955837525223144
0.04764969586390031
0.047161415353877655
0.0464540370262537
0.046012994112043876
0.04567805911226817
0.04551195421567423
0.045100677699094475
0.04474798413458835
0.044679060691722124
0.044740993524944705
0.044845217339734254
0.0448810332767308
0.04475748326992712
0.04502351548271561
0.045379510188956806
0.045671494761047225
0.045849328438147624
0.04662745106531204
0.048635120570733305
0.04951761237504523
0.050956352394170144
0.051358699776385096
0.05206140097390336
0.04843927871200788
0.04801308213495922
0.046186492789617554
0.04068407795173364
0.03974097730250337
0.03879437718898873
0.03854544452827482
0.03822340019546093
0.03766894002411781
0.036860020225788846
0.03645391658030372
0.03647829886141472
0.03674351439707795
0.036694752416251794
0.036966385786176
0.0384957893985758
0.042468882127020054
0.042930431148061714
0.04319961221251246
0.04272059340196437
0.042992539884452396
0.04205899485731678
0.04078209318680226
0.036570027219174316
0.03421988299569445
0.03329134433770825
0.03244907015529926
0.03187173085969111
0.03199171903001897
0.03191521785082164
0.03183376345172855
0.03209410884681491
0.03202952450581421
0.03179504283981354
0.032081769017917226
0.03243960267066492
0.03263013787617189
0.03667389023640318
0.03787281936463502
0.03839320849263671
0.0377357770723546
0.03799941039310945
0.03743058413599876
0.0355399506392431
0.03480402718951262
0.03344134311312497
0.03302236461293152
0.03257215860350181
0.03262498852942682
0.03267875198466915
0.03224975477581173
0.03190038232050243
0.03192622878283954
0.03162303705184554
0.03127194291576448
0.03116093853016975
0.031554855881467996
0.033539793406856665
0.034059789240093286
0.035492693934485446
0.03588419657571737
0.035666190215903656
0.035655760336799854
0.033768657494124714
0.029359073126133593
0.028346827429429122
0.026773405663579993
0.026202429867762476
0.025808883742517396
0.02578948719563196
0.025578194936410056
0.025607324381770612
0.02559816915277512
0.025446976175648787
0.025486832063056408
0.02553624717408143
0.02567266868111499
0.025744602865133956
0.026112289906437516
0.028308929137746793
0.03287253620327588
0.0337307911674266
0.03468551370341727
0.03449766131875938
0.03459311597592937
0.03084196881415124
0.02947141010154591
0.028401728511523883
0.02857950022870644
0.02803722046630953
0.02812110742163654
0.02887279568070998
0.028675434299243404
0.029180842020932296
0.029310421874472737
0.029125246252769035
0.028472047133631665
0.028113062520758663
0.02826222642296074
0.028945127362662987
0.02975884558495677
0.0305984679384592
0.0316277587322201
0.03263555832757893
0.03272081976920517
0.03103913246912246
0.03080935748296622
0.029534755829251816
0.02924844741561414
0.029238973608506955
0.028775896690364497
0.028640278344881715
0.028698958097982435
0.02901179359769412
0.02952893179944596
0.030158213179919586
0.030525493376617103
0.030296702037491092
0.0305040617998024
0.030624840807155662
0.030812506152448307
0.031001036630301126
0.031274235169290884
0.032006220648536136
0.03394918590483313
0.036429463600832906
0.04253146578062833
0.043820818643681224
0.04222042019171044
0.04211701108747374
0.04102779501380883
0.041542257747985555
0.04136950162438329
0.04090300249066293
0.04051841545098326
0.04029651263791243
0.04030394626090404
0.04028271899065877
0.04030473384461349
0.03957490317046096
0.03979083043056438
0.03921178928293905
0.039095539852206186
0.03920404005223935
0.03937895494984164
0.039625431056273565
0.03982148260460412
0.03910788545698311
0.03894453909699266
0.03843457168207648
0.04114413476970574
0.0431615672578812
0.04398621194770061
0.04432919127486725
0.04420318567170706
0.04441168987247773
0.04411040620093249
0.044256593095809586
0.04453365621883936
0.04448916384713559
0.0446299403851611
0.04540726873613926
0.047444065563211325
0.047485573446110235
0.04837695739491171
0.048457149420478796
0.04863326001643647
0.048884223561187816
0.04894718448325639
0.04901532382476076
0.04900469584168698
0.04878559141237255
0.04736711012972003
0.04480840670484845
0.039100598156565074
0.03681057120420627
0.03450277734908927
0.033880823219196214
0.033774466093127724
0.03298445168683133
0.03285725049205463
0.0328497743724962
0.03292384195946758
0.032917079313021104
0.03275578350319706
0.032795448687379956
0.03314046931047437
0.033426540067630336
0.03513248835203139
0.03590556200909034
0.036603067934483875
0.03667832826311317
0.03657372037753979
0.03619661388653214
0.03609855012011986
0.036675181546700256
0.03582942086032526
0.03523699370097035
0.03113365674776163
0.027965504527918277
0.026953411202614148
0.028377301283553553
0.030174230321901096
0.02996222429244029
0.030250632274609498
0.03035223546013573
0.030905883980399226
0.031186361775428568
0.03107429887356919
0.030003758271025804
0.027624934457281956
0.027303182740135032
0.02611854202647568
0.02681321598722028
0.026587312097242095
0.02873887343220118
0.030071903997956215
0.031542741016059805
0.03178411508145884
0.031228431138397836
0.03027498048293004
0.03018947414656344
0.029361685118824116
0.02808400339830162
0.027495258974446934
0.027494583955569373
0.02735235332982885
0.028409183865531856
0.028413764627837537
0.030077202727166966
0.03097461815883464
0.0313019310319835
0.03144876288196997
0.03159483952403449
0.030963012624134662
0.03067725999930976
0.028821431685893448
0.027884638510844592
0.027178394367835066
0.027111318267585838
0.027099646428384885
0.027393580357144277
0.028297987197899097
0.029536005547540902
0.030294706896584797
0.03170405877035778
0.03189583696021539
0.03227337529911568
0.03183402767042572
0.030029819707941555
0.028412299999908474
0.028501089035462942
0.028071001198618564
0.02773444309907296
0.02700351351190403
0.02693683017859691
0.026789741950515655
0.026829827605053744
0.027777420296525482
0.027648246306250523
0.028776867170117373
0.02806672395965647
0.028381444348267146
0.02602635538554662
0.024418381845358588
0.02280510603129884
0.022177309330298028
0.022069214459824005
0.022278032652026148
0.02230016376858214
0.02247150921660457
0.022575874656837813
0.023761603911491805
0.02374782387105173
0.02740562397548504
0.027678311750910952
0.02882860258996349
0.027743532390804054
0.02735120992055003
0.027650441893850495
0.027550911992358235
0.027614977171951077
0.02750430395797319
0.0273204745180961
0.027535705811016945
0.02828633614911895
0.02938587119319039
0.030056341964953433
0.03185503840558286
0.03180779735916128
0.037117070600745365
0.03924001337084505
0.04397354443236658
0.04394831944232546
0.04512510972732634
0.04618324450679245
0.04794467075456208
0.048363788385368
0.04818644367222941
0.047861714104729225
0.047724666477105
0.0477171808598204
0.04777742327478257
0.04793667207091534
0.04827971781613936
0.04827182331824651
0.04755097604533096
0.04761074639818333
0.046599651847148184
0.04663739217599632
0.04626778589361256
0.04622030163552854
0.04630846640466047
0.04633986601511835
0.04648655077837943
0.04636750588708883
0.04631829777442681
0.046526195720145526
0.04662435537343878
0.04657432191835568
0.045430228060179906
0.04591848166504933
0.04306615991238392
0.04650973764852875
0.04633636441528031
0.04669934544736987
0.04621419381870143
0.045525887612982215
0.04549714012440773
0.04550056147502201
0.04593097267534305
0.0461992420860046
0.045901158317182396
0.04539516540227861
0.044383459873562625
0.04358555784414462
0.04180985366607839
0.04151293257098209
0.03520948329162821
0.03220375971357279
0.027516595288170378
0.02941357872274371
0.029532448779338624
0.029735930148993502
0.027890919712351355
0.027933015840756425
0.029161726033873573
0.029471192484547017
0.029576039833939097
0.029691021171702903
0.029564025544985384
0.029432587898238854
0.029760468540628623
0.030292682052179266
0.030009667404904072
0.030216401289830608
0.03007805936457009
0.031074149326454196
0.03298195704660989
0.03935107585309435
0.040730586228383235
0.0470149255539427
0.04886494662159497
0.04916613919860038
0.051517168487062816
0.052396659132038864
0.05356257411773415
0.054283053039488334
0.05481063257894608
0.0543013217024284
0.053882076325066086
0.04896073740286417
0.04811257419565148
0.04740371013172421
0.0475284544087503
0.047483560151158836
0.04794780137414916
0.048931151201187524
0.050593136014766005
0.05248626904607371
0.05347557273167716
0.05431980248642601
0.05546521262990987
0.056420620215589044
0.05695623842614774
0.05751884692142881
0.057262283834719464
0.05666036860623508
0.056051166508718275
0.05290263863882225
0.05176737366773817
0.05062644781141617
0.05116512042081615
0.05119481600280478
0.05066203365357558
0.05187948691834713
0.053562341437468526
0.05646843081878316
0.06070686028915303
0.06432173278647543
0.06540555500881921
0.06533029538103996
0.06704842094591619
0.06769274599945099
0.06775020015873558
0.06754110641371304
0.06639158137280206
0.06086006674935079
0.05967191384087182
0.05344633666362449
0.0518157593928105
0.051777123760315985
0.049301760947901785
0.048456979618518935
0.04752664006732641
0.04670142325637555
0.046738072483236935
0.04730167157410107
0.04756722375724443
0.04873792395417853
0.04880567694766621
0.04962085844721495
0.04993266750079353
0.0502452830393104
0.04991765465514192
0.04883618976264593
0.047130568365312785
0.04548656829409523
0.044820248632649544
0.043933853163063495
0.04267761018334077
0.04162013093572685
0.0409189018992028
0.040389803344514176
0.04047185074320545
0.040329338541264866
0.04068284060421407
0.04301493931776826
0.043728164562485135
0.04634735364100245
0.04656855154710355
0.046523928478489796
0.04599895536022084
0.04490279885100177
0.04332312888143183
0.040563921922938416
0.03668764749343322
0.033516148588655724
0.03218691862511328
0.03189277534667013
0.030321440523280705
0.02946239633907341
0.030458306591504777
0.03030684980694839
0.03672403309322483
0.03725861773874386
0.04227010282208954
0.04950197982181592
0.049749747250589206
0.05253303669407663
0.05479455337200584
0.055195684214893986
0.055743095249888214
0.05708492694213682
0.05753833997373455
0.058446935313828836
0.059190323396264684
0.05916033258382485
0.05988054965790068
0.061056322063518166
0.06334876547814038
0.06500546620673521
0.0660690199212917
0.06709210171098655
0.06847815503741544
0.06901912075254359
0.0698306129435955
0.06970419106864367
0.07068759402269821
0.07279792523208557
0.07406275314534719
0.07530381930466437
0.07654586244080648
0.07826847828368763
0.08106563271986646
0.08138358544319407
0.0816202398107423
0.07916564586422413
0.07909232552103926
0.07934432826905685
0.07997233896999072
0.08037082630753876
0.0807432890014115
0.08063660594002235
0.08027326571088854
0.07992803823112316
0.07981517831017827
0.07989333626997595
0.07997254957366964
0.08014132794569584
0.0795943184468464
0.07912795361548293
0.07223064852052667
0.07264247650365689
0.07085076786633313
0.06785322556698943
0.07149502389110068
0.07428205069186902
0.07698936088140611
0.07762927769039547
0.07801062047236852
0.07740733949359449
0.0778858398525115
0.07743191179849836
0.07653746119513984
0.07608246539095549
0.07592286197480996
0.07452199322146458
0.0728154876956295
0.07152477911204647
0.07028411304222189
0.06994736830308378
0.06987527787399876
0.07053312828714758
0.07123825602285133
0.0731240482834961
0.07373405067607629
0.07323097376993143
0.07341330314611004
0.07335598537208857
0.07281691641582892
0.07121795185191288
0.067824845993143
0.06550092923769331
0.06500656043127685
0.06544528606096203
0.06607621377309653
0.06682886759552858
0.06754760076497639
0.06785357126491183
0.06845934011474529
0.07031552955934732
0.07094547933446416
0.07270595934163486
0.07420011721263857
0.07529604369348532
0.07763498068212316
0.07996669231084523
0.08193885407879872
0.08359418837731497
0.08496366734759858
0.08575204911910643
0.08414859429208309
0.08159762840575821
0.08027666579131372
0.07670742292586696
0.07382685772745773
0.07352800821195062
0.07299616973466154
0.07326021592166514
0.07268446473910327
0.07243472634195706
0.07215126644121873
0.0719227953134909
0.0713430223258275
0.07077658846219291
0.07024664451023847
0.07001870839535884
0.07032117539018919
0.06975351843510448
0.06794088651524251
0.06634229346829258
0.06465973445641639
0.06282210238340542
0.06137511587786954
0.05996683939071457
0.05853913289936557
0.05748708135662309
0.05691178587103729
0.05663572186421333
0.05681458473627884
0.056908808497951914
0.05677420300799019
0.05680837059345464
0.05777497011691506
0.060083482892529266
0.06379494169065482
0.06755897391609554
0.07183431992599472
0.07361684442775353
0.07448202769351597
0.07546017063964423
0.07523983881521899
0.07519896268077711
0.07292115327520077
0.07094016210487844
0.06886317832463724
0.06765463312866016
0.06620952065943306
0.06445303132066588
0.06348546041004324
0.0621242205164265
0.05979117112065376
0.058189813052986185
0.05654800176012392
0.05619678941441791
0.05625404553675723
0.05603588523325373
0.055582038455559014
0.05503686457712334
0.054975684784628755
0.05463231952328191
0.05455157984539279
0.05466257061745059
0.054586835672945165
0.05453324012719967
0.054367050548546535
0.05410599642852023
0.05448388906262177
0.05486037907470507
0.05615066190247581
0.058090785846381006
0.05931828139353526
0.06179621605414848
0.06455299769340091
0.06488936799303226
0.06572074406448408
0.06860366432184142
0.07337099041171317
0.07338530156302582
0.07558918733639626
0.07585447962292378
0.0742204414567134
0.07175664495887575
0.06802669240475413
0.06324158244056752
0.059150761409256576
0.056764980256204474
0.05556051536309825
0.052777907407734644
0.0517074499266304
0.05072617450781894
0.05040434154420436
0.04982870462132615
0.049442085846509394
0.048707967334339665
0.0485721286041925
0.04822115843634622
0.0482194285180409
0.04880237378251349
0.0491174818549284
0.04904955740783632
0.048966290098439336
0.04866068158839662
0.04853317429530565
0.04900015048233813
0.049813682558313706
0.05031733589970311
0.05031333812041316
0.05065389229583991
0.05077134504361128
0.050410528543000876
0.0499709457559456
0.05034879316910205
0.051859362318783984
0.05410298868830877
0.05587441148759448
0.057107628224386885
0.05669136405065268
0.05543748969827784
0.05457037273180849
0.0522512362549662
0.04980112172066151
0.049659540571595606
0.049022324246339934
0.04661298239863645
0.04224363019554423
0.04232534071630304
0.03996472854726
0.03893704726127512
0.038542929245047326
0.03730312213792809
0.03629734019287465
0.0370978371358348
0.036324026427487555
0.035591786391797775
0.03589227264716309
0.03682544563358454
0.03936016406209111
0.04261812421224381
0.046839051092857846
0.05036625438878214
0.053878775654914994
0.05780565102179754
0.0588172627123024
0.05867364067631261
0.05963684427729679
0.05892089198925073
0.0580088852090855
0.05795085828779842
0.05812801536127694
0.05806715663072028
0.05753409124086185
0.05646240691217124
0.055183276570440754
0.054332609766175606
0.05416863052637729
0.05384612955922689
0.053715477284376874
0.053967968952778604
0.054268431840667604
0.053830529935771955
0.052309796540171816
0.05025866353647642
0.04824629280056141
0.04677619254396889
0.046802485949576755
0.05035804264143198
0.05542499107771004
0.05802804046493668
0.061939301285090974
0.06822569825328402
0.07088396198340842
0.07329422778832527
0.07438059002873378
0.0755162789214598
0.0755883085508427
0.07581713233126257
0.07733155612974803
0.07768629732707401
0.07714056969147422
0.07661606024008687
0.07653263632114278
0.07636559536284582
0.07652483803148165
0.07614331310893484
0.07378196038160643
0.07082549637509718
0.06765295372203971
0.06546287904073957
0.06347699675520659
0.06159817891932429
0.0630028284670367
0.06489221757971052
0.06367579696590468
0.06969115858923726
0.07575292451761852
0.08090631901584307
0.09128191986691934
0.10291795760786952
0.1117747040583465
0.11703837534041107
0.12043694450013427
0.12452583051346305
0.12744825224887693
0.12879082554485113
0.12885879748132587
0.1287173337758909
0.1285786572776845
0.1285532341595828
0.12879814969159178
0.12891241901595699
0.12904924363911718
0.12883494537785703
0.1277438261671598
0.12358822270790921
0.11819250529533824
0.11537638790644605
0.11141382489522618
0.10596007871419293
0.10558085991010402
0.10540455010084977
0.10530758599393207
0.10906050404281951
0.11488153003939579
0.12263146702704125
0.12119587919268383
0.12519918874537664
0.12782122958765466
0.1282661027420442
0.12825831538135385
0.12910628798444743
0.1287632181331734
0.12880445726843717
0.12856067761290643
0.1281040114428218
0.12741476263785254
0.12598661748189313
0.12454124514890531
0.12276123281471148
0.12047898529492075
0.11848928279938976
0.11831956995119867
0.1126687818264665
0.10798222749597491
0.10490288458961594
0.09719289916510841
0.08637391450171923
0.0859694846074572
0.08398491710934948
0.09021354550272541
0.09321012017843604
0.09425525116380586
0.0986758949406251
0.10377558388044411
0.10439532273126693
0.11027917484177936
0.11466434625587017
0.11431036777946159
0.11500318625963975
0.11559414785548616
0.1164725880728299
0.11706489399608883
0.11746604122680972
0.11752852900527287
0.11767696120941547
0.11762370175667557
0.1165345719011417
0.11393683855741676
0.11122299863266555
0.10998330253757994
0.10530968227379395
0.09900637212987733
0.09318067827890035
0.09384037799902308
0.09168044542141929
0.09039341413266107
0.09069481040138967
0.09148602916496446
0.09158039582948214
0.0927120754243368
0.09321280183346424
0.09397492249630901
0.09486951089540178
0.09538151889833153
0.09617960839003531
0.09665290967690872
0.09691934255855537
0.0971529562536696
0.09743317356528748
0.09745609156774315
0.09697795572204558
0.09567460880502082
0.09332898900532298
0.09067540179156648
0.09095184802663554
0.08599472788164632
0.08636185428033838
0.07770513333508476
0.07138040819395909
0.06849022510640608
0.06310918359767559
0.05839106992961384
0.05771045294252514
0.0522916613416878
0.04836194629004117
0.04869421922736835
0.048005053935267605
0.047486219566807826
0.04673914164181944
0.04624431270359606
0.04568538101872419
0.04557402968727798
0.04569456267898935
0.046160595648354126
0.046846834250171665
0.04760091416866117
0.048362488051295775
0.04873972648946071
0.05014260287015992
0.05661286962353786
0.05469188197970317
0.059743056445911276
0.06117152378163903
0.0649426550316999
0.06677709198107117
0.06693836010534934
0.06611340306845452
0.06537024970268314
0.06503186680172296
0.06471138694601285
0.06427095397814916
0.0640730993555517
0.06377244783027965
0.06332191426702939
0.06319168560012342
0.06332103085598179
0.06347630492544465
0.06363552575076852
0.06373838400923362
0.0647969476924271
0.0672753795185398
0.0680668489977644
0.07366531902764721
0.07490823144435883
0.08113307729636425
0.08365771279215911
0.09232011186260959
0.0953429878470156
0.0994572451860604
0.1020455464696915
0.10323477611263221
0.10357175259686628
0.10310937382029221
0.1026224348506718
0.10252279098502448
0.10332814394097845
0.10440823091513683
0.10463982800312271
0.10502802649970812
0.1059333078601729
0.10728772622379103
0.10876089173374015
0.1099413366789684
0.10980625143265206
0.11317323860921359
0.11743115754251593
0.11729486881630262
0.11271829678756545
0.11302127114942395
0.10728547954594185
0.10363480657623375
0.09894858557625864
0.0968041749452976
0.09606056534403662
0.09557108282427275
0.09485044133425742
0.09442435336005332
0.09445720305281625
0.09487446597688581
0.09553503896443537
0.09673540087460553
0.09875292280567398
0.10109134743885816
0.10432049211050488
0.10879047394501462
0.11355812653997939
0.11515031379117409
0.1316390595803524
0.14194001778161336
0.15153806804370393
0.15512576419427995
0.1532039248041391
0.1495330613485246
0.151032547029859
0.14371677644909933
0.1427787685028456
0.1394493481740237
0.13730336901464898
0.13622320277434147
0.13539454616793684
0.13520337237130692
0.13990728985803547
0.13998730020066422
0.1428147804161073
0.14261310268754038
0.14499173758273112
0.14488418291539987
0.14411366177702142
0.14446665603337386
0.14287234756521983
0.1409126109616958
0.14033213575835649
0.13640180251241926
0.13186698422335338
0.1306873907097172
0.12993251822335294
0.13003480563737332
0.13028508086717042
0.13057717919035053
0.13081847209250783
0.13143087879732937
0.13301472882358825
0.1352101795385562
0.1370645338955718
0.14187757329081538
0.14692514010581495
0.1507756852569242
0.15311915019129124
0.15715914548829377
0.15982307800189022
0.16078820113791445
0.1608986053272324
0.15949413684970415
0.15573066930523502
0.15401539033988604
0.1406728795120025
0.1304792155348675
0.12247068909244722
0.11287777985425002
0.11065078956923176
0.1047292009898877
0.1005365288243419
0.09873552051981206
0.09563874621815062
0.0948210648994356
0.09456545716639485
0.09525588643011924
0.09579131667892253
0.09636356559247218
0.09323864143000134
0.09370910976652724
0.09224675871337278
0.09238761666027129
0.09168981920030735
0.09224981692235473
0.09237549763805786
0.09130781201002398
0.09203198773657728
0.09370678211398903
0.09499349188613121
0.09561653371522928
0.09573997357901176
0.09523950112139921
0.0943204665866048
0.09360381605179548
0.09341047672739973
0.09355370461791625
0.0936325760135225
0.09342558128662413
0.09265038977968114
0.09097016062701807
0.09213736237934946
0.09613613756360823
0.09466224558294106
0.09420645401666083
0.09487699041783983
0.0923226863209251
0.09099477386782834
0.09102674379972268
0.08819626965227356
0.08477200269537165
0.08420879924121571
0.08535455591425585
0.08224405626875717
0.07987417778017793
0.07759680228531902
0.07733137160508322
0.07689976542376308
0.07681430309156187
0.076194221223286
0.07598353405268125
0.0768674696205318
0.07817783591031369
0.07939573206155463
0.08079765332642629
0.08193170840121082
0.08520206518893715
0.09016842612728697
0.09595190080902753
0.10184784010500303
0.10591574795929075
0.1062718103666337
0.10583381963725014
0.1075531100001841
0.10835405486100774
0.10891846669964855
0.10841138678886679
0.10787157632151534
0.10768711318044681
0.1078499931287103
0.10842639641858026
0.10902366729706263
0.10940718091963451
0.10958502594957921
0.10951674984572098
0.10921517819052275
0.10868458560431632
0.10808208122841506
0.10828909335573585
0.10608365319625201
0.09739851081584577
0.09692701643980656
0.09925345756944998
0.09956094763899788
0.10271708068270667
0.1021678696219238
0.09987774956675761
0.09875087945563554
0.10064442800517127
0.10230133442294727
0.10169211946685176
0.10189878100736009
0.10194678935196644
0.10178467637104184
0.10121827511457944
0.10104715805789609
0.10089701426479979
0.1008578313234293
0.10103790324150669
0.1003615749150407
0.09883745345776096
0.09688452765808282
0.09469857707038482
0.09308657493337359
0.08949267541808902
0.08338070193098772
0.07734490118691599
0.06927208500201508
0.06442341990499179
0.062587759378376
0.06275288810384778
0.06156295935346651
0.06004533733303714
0.05835172238780282
0.05763649804721608
0.057464191633195945
0.05756425748067811
0.05741469487798529
0.05697507664866233
0.056704935956593754
0.05669802217010663
0.05661461047924753
0.05641771737910731
0.05595722964644562
0.05543197473845086
0.05514295036369093
0.05502854356039122
0.05488838920611406
0.054883266358612605
0.05134828990988852
0.04458991730627478
0.040113583896476755
0.03437041287673217
0.03236650456625375
0.032093341790969905
0.032352305400736255
0.030819823573915217
0.028837325312418786
0.02815350938189563
0.02736400330567838
0.027644586279354677
0.02756860230336075
0.027305938324664495
0.02725368449702993
0.027167099331575916
0.02692339174514738
0.02652538588526422
0.026191135880346456
0.026044223416653443
0.026238548141703028
0.02651946105924399
0.02667956571833952
0.026703940561315004
0.026561898629512665
0.026199350836398735
0.02603559174206366
0.025741381268353434
0.025337304472639235
0.02488443129753165
0.02409950611955551
0.023957515348276365
0.023904073262292384
0.02357113701738026
0.023227219517849045
0.02240362914729994
0.022286432964840366
0.021839620975462274
0.021776348264220684
0.02174059020839345
0.021523716997758274
0.021384328077102274
0.021499261221162805
0.021422457067456158
0.020987121873668125
0.02029039712920233
0.019546652119778917
0.018963992092168137
0.018675335525649244
0.01874929808449347
0.018609432378797298
0.01795961758384101
0.016870331136803012
0.015580204890221333
0.015282629997790844
0.014710693697784683
0.014175484292455513
0.014238566248684947
0.013666528984373956
0.012847997011318335
0.012510131324819977
0.013068654306081265
0.013630230266585658
0.01440430974066538
0.015296594252806495
0.016325784389581866
0.018482119326191225
0.019941324775604567
0.02276607383782112
0.023620930077579372
0.02405582420395733
0.024280053181689073
0.02501762999113524
0.025954110765112087
0.026420197625325454
0.026754312896747928
0.0271359048724107
0.02756050998454046
0.027912269304878445
0.02797026868665425
0.028445049046796973
0.028785141957198154
0.02867255713469505
0.028813026179433057
0.028461959740866682
0.0285232018956552
0.028036771125804143
0.027375788627112384
0.027064000354552652
0.026977891813916684
0.027037008979105465
0.02745594051767439
0.02804236201280071
0.028530602497068586
0.02889057046753847
0.02922629032181211
0.029590061683491126
0.03000989273642467
0.030693058812704465
0.031799296874191314
0.0326427133476622
0.03475179796183222
0.03634098293749144
0.03700452408935216
0.037801969498708746
0.03890704536010942
0.03922892894091463
0.039849666380463056
0.040042377461657015
0.04001913393116185
0.03978964639366887
0.039166033824155205
0.03876970858713815
0.03865043830353925
0.037301380879475425
0.037017983201709105
0.03555638415554288
0.03614730474113164
0.03707346313381198
0.03814225793052097
0.038258167857938695
0.03765238244979795
0.03715021148144564
0.03691063007784887
0.036768654825589234
0.03645834226034728
0.035962037300706184
0.036071512031973
0.03626574692529091
0.036175230143713176
0.03641661109851758
0.03752079398707328
0.038270376702915616
0.03854631598944333
0.03914175690036838
0.04001256640268092
0.04049254437735387
0.04109884040033904
0.042161568216197653
0.0428467584561971
0.0423839954068471
0.04257631832211766
0.042308755604853254
0.04269483848274045
0.04407080630752495
0.04434450827302241
0.044227927510130265
0.044632127385052615
0.044742952328308744
0.04303283934708859
0.041802188786372894
0.04137661493615297
0.0405860872961105
0.039592684680205874
0.03959065349642122
0.039176653870576804
0.038925392082751184
0.03841799972224435
0.03784176156655281
0.037481555055123336
0.03697488479182758
0.036212635690137905
0.035498486007810484
0.03431763070953312
0.032795126365817696
0.031077720324027728
0.029408460903551804
0.027853314928988904
0.026845258225819416
0.026462281138774472
0.02644849909934337
0.026278544832334313
0.026064554396677143
0.026153864227722253
0.02666518010357991
0.02708277722760929
0.027106217583301718
0.027071155906351115
0.027981752081370766
0.02913995310446674
0.029952694502087405
0.030459144193775534
0.030593128628062956
0.029847244236633944
0.030120048765404504
0.030054503684952476
0.028620038237546455
0.027769303992563523
0.028060758148483977
0.02739141448256809
0.02733755372073421
0.026780129120474113
0.02518911947303017
0.024719515882941093
0.024555341767165246
0.023563203429840373
0.023210859521123086
0.02350035663856331
0.0237136824701656
0.02376508076896081
0.023762765597829045
0.023551173342645032
0.02314467678172613
0.022877978604844154
0.022845771542064405
0.02293114547728796
0.022984308049996845
0.02295873367517405
0.023167917073244934
0.023577414823411528
0.024037782755359758
0.024258444871120412
0.024101585937981423
0.0243018550892098
0.024946677544870396
0.025868841495580566
0.02661575775216991
0.026906543207585978
0.026861590236607294
0.02728425074960186
0.027885684595828117
0.02827010682036721
0.028146464614801057
0.02749827514232904
0.02683611998226879
0.02683313147401681
0.026017063062738325
0.02412117691589848
0.022506639650570186
0.02184213764571515
0.021447315056534383
0.0215954962123043
0.020916339149265148
0.02022872159352285
0.020376659821896115
0.020131796632347328
0.019735700265797976
0.01968703670718138
0.019562632878049196
0.019277860450805345
0.018975950382916777
0.018561566387409485
0.018032161030301013
0.017513007500682586
0.016987497399340284
0.01639791408960587
0.01580124617684988
0.015370352413795958
0.01524454376805374
0.015399537789097308
0.015688487513331618
0.01599255162807308
0.016237405383237903
0.01642003979320628
0.01662651104109413
0.01687836038963692
0.016819723841954033
0.01646944734521373
0.015999678634343175
0.0157449430500848
0.015878144205346948
0.015673686624388897
0.01504523706679596
0.014159335013260652
0.013459737003040524
0.013212861844558535
0.013282696051909995
0.012839283587203024
0.012110189674516138
0.0114124542243193
0.010993482293094985
0.010913110105680315
0.010942204457082565
0.010794068161994448
0.010493670555239148
0.010283961644140555
0.010406898097612654
0.01028009781494796
0.0098801239845617
0.00969304764987721
0.009865494393296342
0.010129097051447622
0.010079779629589877
0.010120383954732507
0.010424263762389219
0.010701626341749537
0.01085741102090998
0.011120955462480984
0.011485910888345543
0.011917844484525974
0.012277506663915666
0.012456677225659752
0.012494790773609392
0.012450188264006857
0.012351988224001985
0.012284799696393131
0.01223706827813077
0.012175218482952591
0.01206390524860318
0.011860947320137183
0.01154158283028073
0.011273791436459318
0.011074957145042608
0.010891099183494029
0.010691189939964707
0.010560413711958492
0.010568631443073037
0.010671446096225277
0.010798356420738592
0.010891726750508854
0.010914702558893636
0.010853731922239812
0.010719444914403485
0.010560785445961956
0.010488957559558136
0.010525452994811802
0.010641838840882795
0.01077054982940411
0.010814479281843932
0.010690414315418643
0.010510187600759778
0.010314676349589137
0.010041993752429808
0.009755487897793878
0.009624344155898064
0.009678019286477558
0.00987921007176215
0.009932528304764562
0.009732794208805526
0.009432589633051746
0.009326142278419484
0.009139728844066438
0.010077998910093014
0.010520362818393575
0.01471682473754351
0.015219912489431242
0.015209113371844857
0.01569913804834486
0.016585879974328036
0.01775243586628267
0.018290259044870177
0.018518665850798765
0.019341988010933255
0.02190927737676676
0.024471838610096792
0.02524894513597625
0.026036976090732397
0.027947950832472174
0.030502370641354346
0.033610374744350156
0.03596983814318956
0.03755038971571443
0.03844549196369928
0.04017554436767223
0.04288355737031293
0.04388754596331637
0.04463442054557021
0.04467444259444344
0.04531503316176011
0.04612733710711427
0.04617873324205111
0.046685881253642474
0.04667809861506758
0.04740626743127818
0.048256379247224174
0.04853728626619557
0.0488586146605623
0.049392542719218085
0.05047847939400363
0.052450515084705766
0.05519876728828319
0.05820094885105012
0.060766229556535455
0.06281063919890006
0.06552406499094088
0.06734593471574016
0.07002999756805169
0.07397148459749477
0.0772255995331154
0.07882616081045443
0.0776675247552893
0.07826220803149617
0.07489416932114855
0.07452261285665833
0.07422758395582986
0.07357445158134855
0.07308703477951513
0.0730511927659205
0.07310536704778639
0.07393293454923629
0.07460340737577993
0.07287358116133232
0.0722373789152146
0.07311143657310165
0.07368251316603407
0.07226162340074199
0.07029086966011251
0.06918599023792467
0.06830274457380991
0.06868394880370944
0.07002831120660537
0.06853994142375806
0.06597397671340752
0.06661511671965215
0.06630610991128175
0.06774972091745797
0.06832266021251941
0.06811282074220235
0.06866426548326292
0.06906705862459485
0.07021326308009543
0.07043964020459567
0.0709976679558146
0.07114318750508832
0.07550416299543834
0.07655771010216572
0.07566504711707889
0.07449266330963443
0.07237779825367398
0.07009784213139264
0.06811161341929618
0.06722433312906871
0.06606894086105976
0.06541559131419135
0.06343064396448934
0.06024859829562582
0.057861276191586375
0.057199199458426435
0.0578256044033564
0.05720920319991967
0.05855221814892871
0.06254079243795706
0.06406253622268239
0.06582105071278647
0.06872791079235455
0.06819363107441791
0.06954587628311608
0.06871646537009278
0.06878631559844624
0.06857844212595789
0.06776164229044122
0.0673818320944063
0.0675993076127568
0.06739382944083204
0.06890087034248621
0.06887720951052716
0.06963322989408939
0.07076566980292863
0.07139564300892624
0.0719438233328238
0.07443626369389912
0.07619871804240351
0.0789297825910437
0.08135369577116551
0.08141260241559899
0.0856155615696211
0.08568670751648017
0.08637440606643891
0.0858962412794298
0.08650406856627885
0.08614314390286482
0.08614133901455817
0.08160392632395809
0.08032677154967292
0.08121008122178368
0.08064423166266059
0.08226362063068733
0.08395732668740104
0.08395499405163137
0.08420858921054475
0.08864473784277144
0.09551903287765727
0.10011574487921653
0.1081195552981849
0.11816285716674306
0.12419598692099575
0.13006278802994292
0.13372278691392292
0.13575131265569398
0.13849779597897627
0.1384456426515676
0.14079586615711728
0.13815504873310977
0.1379703483338843
0.1361909253553833
0.13604324449689661
0.13509019690964436
0.13495700253015466
0.13441003157789658
0.1333201835072973
0.13301465924366362
0.13320261826426863
0.13240557055369362
0.13177765176610587
0.13052817324673563
0.12815222379366575
0.1265056473238943
0.12672341677755278
0.125009290609799
0.1226220063868964
0.1204316508036757
0.11762950977633256
0.11779543549420803
0.1145285131315334
0.11544870395406089
0.11524962669930755
0.11662304329914548
0.11799918685447762
0.118271974991155
0.1191444887360038
0.11917815623755962
0.12043148165916819
0.12000584923522968
0.12000721242170649
0.1181952549774379
0.11620488296208009
0.11622071884068402
0.11507719818686124
0.1093000256289321
0.10159677609176403
0.09686481199619891
0.08904131276999781
0.07928027553605445
0.07315835462449748
0.06777971637691567
0.06842961404867601
0.06907202392550608
0.06713598134681671
0.06974197171481007
0.06855027917651903
0.07126623841128295
0.07509944046336982
0.07865363738808055
0.08050581533164741
0.08100467683049382
0.08087352204202806
0.08082414310635813
0.0807833177261965
0.08023587059058983
0.08040848392721371
0.07949226152654497
0.07902810093737318
0.07897405914685578
0.08166801295825428
0.08124282424467454
0.08399886206782842
0.08497751404194447
0.08506057994828609
0.08458007920118728
0.0849984447743672
0.08468092600046655
0.08314206771967501
0.08253566747585733
0.08336336154335398
0.0842997734825688
0.0832612794664696
0.08391728624872352
0.08401604347855733
0.08849223755891661
0.0894902540598158
0.09156892877684027
0.09802927437823779
0.09992889927538146
0.10352436652606391
0.10285772770535707
0.1040604116171861
0.10616596282406633
0.10664248385502484
0.10678078881841706
0.10589626958397969
0.10495422599176439
0.10469857153455092
0.10424274621361738
0.09997412589342682
0.09614776130308328
0.09532769586486661
0.09282015007527779
0.09275357495082526
0.09103874148101875
0.08913394145348652
0.08709093301914121
0.08600569861434954
0.08585839273398636
0.08563265143890547
0.08586128566073449
0.08707487232970923
0.08826761221263958
0.0895238168405243
0.09074695156323953
0.09115020478474813
0.09552630401880119
0.09662228241457026
0.10026473762452863
0.10103457176102276
0.10228168756688627
0.10479846573080433
0.10610552627763704
0.10837055529674833
0.1094900816847287
0.11047881560041399
0.11060522206839257
0.10902015047441664
0.10635850633006884
0.10511671172107633
0.10390711396730584
0.10449774819129393
0.10415018086814286
0.1031385491024784
0.10394622299886186
0.09864370721452521
0.09740737528766728
0.09472602684357893
0.09615499291460748
0.09585413618930293
0.09431991479094393
0.09489698333890574
0.09626967380612454
0.09850168151997896
0.10188404363882553
0.1047022478359037
0.10982035388631206
0.11125264775116019
0.11712809576915761
0.12237311007742181
0.12632861003347728
0.12557723519779884
0.1253597442685206
0.12493316199036653
0.12557208256605076
0.12534149396198532
0.12559737425715672
0.1262018194841434
0.12712198547249362
0.12671993981858104
0.12607960868662468
0.12469389453856233
0.12528902782603063
0.1267268761895245
0.12442991214117766
0.12061373954905602
0.11698757160867551
0.1127033345027658
0.10967916341916185
0.10602355406965845
0.10434877977924227
0.10142957728723219
0.10101037075058507
0.10224971585404885
0.10136713099523663
0.1064262276186529
0.10833886114183174
0.1165589958978589
0.12291075181455013
0.12528278937601675
0.12383985626201831
0.12411639800540704
0.1263675385111579
0.12885001693587975
0.1309470245369357
0.13250961425212993
0.13363396883184722
0.13546670277933395
0.13792046053480836
0.15093916611531602
0.1521778236645617
0.15705048927885593
0.15423173366612672
0.15557973472470563
0.15266950465184115
0.15583830898606132
0.14938222006830168
0.1415626767465778
0.13785991008988624
0.13673840463489625
0.13632196312378828
0.1350389848918326
0.13406571867970105
0.13800894587069065
0.1376726221197755
0.14077994915959136
0.13978227128546225
0.14032043217927748
0.13979111407752812
0.14045082326653702
0.13998729471529706
0.13983135085242204
0.13868432578514034
0.14106642656804613
0.14379179450876908
0.1482447935593129
0.1618710536045281
0.1634548860003259
0.1748730358313051
0.18078265641874225
0.18408968121248384
0.18700849726192392
0.18851530266470665
0.19006297765257862
0.188292904194552
0.1834279869114859
0.18070079627544355
0.18119780831129403
0.17928287474465052
0.18506087878773583
0.18230126518389225
0.1865993027461524
0.18488907076412409
0.18786437918395393
0.19294276227360643
0.191317661200326
0.190062500600276
0.1758864670562964
0.17400149027602996
0.16789659536851173
0.16785608319445533
0.1639755115281302
0.1692585712861737
0.1703049687953302
0.17639321414523423
0.17667136888554644
0.18076234782725367
0.1806790448950488
0.18070563091575412
0.1820383926638465
0.18555529511220026
0.18175815248642502
0.1875147959079805
0.18854582279428408
0.19056347007291888
0.19850964569860322
0.2142330413445731
0.2250631676053092
0.23046532288944532
0.2364209246472405
0.23837766571662025
0.24055422048597075
0.23911668533025024
0.23472312390119576
0.22637123489690966
0.23041420529591047
0.2223449227953723
0.2175990073320729
0.22679748023541446
0.22445079305690022
0.2279096517950151
0.2232067115901832
0.23010830654025796
0.22688113458511358
0.22379393317068083
0.21965036020717774
0.22087185529715245
0.21670627788070462
0.21476697373240805
0.20760211726369981
0.20835057870517637
0.20610324156942073
0.19963846896416693
0.19928239953252416
0.1995976657259939
0.20147973440762715
0.2013170518405654
0.20176439842180902
0.2028224925162684
0.20405444578569876
0.19857900244032656
0.19600699580577405
0.19241995462375303
0.20679644853548027
0.21895421152843342
0.22986325815596068
0.23396989840713375
0.23334143457862244
0.23649166079661899
0.24535632902287483
0.2428272651386331
0.2415414753524797
0.23977228865878897
0.23687088052655647
0.22653450586868593
0.2241844826255653
0.22118098268626293
0.2187038306296997
0.22627294518217744
0.22989889606003766
0.2336148647521352
0.23729831859218808
0.23425235779818468
0.23425185429373174
0.23262387786535688
0.23065373973783776
0.21766904365117276
0.21656343147723497
0.2134437734941795
0.21134954941202952
0.20560529502570157
0.20605722207660918
0.2055736925682624
0.20595197435221532
0.20485631888212186
0.20248897453874248
0.20220263093305324
0.20173406034039343
0.20149147611850146
0.2003957207579469
0.2028311457935592
0.20428795728950674
0.2108533742960672
0.21374135028462882
0.21613314288199117
0.21713147579603695
0.21912661520211096
0.21727732054065316
0.21674703891671643
0.2164028812790706
0.21852523095284337
0.20649333955588708
0.2014193729659539
0.20575201355837366
0.20394900872106417
0.21216773669957564
0.21192239417280934
0.2190246534748874
0.21631721492496583
0.2150443702295608
0.21758582440753504
0.21200312533657603
0.20691851226507563
0.19946172067536405
0.19670002908129178
0.19286583574310556
0.1843000509460023
0.17847865703213453
0.17637500425687982
0.17707316233844975
0.18078508724016254
0.18003101445168654
0.18686584832274658
0.1883450299193241
0.1876553597605116
0.18664143168990832
0.1853692826296737
0.18572659652908144
0.18482321402297405
0.18410582166515244
0.1836269455831434
0.18276752084414827
0.18193532810889199
0.18124748341417898
0.18089238554896667
0.180830827110855
0.17942673893106784
0.17757611196216994
0.17466480671395912
0.1726522427727419
0.1640928542562313
0.15936865324710212
0.15604660308578758
0.15404644930295655
0.1512495900744689
0.1510457972868661
0.1491913495355238
0.14589765822996595
0.1410653644130309
0.1370452196644363
0.12427308802420257
0.1083543299846691
0.10514675794218586
0.09587262515112716
0.0884380598756012
0.07203383654989103
0.07094375775618492
0.06882697581891038
0.06545516123070129
0.06448843555554724
0.06338048394746919
0.061165816532364435
0.05993443630936126
0.057900969621997735
0.055240656781021934
0.052499235451311604
0.04927101512966525
0.045062803640908373
0.03931743133275275
0.034581271356721816
0.02581783498653577
0.02430593913478613
0.02394033792806073
0.02375283049870404
0.023460828328257837
0.02296332420543355
0.022286055456661433
0.022446959825540045
0.023175219316466298
0.02372285629480457
0.02432363984799303
0.024970825638150163
0.025193923709135393
0.024818644203473673
0.024709386340725517
0.024788539454526786
0.024813533173219743
0.024694260248282005
0.024481510104455068
0.024460039647364647
0.024604878134599783
0.024727553180145464
0.02433940949801421
0.024768498511628698
0.024684976664221803
0.024756361058515797
0.024381907600842984
0.02393706897533845
0.023720937603467874
0.023506101712116173
0.023381072069945774
0.023284161734381473
0.02317884628596992
0.02304333009332708
0.02287719200696325
0.022742296313505564
0.02274717615160186
0.02285397597384417
0.022944237261050188
0.023043855256642584
0.023450606934892995
0.023830984273345544
0.02425226221218446
0.025091907506885506
0.025288807082210544
0.026001215602398976
0.02639892301593975
0.026222705594881934
0.026244664762207933
0.0260035386900483
0.025897671444120637
0.025783437614374502
0.025604089320481287
0.02553238054938331
0.025604739184535482
0.024926936183600975
0.023859158597250425
0.023119970550450092
0.02237284105301549
0.021508074041178632
0.020948273113680065
0.02092901482936775
0.020649162209026708
0.020193529568374616
0.019808253525438694
0.01962359120874276
0.01957965180019319
0.019270821596710466
0.018701270901677107
0.01815011658196722
0.01767452587308351
0.017294403743414313
0.0170494673986616
0.01694896498625156
0.017080197042414442
0.01738672766120914
0.017929990748181555
0.017989834178896744
0.020224180099765062
0.020684859373551686
0.02411986813299398
0.02522167745267687
0.025655872685795156
0.02589056578806745
0.026365183160465516
0.027275340371882884
0.02756099468329432
0.027746988920610966
0.027583699079472362
0.027293449651067652
0.02707640673968111
0.026362540612544155
0.0262179129323054
0.02567600812263667
0.025679269228818902
0.026498379994242493
0.027297824921241744
0.02828532744654043
0.028950799229429853
0.0294620585338848
0.029957347099180992
0.03064669744518501
0.031380681437102195
0.03177817602984579
0.03169739838816962
0.03194355558166703
0.03259281877826923
0.03352444823104945
0.034629118638647184
0.03574919665505878
0.03693493527622977
0.03825305833607425
0.03990120932891967
0.04183256758634998
0.042675776224771096
0.05124914178800099
0.054908035853227254
0.058535433977526675
0.0638724565252192
0.06676210755795804
0.07287594266749368
0.07446863823426544
0.07520750182589746
0.07616082490605622
0.0763885427753203
0.07655155143463507
0.07457158391992044
0.07439498778432509
0.0716245609450705
0.07111542327597475
0.0712764567897571
0.07156917582004126
0.07139040842512463
0.07059302232943238
0.07035702857379462
0.07009490471586241
0.06976541402071797
0.06959337937480352
0.0693896408611745
0.06921316855495825
0.06901877611140599
0.06861816236995168
0.06792587249360331
0.06701058705204714
0.0661591808135343
0.06542153341830882
0.0647419857488034
0.06408557894149973
0.06347420449210088
0.06264350174275912
0.06187494700723039
0.06164558468845694
0.06183819275034561
0.06137528202012487
0.06102144448483459
0.060071132822875524
0.06038108564804812
0.05959826275883923
0.06033260045712437
0.06038058182752093
0.059741785878435545
0.058467175631596896
0.05844143984516731
0.05282456367237038
0.05056882343174573
0.047608077316738044
0.04273322707272948
0.040070390619684225
0.034160040198294835
0.03277354454756016
0.03223372267217104
0.03124167790240497
0.030593942642537366
0.03046671924778482
0.03032191942463606
0.03032483933284545
0.03011375072773849
0.029924932616760467
0.029460046347867582
0.02893986972558596
0.028687126299894474
0.02863793166951725
0.02886302410449588
0.029238067430068126
0.029633756002097462
0.02995442302638901
0.030252384625485837
0.03049290447328989
0.03064192666401226
0.030677645037168178
0.03066015328669727
0.031033968264397995
0.031715909743577624
0.03252617395566615
0.03317649968672675
0.03351088330298411
0.03374418109326299
0.03396745615853299
0.033933794088157485
0.03429018545059596
0.03487359591925308
0.03509482644860203
0.03537958242652794
0.03566117532547395
0.0344388160980684
0.034158972189458056
0.03227334116284287
0.03156312743946081
0.03114099197568357
0.030544657113937185
0.029650478838033654
0.026922805784142075
0.025837760386618957
0.025299365436489724
0.024918740597691346
0.0248372873798028
0.024782462249243548
0.024647764204427075
0.024471768618696575
0.024334770585717407
0.024241301070580926
0.024054101102090917
0.02376188472092952
0.023287075376891717
0.022711551903323957
0.022225894463491717
0.022026965259993495
0.022130366633319156
0.022280563010904916
0.02235200255329108
0.022385793931598744
0.02247996581312445
0.0226040576579602
0.022664604489987233
0.022559450114150895
0.022293009676510055
0.021960961350215465
0.02184785813302936
0.022061096621846382
0.021975081233019084
0.02142536413858971
0.02045705328437562
0.019402386384141403
0.01883786521114
0.018628120645153314
0.01849727567101888
0.01873157873814987
0.01895391815659274
0.01904410368924841
0.01930771357157929
0.020830120945971975
0.022908548111070324
0.02464466787601301
0.028076342175414982
0.029485640530318102
0.031014383032147045
0.03181141336812867
0.03203429160410099
0.03223102971001821
0.032320704753938334
0.03267476644787587
0.03332941011329688
0.0334641600670499
0.033307300632172916
0.03318360802013317
0.03288279925469588
0.03305479366619352
0.03340086977966892
0.03364293121652443
0.033735049983995104
0.034149418064013906
0.03485627755943112
0.035384512152808856
0.0356832810292113
0.035934247155036854
0.03612262476423218
0.036353482120223705
0.03665700354323279
0.03722052756473541
0.037888831849131555
0.03820584345024415
0.03815020914438815
0.038868203406608605
0.04035450258587164
0.04179483776998443
0.04234832991488693
0.04273679453557075
0.0438000847985491
0.04645267427628239
0.04905416577289359
0.05054018398099891
0.05107805052858427
0.051231100878334664
0.05130720701263561
0.05130687525326952
0.0508604226929277
0.050419061414445264
0.05048602527335718
0.0487063408066738
0.04675738586539661
0.04537329071530687
0.04249334391082249
0.04146425631808525
0.03923354794810663
0.03795145635806585
0.03878115397845205
0.03997012628479805
0.03998578101536873
0.04274682438771641
0.04702000812463536
0.047823529490163295
0.05047523736889553
0.05180223295384143
0.05650771784353384
0.05835944297787637
0.06416153646873986
0.06704311162676292
0.06915155820072293
0.06979561844671485
0.07036288027854647
0.07015719111060621
0.07133002830225624
0.07249400383619546
0.07300717802113611
0.07281639093406934
0.07277272385979454
0.07233842000904354
0.07142555872015872
0.07087463362183835
0.0709318122937777
0.07039458843853513
0.06945133758730392
0.06893510511059993
0.06910729728069971
0.06932580448333582
0.0687101004340313
0.06697242892418659
0.06612584579968243
0.06639909510936334
0.06666364325193079
0.0668272715119437
0.06760975060380481
0.06829051696234867
0.06863454023983785
0.06868029835567677
0.0684734041022194
0.0684966385457716
0.06909382813245195
0.06973051062291129
0.06985635200089572
0.07007976803036488
0.07055425361088052
0.07067050082838483
0.06981975190896142
0.06872378874404192
0.06835516330102764
0.06548684034292479
0.06127203329449002
0.06094584781579307
0.05866387733081877
0.05750463595254223
0.05327261346013731
0.05147576478723945
0.04547002885284817
0.042865577879635824
0.041608832610361905
0.041628126426910696
0.04135075516911758
0.0419798101321027
0.04185582323823477
0.042211431549833645
0.0430697307865314
0.04393313787319489
0.044180608430505315
0.043902769377757354
0.04400907164383813
0.044640149712197326
0.0446452330186976
0.04471100963430396
0.04455162840903171
0.045390478026813764
0.04603089778296917
0.0469936148156313
0.0495238352816165
0.05079840736739363
0.051186940057337045
0.05164278834323335
0.05211413312832678
0.05260608669537706
0.05320529248948747
0.05391277969056236
0.053837754959879795
0.05334590917030274
0.05359031326001696
0.05385771965351022
0.05289132788034707
0.052466722988249496
0.05384657109476221
0.05463787397514217
0.053983544373278534
0.054761061186322874
0.05615485151201619
0.05653834142293989
0.058128453067425145
0.05959167794155127
0.0605823694457527
0.06081387302456314
0.06072805318704171
0.06107474221441361
0.06188635972949532
0.0628459815503399
0.06315943197975227
0.06310238958043261
0.06375456119763533
0.06533110981142215
0.0667823792353715
0.06754552168359755
0.06677051295288285
0.06869452633089095
0.07030975246123826
0.07257484889299905
0.07349723752847213
0.07364375231856274
0.07327123222245058
0.07255824807899187
0.07286207402848913
0.073877978461786
0.075449707517949
0.07505168984698483
0.0736727174375294
0.07284745793167371
0.07168386270600667
0.07135062311880484
0.06948943763520386
0.0683629377772345
0.06821579694997025
0.06801035683354766
0.06666681333569098
0.06638884018327638
0.06646638629227843
0.06764882748635521
0.06842497046386416
0.06874023396760948
0.06912067720845609
0.06884329545967861
0.06715202848501557
0.06587608821826473
