48
0.5607361691121135
0.5702829405606438
0.5726051097319949
0.5581006200801946
0.5358695187398862
0.5408620112731639
0.5153562941941487
0.5142506262072685
0.48529573059526765
0.4667052681617883
0.4634952934605301
0.4737615559618997
0.4613989174736
0.4466710080194885
0.4318337483436132
0.4202649340457075
0.40521704791149427
0.39641655187509045
0.3962105360112169
0.40860319226362746
0.42459600659340846
0.4152667828982606
0.43023514776248534
0.4301141945247784
0.4411791544281385
0.4173809992273272
0.4200045172320194
0.40589828705364944
0.3804154954882791
0.3650933388794008
0.36710869701943066
0.366817052946063
0.36966607182463646
0.3767631164496912
0.3847874559580909
0.39052507961694455
0.3996265170294135
0.39505761160405717
0.3930154266401727
0.402707401809087
0.4115300205502062
0.41277842767642775
0.4137742668062297
0.4233102143201191
0.4388479718719416
0.4339880878870493
0.4289533820253413
0.43417882610753583
0.44302312298807306
0.4522181547829906
0.4487112012674923
0.4501511076340823
0.45061685133087254
0.4480205335785554
0.45929764372404597
0.46548637778196517
0.48093574964596675
0.49330864510274974
0.49269771557484904
0.4799064465232295
0.49453467774904203
0.4988492618825649
0.5010577742548443
0.4970932051459005
0.5094093543979722
0.5144793015867531
0.5090862029780923
0.513406677783836
0.501602379866683
0.5072844219218561
0.5074396781343679
0.5158656682322569
0.5162407284274023
0.52968607497777
0.5163878490965975
0.5067814163114633
0.5086580655496674
0.5086503958483145
0.4931403292988468
0.48229071993677297
0.486763034763324
0.4902930523677714
0.48808307656678673
0.47474951596534987
0.4793241680938029
0.4794211496804228
0.48306015720724743
0.47020122382003643
0.4583865456905429
0.4679917829083517
0.47954913691582096
0.460626089044828
0.4555233268329842
0.449451257413616
0.46137702558932303
0.4553674410275739
0.4397954228265149
0.43283540073321536
0.4237634529609169
0.4214062346271399
0.422857746205225
0.4219640324697713
0.4180886687356831
0.40859715300976246
0.39280427248472544
0.3842485553129271
0.3898709048181363
0.3903593836307364
0.3809031219381142
0.3765441921201338
0.36891438112000324
0.3726679060793708
0.35980766891448024
0.3514665960834337
0.3488508536377275
0.33539903041575103
0.3293688949508117
0.3290138131913071
0.3183446318456573
0.30631413520873235
0.29424935665218793
0.2930270024224623
0.29964027823586653
0.2990764086014874
0.29866018940009015
0.29936315274072994
0.29861847662143237
0.30074413158574015
0.2903202749462162
0.28250001898059024
0.2762588274600385
0.2722616997986703
0.2764091092116437
0.27507377469028466
0.284342803217245
0.29357091697490817
0.2930097687178754
0.28489614348539966
0.2687958979254295
0.2778687721419617
0.26633579610363145
0.26825366690145097
0.2591876158773991
0.2582390000893016
0.2607472327247146
0.2483310328259718
0.24378262706821138
0.24721453286866804
0.24462399668221957
0.24508677545178925
0.24529481273920062
0.249398074681481
0.256472212339017
0.26119841790791914
0.2535373776904467
0.2536464405897905
0.247553478560965
0.25222844555196017
0.2534996169120269
0.2527913155681644
0.25435112565729834
0.25648743893102594
0.2584833681186926
0.260383406674897
0.27078202677724755
0.26606326898951865
0.26379504240520485
0.2685512351065159
0.2700570640435568
0.2577080024194453
0.25120773035778615
0.2543593843996537
0.2651075248573751
0.26474447637294585
0.2666126557838817
0.26768113103723884
0.2653112411213345
0.26206511693999845
0.27366386912710206
0.27731370639232156
0.26037167629635993
0.26028957308811157
0.24618657313504957
0.2431298331621358
0.2549489475395125
0.24980047037622222
0.26620803242416186
0.2641619594867537
0.2652779183183181
0.27240809632998725
0.27000999719390556
0.2743967608066611
0.27466592118789673
0.28029259410835233
0.27955388522976105
0.274335280220459
0.2720859122418022
0.27172432841871075
0.2669539191652269
0.2646374121305698
0.26254180496504237
0.24767190692367044
0.2453104726793188
0.2434537224651163
0.2502501415663967
0.23922541517202475
0.24289290190221702
0.2363123982609389
0.23369474615876792
0.23204617151715512
0.23103170766943504
0.22380971100347694
0.2216465050071955
0.22513849895584123
0.2261261790070527
0.22149057117479007
0.22091461797878706
0.22052239631887108
0.2203838287024693
0.21751164228851302
0.20897512316047584
0.2041597306300983
0.20044300071877028
0.19449615685013608
0.19538577830698642
0.19812962920758884
0.18863680532602514
0.18034798587366566
0.1813598606542238
0.1821193048549469
0.18280737083753493
0.1772616586465877
0.16437182129732725
0.16569208027077925
0.1517491728942306
0.14625305171822836
0.14709147152095073
0.13852463379897492
0.13849420800414722
0.13484490869414925
0.14150324381381515
0.1390010118950538
0.14238049929124438
0.14242464857903686
0.1403336581135719
0.14023307416344236
0.13159758261100457
0.1299307962235535
0.12518633698067905
0.13006558445488367
0.13066746303756518
0.12889193276372
0.12236509591067495
0.12082201961960315
0.11600074787244034
0.1158636913128462
0.11696640919473271
0.11623082599906799
0.11415642995421928
0.11375085606330841
0.1058880342414781
0.10131271442484756
0.09689639949309907
0.09691741206573672
0.09568492021757896
0.1042176325193479
0.10952699485688207
0.10987719567507644
0.11803744531164133
0.12017767513533616
0.12064702501563823
0.12022734671799079
0.11884888472641388
0.11955443882312906
0.12473382504892945
0.12315323250993321
0.12131233283704324
0.12066644450558495
0.12408510572444703
0.12732420568193814
0.1267818869170747
0.1261259051358764
0.12346347806090191
0.12170240128198316
0.11984023459936076
0.12026982953478542
0.12196933757919494
0.1208630057037436
0.1125065086980675
0.10898897865843189
0.10595288450024558
0.11065729415186455
0.10943499952000046
0.10933023469480498
0.11099542078781309
0.11068814054136193
0.11203037235521807
0.10896442976004393
0.11068302198579283
0.11359738845944023
0.11276916061282634
0.1127492243347658
0.11766011004828268
0.11806721957218713
0.12091346562323994
0.12278390304604027
0.12367146684762076
0.1260539237573244
0.12960493811173537
0.1327555385920847
0.13336675861504413
0.1327354103214942
0.13259069797676046
0.12324162579625818
0.11751906815066608
0.118951934826815
0.11076901167913827
0.10866790596616728
0.10938210543890205
0.10922957130770002
0.11094020957346178
0.10921284810000524
0.10600753082138399
0.1055252376370004
0.11071506422599588
0.11230922121952318
0.11129408106637699
0.10765255034667258
0.10958488923066573
0.11231504955457522
0.11383171784495928
0.11316851828087171
0.12192512106321769
0.12168250709889517
0.12129498121395717
0.12232002080990127
0.1233190150003166
0.12803528703570008
0.12762841733563038
0.12645373451136982
0.12857385359649107
0.1300412100915924
0.1283640625174428
0.1271894917000142
0.13054607718335356
0.13799836548068603
0.1381620088090566
0.1343604251559608
0.13597725728692608
0.14302653566082518
0.1406377602654403
0.14984276131045862
0.14578657693636626
0.14557618995873567
0.14794240946007953
0.14783790917985717
0.14537417565959065
0.14320591689854484
0.14817947879140786
0.14872064665511428
0.15205296403919136
0.15404356849346154
0.15519368371044442
0.15070601200061945
0.14803333642821445
0.14758100159741577
0.1479870762077123
0.14803064585385883
0.14699543291355013
0.14555098596838714
0.1415624217770144
0.1415439043912077
0.1366130466128871
0.13479901512089715
0.13217504309844183
0.13085240732095296
0.13204742507757974
0.12896004221529453
0.12777757824849056
0.12813790946328388
0.11942972707969508
0.1202326839247837
0.1224278976763835
0.12418591046291595
0.12861658961197653
0.12647165956978848
0.12923683894028318
0.12306445057457462
0.12833361707500376
0.1278691228023813
0.13401524020757363
0.13683046947213132
0.13416888386989212
0.12625069625243687
0.12462665400731199
0.1219770628549887
0.12300112290810915
0.11594126048852377
0.11715077332885139
0.11796751588646803
0.1221539379015909
0.1200884289958053
0.11960902890622022
0.11794615322912942
0.11614534861366389
0.11621727715268486
0.1139370445550542
0.11803809167238498
0.11435394368716785
0.11301047181075759
0.1117118124985732
0.11287148144066668
0.11536882797876863
0.11864778920602352
0.11707197656487471
0.11735834198434868
0.11935882002751215
0.11859985824954776
0.11792967552594998
0.1184013569027028
0.11824062085039456
0.11814816705096592
0.11760818390380727
0.1231489995414801
0.12037745536143053
0.12368381543585323
0.12314538344277211
0.12541995135391548
0.13047497995577623
0.13079363282857118
0.13046839294249066
0.12870843132012297
0.12308306636930683
0.12290934398057761
0.12126798117766106
0.12601571806414327
0.11900997567807826
0.11674948851278089
0.11101568655567436
0.10849117584790181
0.10645114008582586
0.10535656653944836
0.1053063470073911
0.10575135545302378
0.10321005025592316
0.10287154983670205
0.0991802667237986
0.08929938319687532
0.08467536126719831
0.08470644093662083
0.08190108258049311
0.08121235150176835
0.08152728418722967
0.08368389956554141
0.08110072373280844
0.07632520827872089
0.07940329777557344
0.07998355315253121
0.07888049796704542
0.07803226893561437
0.07456246921108829
0.07122103312391352
0.07425586644691172
0.07251232241907586
0.0749480628608453
0.07488366975989431
0.07466427255391635
0.07768391316407376
0.0815392282656812
0.08313772426553696
0.08750695799277534
0.08436102530594586
0.08706505561443517
0.08621462557546085
0.08630011365389312
0.08782823892925769
0.08320755519217256
0.08293714528781562
0.08088153731059224
0.07999059044426228
0.07850420572434479
0.08151778682283334
0.08117084844122482
0.07830065464468405
0.077349042243462
0.0758171046207211
0.07556044072073463
0.07541261519800971
0.07488407608038757
0.07469579652685282
0.07439177973853951
0.0745716698532949
0.07429852326184669
0.07514210979562892
0.07505439030092097
0.074534831847456
0.07468912482518726
0.07949696607522043
0.08356694598201603
0.084545895093858
0.0848026539038879
0.08170696068375703
0.08044727170990837
0.08064307009243678
0.07729118706933032
0.07599640299189113
0.07652025004634988
0.07629753337425467
0.07859108633914073
0.08399159165204684
0.08353141600617335
0.08460239095596483
0.07990398401617176
0.08382009500055054
0.08726434339056445
0.085061221543603
0.0836965555430918
0.0815343228471042
0.07686332025661514
0.07706048714938062
0.08043621958024282
0.07975532706969606
0.0823202933081225
0.07954211162197126
0.0822100159757729
0.08908947424488523
0.10006010402313699
0.10902816411173484
0.11040292903892529
0.11388785577919941
0.11554884554625837
0.11529970950144676
0.11652874369310902
0.11744533539960618
0.12212517881020796
0.1223557823927028
0.12356030738832603
0.12369028663007858
0.12739168807157067
0.1307363431850805
0.13254749348130831
0.13171939460984608
0.1320070409144459
0.13470949541844837
0.13855768596683068
0.13352084512226958
0.13083222068052247
0.13298246269405684
0.13334495774701738
0.13610195370045042
0.13981412960903825
0.14186675296273846
0.14681507749455713
0.14788931537522504
0.14751979852315392
0.14846232212553193
0.15021181194841646
0.15002934609915938
0.14769263660411155
0.14744665543639676
0.15905548302746153
0.1554657511499993
0.15268548997951367
0.15371745757230446
0.15170601822672913
0.15175152148127338
0.15266561577525992
0.15025526094122907
0.1474117576196473
0.1464788580331284
0.14619384381344278
0.1452713742882513
0.14312773905436624
0.13547976081522753
0.13062446600795816
0.12156067392453296
0.1294734660893047
0.122402909975514
0.12535128359835743
0.12401833129450039
0.12220882352791683
0.12207310271908023
0.12813523652113995
0.12935922324234625
0.12830772957537354
0.12829983263613895
0.12568614497557565
0.12166124820838016
0.12179299794848779
0.12207362889938987
0.12732877083855457
0.12979496772654062
0.12989482866535104
0.13412156890513297
0.1367478668447182
0.13448299163313435
0.13647887163825598
0.13826199600683428
0.13820199700093017
0.1364508786098579
0.13175860185977564
0.13488790524143254
0.1365820045361585
0.13624741154532188
0.13356507362488593
0.1284008676946031
0.13258160193435456
0.1381978179879366
0.12911372239116994
0.13260850415959974
0.13225718461999356
0.13266901620730245
0.13357981284525847
0.13471581341142747
0.13537757027519162
0.13508781283672844
0.13105735583069875
0.12826981953750136
0.12792958446749006
0.13062685431783785
0.1305146819013556
0.13176424662029995
0.12535231974912284
0.12627342913220427
0.11983198007383504
0.11901208407310565
0.12127892918490334
0.12245440455759134
0.12383984369897195
0.12643525351525942
0.11625220646694567
0.11857774065574533
0.12276853584268127
0.12534383815497893
0.12623273527439047
0.12718930506283196
0.12597476969751617
0.12784786569821058
0.12475524617339184
0.12297592335916323
0.12304313058244831
0.11915157462959848
0.11489217196321157
0.11428708660962243
0.11161105811000833
0.10809347509049749
0.10441012527068096
0.10716453276716507
0.11037068502762552
0.10657270807276287
0.10499731785888065
0.10610700900507096
0.1090922325998943
0.11592172833346166
0.11793143546567313
0.11693452958443291
0.1165281558722373
0.11218441702935339
0.11661218397560345
0.11902891045638216
0.11948179066888447
0.11885721759479194
0.117222565557165
0.11846849795395024
0.11863257203147332
0.12754082170081532
0.12628126075278837
0.12461583627228541
0.1272460469604267
0.12572043710069555
0.12480416377741883
0.12699311572312855
0.12762702495115455
0.12811008153391298
0.12265724435284875
0.12228339485067329
0.12566028497924464
0.1268904175234136
0.12831162257802
0.12526458302929236
0.12105395477520631
0.12657733598449042
0.12583542655461574
0.1259373242691102
0.13134662077450127
0.13324478396405243
0.13087237473049068
0.1308136580077057
0.12771716573155847
0.1272700382454828
0.1297069796960129
0.13258969777584081
0.13516230677594818
0.1359424553384929
0.1383857488942775
0.13550061137387237
0.1370660920139888
0.13925100965283502
0.13924097945205546
0.14173576662436463
0.13825439296165573
0.1324382662496197
0.13032826823754648
0.12778014434052945
0.127240353910305
0.13056116559735612
0.13096568134111283
0.12654026429934187
0.1249185036873149
0.12490083141279872
0.13583951921572915
0.13649345952924338
0.1448380145413742
0.13678491715394228
0.1393544462201097
0.1437930871117443
0.14011673740190397
0.13958906192880524
0.14188676723004365
0.1402841473620383
0.1377144844305885
0.13852189217189995
0.14203646205376444
0.14348305401068087
0.13861421786212122
0.13371377352413885
0.13642407875031382
0.1365782828436433
0.13682288819711366
0.12999564879120903
0.1305814690126845
0.12997496667523026
0.12544248909427727
0.12199390443917023
0.12647604611955132
0.12401400596261236
0.12463133344539128
0.1249780729585838
0.12397410150451826
0.1274416315615191
0.12736188291564057
0.1279601433771166
0.12780521339736553
0.13120365262567804
0.12838333007208327
0.1308050419639847
0.13241252272256632
0.13223144069375933
0.13225746336864672
0.13090555976151083
0.12664729178402037
0.12408017245569387
0.12508810343455115
0.1253579063363259
0.12881933184202818
0.13125161232478214
0.13142320151717338
0.1323228036255216
0.12153386839790424
0.12035456625364895
0.11287337989757056
0.1116296850209983
0.10941672445820357
0.10761351384099282
0.10991490423737516
0.11280892461080914
0.11067677965457177
0.1091901672520292
0.1107746790705837
0.11336146277935161
0.11658103117894227
0.11428602284578933
0.11551303741774029
0.1283669411594421
0.12441517210745028
0.12338026957207553
0.1299458943071254
0.1300103742449922
0.13023929340186077
0.1412805017378279
0.1414219647659044
0.14350488489655058
0.13903002348645013
0.1406466621456413
0.14048241067012437
0.15105415511565187
0.1500800398133494
0.14360335451289097
0.14101097464045556
0.1381814114935395
0.13658251801273283
0.14123901926120966
0.14240334913830757
0.14224085680930765
0.14464665975252042
0.14527159601732992
0.14999937207208294
0.15306884612640012
0.15991759239362277
0.16553394078371175
0.16289609533814034
0.16025979803393717
0.1549034938548792
0.15205949782714404
0.15753185794634628
0.160046918854781
0.1611592990643412
0.16359308708518383
0.16417401341637344
0.16655921920733252
0.16675583168865685
0.1624986271073043
0.1620363050734312
0.1595468385016643
0.1617525093973772
0.16274862808161186
0.16038868678699184
0.1640808114354548
0.15643089878733316
0.15784185059882325
0.15789540068050537
0.1465518106843453
0.1472153413360087
0.15663263576747685
0.15327345734942768
0.15579844675635376
0.15847031426380823
0.1513491574702809
0.15069276172851823
0.15090682746548553
0.1582097354819725
0.15614220165955547
0.1547440917127685
0.14959316338353199
0.14991171525811542
0.1508592790007857
0.16013248757950468
0.16030159992656376
0.16036240416690847
0.15439070645512434
0.1516313635977042
0.14723888809094382
0.14330061451816534
0.1427372306760877
0.14668964641580842
0.14343456331243792
0.13648446523434024
0.1340725671335756
0.13795727896326584
0.14010723607181566
0.13937264549523323
0.1482228919520817
0.1422656030030564
0.14522359507012544
0.1452713341525733
0.14673454010497153
0.14588676194430913
0.14332147402851445
0.14786006255558704
0.14832172783085826
0.14926979924109648
0.1506952669927076
0.15209893400554073
0.15448354097388495
0.15497063949118575
0.14733285863071574
0.1457926292334756
0.15353195005424378
0.1558859775931121
0.1555193185756771
0.1632275829331372
0.15618678025825722
0.15664802183965906
0.16087756542969198
0.15641792099219487
0.15249004563751375
0.1542471997090385
0.1541698325695503
0.14784716689389396
0.14739407661940365
0.1498809595401374
0.14601608128728974
0.15091103760544425
0.15172041057381694
0.14329686233516817
0.14810331556854722
0.14763825500853386
0.14526597746544084
0.145319451465233
0.15116471261665146
0.15802424106210797
0.15477175163276755
0.14579044058357654
0.1469026573993172
0.14981372202189683
0.14636743183767573
0.1512797561165747
0.15037684659351538
0.14883420561730357
0.14033824744156484
0.13988156425417583
0.13368833557309856
0.13220983855813132
0.1304307486290386
0.13026701977101388
0.1315631122859021
0.12690533434523385
0.1263198094883438
0.12441634824965998
0.12260585990772221
0.12128832443414032
0.11771396955258008
0.11777428325970174
0.11931678393040956
0.12107645798134163
0.11356984942500316
0.11002337684070511
0.11043643048904352
0.10156088487408561
0.0992956031273859
0.09797794207113995
0.08986720519105605
0.0911327511571759
0.09149662734843257
0.09617409771983576
0.09631511885647155
0.09461270126047855
0.09675161639116807
0.09598382420870348
0.0941923603389644
0.08989610292188084
0.09146203423781167
0.09567542822549875
0.09346595107080345
0.09416979880534386
0.09863267082285194
0.09800551830718279
0.09404864456144618
0.09233100352474181
0.09196160329514791
0.09289034504775799
0.09240197608253164
0.09429405540512802
0.09837530773004448
0.09026308303597985
0.08809266444391263
0.08934406060909357
0.09278362332910178
0.09329240485044815
0.0931649418897344
0.09666753839255328
0.09769902928664355
0.09756402593489781
0.09820249229050686
0.09702741006772068
0.10028291394853511
0.10130337178813069
0.10062989390296305
0.10002546903648675
0.10125114959360736
0.10072047631918955
0.10225731207079432
0.10272034458209595
0.10184465014939519
0.10244859162624555
0.10228384821577341
0.10249015859625416
0.10738232213199589
0.10419658030840208
0.10519317884520335
0.10578209120023212
0.10914610233686028
0.10971951340238574
0.10822591525585913
0.11334466566691852
0.11203150975139008
0.11372410486446959
0.11507077573387497
0.11884534649894755
0.11954680219966834
0.11694965873287423
0.11538101633402341
0.11556516075838082
0.11315108788616464
0.11707799977912581
0.11566457286520104
0.11464612076872183
0.11483300291044407
0.11499368965720096
0.11722665348880179
0.11443599183930879
0.11075338923353904
0.11400451717074452
0.11598024411227907
0.11377773004458584
0.11230492833341044
0.1121032201960106
0.1135938857904708
0.11571203032895605
0.11428960564463703
0.11452439156123241
0.1127159788818806
0.11454932040647593
0.11122700279563114
0.11001403761165557
0.11093328612868232
0.11023823343933799
0.10982231382111429
0.11271450229524778
0.10871445808267415
0.10908459406268804
0.12110637782322946
0.12201576914053312
0.12705361050394734
0.13029967995350175
0.12612655892866506
0.12739359372087625
0.12708211847796652
0.12508422006782013
0.12122428512403471
0.1157631884841588
0.11818385530112589
0.1137059745805547
0.11465094021069654
0.11137796253779625
0.11040842949836405
0.10746368444873979
0.10364688471523635
0.10191824599557393
0.10159686043762434
0.10043444205377305
0.09860313683711121
0.09435145531024917
0.09426675107744474
0.09044515430446266
0.09468971737389396
0.09341307322505532
0.09222492070356623
0.09090016082196857
0.09014804923224513
0.08599487608428776
0.08685585617051235
0.08910183248940227
0.09123595843733527
0.09168440580805393
0.08947613533775482
0.08431831301553361
0.08275336290459896
0.08204223873027237
0.08283980605438451
0.08974410128192288
0.09146810197692674
0.0931385572446311
0.10202875123757194
0.10607748005694541
0.10576468370367224
0.10348758346233683
0.10408457304931142
0.10200957791899161
0.08915754497549655
0.08752900950598393
0.0823682997181532
0.08298213596357948
0.08312281554258512
0.08231767780009275
0.08225624589746741
0.08432837832961874
0.09125348731551007
0.09048780862933285
0.08745154313385756
0.08711737682951205
0.08803905107840847
0.08903316001422772
0.09048210386738977
0.08828451066370496
0.08928023911947158
0.089621924574922
0.08870404954556699
0.08919523904029238
0.08896427664715963
0.08914325227778257
0.08971239200163084
0.09283881622832542
0.08817770604757928
0.09332098138764532
0.09172267982315692
0.09151180033505048
0.09397373547987903
0.09622374182737696
0.09562824819648823
0.09343143338767813
0.08956244346024377
0.09898099943454804
0.10502130401106052
0.10693229960497591
0.10812394259437297
0.10896653027766136
0.1088629649386691
0.1001567817474023
0.09876801905850081
0.09716934319496151
0.08788626042827243
0.08405690991738474
0.08614206627464566
0.08844910827973833
0.0877731932939364
0.0906967628715361
0.09333363185518857
0.09396958506070517
0.09356381165606491
0.09007571043489969
0.09000565799241413
0.09024016211709361
0.08929111860792227
0.08773902769282615
0.08118079890810663
0.07955040751353862
0.08303079846104462
0.08425165807992706
0.08290651537740128
0.08361219824621648
0.0844283619135754
0.09627304877406635
0.09501553023121118
0.09571300777434615
0.09715052264096197
0.09923011958174842
0.09918378566046837
0.09918104460158599
0.09793063703243199
0.09531235392270943
0.11645326486330425
0.1121094476442695
0.11326561192301222
0.11451183158702966
0.11228095304637185
0.11285165137819549
0.1132886572460014
0.11539233581065773
0.11820170245087686
0.10869227523158448
0.10240491868762898
0.10124410285476054
0.09931593208365282
0.10243786715766913
0.1079756306354104
0.10873842334475971
0.10955965632047528
0.10950822389695304
0.10924309028185925
0.10920831927054507
0.1083273858076158
0.10594209329594861
0.10756463327595595
0.10723407931537889
0.10946251930728912
0.10875679780956082
0.11197958678477234
0.11410451777902676
0.11342850373666175
0.11451866568397046
0.11498349312219547
0.11752292838798299
0.11791733910777823
0.11869911620248692
0.117476389850438
0.11797657226726843
0.11864844000127368
0.12275171286358033
0.12031861790913351
0.10916203267916323
0.10917624421183975
0.11311469964784765
0.11434576103507121
0.11711649707043503
0.11954876987116486
0.12517089894411879
0.1259048234433063
0.12794402745135877
0.10940901162116867
0.10911070560313664
0.10960723675872137
0.1088661628256734
0.112268833212211
0.11060000956345324
0.10881388936561302
0.10742931464954199
0.10368350285481522
0.10461213570269595
0.1068949495360902
0.10900846091760698
0.1099529861293494
0.10631256375611864
0.10008007111671842
0.09926432078857751
0.09859457732762171
0.09841286684294874
0.09949322002709164
0.10143503023231322
0.09990037689594439
0.10015385979537296
0.09891374410429994
0.09570563498559709
0.09269267799664892
0.0935643660671016
0.08972036545811986
0.08687351864317784
0.09243047302181497
0.09273466367595486
0.09635503592889956
0.09857864052432926
0.09779166869714924
0.10069177268113555
0.09825677339615098
0.09634661837458913
0.09498017216576131
0.08922237384902097
0.09155870478188784
0.09111030355961837
0.09169327122266852
0.0857614142854408
0.08414348992242959
0.0792628181717193
0.07702925860365663
0.07137320521577308
0.07079288947443306
0.06763275257957303
0.06510171084312384
0.07089608149048558
0.07191245715731477
0.07095713507070739
0.07062186108136898
0.07271497299184075
0.08289753996659008
0.0829602635556697
0.0831285200882317
0.08265246019122711
0.08204281641051865
0.08053899158677413
0.07958359584597478
0.08203966211654351
0.08412418786161265
0.08478207624705625
0.08798739048551218
0.08895510179546312
0.0878883092408475
0.08558215699978279
0.08629739019033177
0.08696631422679764
0.08646898520483763
0.08737475312493981
0.08524549945298515
0.08507484348659637
0.0865621509754031
0.08676866783809538
0.08158774850414338
0.07955459561811072
0.07632354279106364
0.07111024924308278
0.07340961809861377
0.06949765780399002
0.06894169968265569
0.06902843388213183
0.07148660810356222
0.07717092305718098
0.07800527222036906
0.07851004489050223
0.07822134374408225
0.07857879076792552
0.08101656929190827
0.08158104304663338
0.08155585305623937
0.08289194993661543
0.08872968197027185
0.08858263769240339
0.09233695460321152
0.08710555261645421
0.08532932700598572
0.08747108568792929
0.08527095528185032
0.08173624787352522
0.07423673819100511
0.0731684652663831
0.07566615371718434
0.07441895514957518
0.07701648737337205
0.07651465338450268
0.07796705662975222
0.0756356773022214
0.07397842984010465
0.07411144272302561
0.07064682446167668
0.07272638383510399
0.07398648652246766
0.07307784918288228
0.07397117410252245
0.07262357323855166
0.0739246568524539
0.07300207882972244
0.07332469992429612
0.07323800071115484
0.07170986327481899
0.07243447927732712
0.07243400837607965
0.07331996008010618
0.07446069642170927
0.07513814919898344
0.07378848967087846
0.07376175061862293
0.07386232286901076
0.07392306766637244
0.07133751677277568
0.06918880872700194
0.06573262903929017
0.06591864893680179
0.0660136421566499
0.0665698111857694
0.06336267907893715
0.06251630619997185
0.06266462115918736
0.060973015957497295
0.055634229723130146
0.055437080021624036
0.052409375585789425
0.051454883310946525
0.051527900092296054
0.05138946389004483
0.05185236215705369
0.051859914739625916
0.04827080828276784
0.051443497982754986
0.04952880361419939
0.04989229953147517
0.04566325811685954
0.04602189110864303
0.04471191967621587
0.04455758781798432
0.051577111823671244
0.053125825464362564
0.054584442431506515
0.05418165648227369
0.055024289689673135
0.05792989062960185
0.05609898103771196
0.05635726065140109
0.05822072174578067
0.060142675397417154
0.06060140057923961
0.06006965234247296
0.060157739795299675
0.06332942060851306
0.06310007923176757
0.06244518305225224
0.061249188701712996
0.06180751781603147
0.06078072676486482
0.06193302675190124
0.07081419026589393
0.07409508154486817
0.07445865554015278
0.07444421202775332
0.07889795407821094
0.0821255928824615
0.08308318055458977
0.08317700633562637
0.08612822644044327
0.08603106566728184
0.08584317281785965
0.08670876723579025
0.08687306190891014
0.09024170635216631
0.09206687639005684
0.09184910914814969
0.09972517670467562
0.10237837389049803
0.10260979052575366
0.10280956972004322
0.10284639872630441
0.100075482734576
0.10085644318217142
0.10318146006472752
0.10377032585650751
0.10205569664699139
0.10556525603253415
0.10540049759671621
0.0983732032379887
0.09891608907260245
0.09933854939759507
0.09659438232830826
0.09685039647382226
0.09378474305377667
0.09425966038125026
0.09389725126062214
0.09382939061806193
0.09242063264152663
0.09208206257827783
0.09225055977137249
0.09425348503060871
0.0899897353152055
0.09139263686436909
0.09217176537801054
0.09737244246362248
0.09725735876787157
0.09844838224446507
0.1049327411662229
0.09903349632893964
0.09610672454225606
0.09923368437991709
0.09797376938871098
0.09387328004554402
0.09049994907814424
0.0895081685725413
0.08833971813385721
0.08515172643261514
0.0853185057428183
0.08729827585840566
0.08847018875409307
0.08829791537886761
0.08536945100632971
0.08287857928883059
0.08313586325846058
0.07499066172803198
0.07061826087269892
0.06910155040150429
0.07874709151594624
0.0850214223041904
0.08482788311526125
0.08473807609844945
0.08415693108485768
0.08747158149512518
0.08792219466396532
0.08616914624360443
0.08622893991864061
0.08667481644088411
0.08406795216904067
0.08270227322320028
0.08283485653205541
0.08020911688187388
0.08056135547796962
0.08216618121483237
0.08370529433002612
0.08062954568796285
0.08440020646997941
0.0843478354472787
0.08464983069543532
0.08751841195759369
0.09146914381425438
0.09151492139618055
0.09257554304695366
0.08761121257082576
0.08746117172055341
0.08619666027632988
0.08231127826104642
0.0800860978067058
0.08185677970731879
0.07831711475753579
0.07588524423139283
0.0754893116470809
0.07520141946747107
0.07477322338038091
0.07717414393711124
0.08781046456084074
0.09041258927511199
0.09026673115604304
0.08968561643714257
0.08933734124553035
0.08888012902602373
0.08838717161596854
0.08810028907544017
0.08750874994612591
0.0880326167752048
0.08837482147783411
0.07932149210421434
0.07295192526172402
0.07274071928179626
0.07296445559300639
0.07942334302852318
0.07676399929006165
0.07648545576898179
0.07491271980387738
0.0751441024666257
0.07449337272945224
0.07438308601535919
0.07405665171735504
0.07497016451506815
0.07630733318257801
0.07639460533519665
0.07840850795450265
0.07675179172403308
0.07740175852043042
0.07575491845555032
0.07697687707035271
0.07759388920881403
0.07616451669753352
0.07228845604351343
0.0742839639821173
0.07262511358587125
0.07228494055533968
0.07065140780657352
0.07040750864524647
0.06693974269047469
0.0663422573020409
0.06449867167553636
0.06819536426169523
0.06960528075542438
0.07067836356498695
0.07193114511600195
0.07204920730147348
0.0709216893463817
0.06213132629438772
0.06079146625875337
0.06057076816374354
0.06084498851111986
0.06226164083593653
0.06343854217895713
0.06369580901681841
0.06347479451800928
0.06536801984008035
0.07116744569582771
0.07249277890092266
0.07262085139147625
0.0726466752245651
0.07431457344656515
0.07508185200645896
0.06747003494094599
0.06707003556859245
0.071336406588123
0.07266555902940365
0.07243623184257715
0.074540435920948
0.07467811226482146
0.07523999527602068
0.07409983976715155
0.072760837404075
0.07563409211247017
0.07145693456700271
0.07209623117870288
0.07226303333904693
0.07004074776292248
0.06910687502985126
0.07179578233967074
0.0694084979787909
0.07064006338653879
0.06774864279773518
0.06767607719223036
0.06765246012922306
0.07461190934364667
0.07458539028897415
0.07440308336754087
0.07416261917949464
0.07621568876871705
0.0721133012083701
0.07081526724644219
0.07019831443406309
0.06865752949430504
0.07054785931591802
0.06944151942881527
0.06811627025302583
0.06669140130037718
0.06542201186987402
0.06400066101182528
0.06362657235547202
0.0656772220389467
0.06892226193849299
0.06979181223787125
0.068223029069397
0.0630927369084219
0.061902555039364655
0.0639210371010709
0.06536571338248409
0.06416056754753495
0.06370786506593912
0.06283446620421224
0.062030895625015604
0.05854309857082851
0.05709302978926944
0.05725939296475845
0.056553814612132915
0.05660192338479996
0.056506610251960125
0.056657580247107986
0.057113611191441364
0.05352215054166775
0.05406226729284064
0.053682204741638796
0.053292042021791226
0.054808864053190236
0.05616867970945167
0.05358208994714969
0.052542808664856756
0.05205806211996777
0.05339879587368624
0.05452860539771698
0.05397607480084832
0.04732653538554437
0.05054506865375202
0.05098483276686495
0.05109125430846526
0.050685185350041136
0.05096961148293489
0.052405338746239837
0.052173968565611496
0.052470533676671094
0.051161507266767124
0.051594151653268555
0.05157043923453208
0.05154558385894653
0.05211063487953559
0.053344503337251714
0.05180585107674684
0.04897153404559602
0.04691128593274063
0.046366914583311734
0.045918457697449566
0.046012554231480644
0.046114464517401414
0.043516544757191855
0.042827222005634456
0.0425118512742001
0.040735089925365224
0.04081262222689489
0.04067872469634858
0.041747220399513986
0.042482100457079876
0.04556806132291383
0.0440312748471522
0.04398540682190979
0.044382896681367114
0.04523220714291586
0.04638648247787846
0.04649836983419003
0.048435225938829596
0.048869699898669745
0.04884352988348872
0.0484640392184701
0.046536429606525126
0.048417282731910316
0.0485037849170824
0.04812012219237884
0.04690510873864034
0.04967952571080433
0.05191125362737876
0.05206685226128078
0.04984278973979322
0.04995713043131167
0.05020924793601811
0.04931728411293504
0.05292266587590797
0.05259115446295148
0.05465647702766916
0.05417278175853535
0.05341872118581772
0.05285615389727938
0.052863161743275176
0.05366392948544899
0.052766310438280895
0.051602910883202326
0.05268438675384604
0.05250815512696471
0.05164317378407396
0.051485424188656564
0.05138490798424655
0.050008950838574845
0.04984042856472473
0.050260479835200655
0.05340006704568399
0.054668605026038986
0.054675886562235286
0.054755179203763944
0.05613115331128001
0.055406202027049635
0.054379979861548855
0.05446847152954998
0.054925936960524946
0.05605873132071278
0.05794688557920611
0.057099377132052376
0.05557486815241477
0.05572695998194729
0.05343399264069193
0.05295221412635769
0.052975489075349186
0.05178518397741692
0.054211369930585174
0.05100284089035403
0.05382421454523479
0.05337994459617043
0.054087169129807884
0.05136628791490411
0.05059874690825691
0.050076009026330665
0.050309459910542365
0.050664080018618864
0.05018604171927924
0.04917992663258159
0.05341542337570531
0.05744878962908889
0.055520154345931966
0.05996489505686702
0.06832203797764538
0.06971482179728188
0.06998996984942764
0.0704992065537808
0.07077645317560814
0.07304532973949351
0.0765301422332989
0.07632463861111545
0.07879279714338526
0.08209207804702567
0.08305899364808465
0.08480964366363891
0.08524309859484556
0.08790490401932415
0.08419549370514041
0.08730711347304783
0.08739466075431346
0.08787148289309908
0.0890105717858788
0.0896401152297069
0.09080592855712898
0.08737050249320782
0.09032834404738703
0.08961190584552305
0.08693608896820038
0.0867094373863926
0.08683952411848421
0.08680454854610624
0.09137480845352026
0.09131464939795125
0.09129908876388494
0.09348672114143992
0.09174744144345907
0.09195737342271741
0.0903876505198812
0.09043213189525817
0.08880594617944883
0.08796990857682026
0.08924333847144385
0.09203834619289171
0.09083586181698595
0.09362817568149791
0.09508018516779691
0.09485404123344669
0.08691903086788288
0.08194960607107583
0.08346854426500692
0.07978323207484836
0.0715233217679513
0.0699181577902977
0.06920071838769844
0.06879430583362496
0.06950655396468584
0.0680686663530253
0.06379082973679336
0.06481814482517624
0.06285529843335265
0.059641327171721305
0.05866284442252243
0.056603039127746335
0.055661735399403674
0.054655000740065705
0.05569951939452349
0.05160270734411591
0.05276784491662723
0.05464662072160736
0.05412003120989859
0.05287717309692547
0.051994602398886196
0.052063127900000984
0.04969805955932043
0.05018070339046848
0.0518131358748662
0.051756672568318195
0.052228070155465205
0.05335767222138091
0.04882244642435105
0.04894604546584764
0.04872192509233527
0.04742810881559379
0.04731936393924265
0.04782126075320133
0.04704321118258487
0.048177974981400105
0.05070039438837034
0.05003581790228246
0.04835325267314109
0.04734993265918639
0.04854619638257296
0.04543011221449955
0.04387153023263629
0.04395492333103981
0.04449099317985613
0.04425434502036407
0.04268621608633727
0.04193497924345457
0.04183833528308648
0.04227560952176782
0.04322370313987988
0.0451405116571641
0.04500559884845299
0.04471625437808391
0.045476648005288965
0.044863435446648926
0.04426535461058895
0.0464720846484268
0.048087522724711236
0.04883530133841483
0.0496818106443101
0.04729985105874462
0.048213304147403324
0.04823481624977788
0.048149165909772695
0.0459752372405981
0.0441921697497693
0.043517445359921296
0.0447033304641683
0.04528387789737085
0.044257854779760554
0.044429878518505744
0.04246146581483499
0.04320624875538695
0.0432783343639102
0.042017834288423844
0.04202480355610694
0.04275911930712286
0.04510755046111903
0.04596161868267529
0.04643069579703681
0.04601989913364111
0.04622985325018756
0.045186524152299345
0.0443592792557955
0.044621431700600345
0.04415585010834492
0.042466969318850877
0.04254098403685871
0.042690098900638074
0.042688329776697426
0.042620534711868774
0.04182124665339674
0.04249592477287173
0.042891945545292555
0.044193282259764655
0.04612244579189274
0.048116835926905493
0.04779279078735074
0.045418454843742566
0.04636269793411054
0.045433992494662866
0.04472000904016185
0.04475939696808703
0.045112379431928896
0.042824425395123634
0.04275970010817482
0.042080285416426576
0.04179092587522105
0.042411776576189136
0.04153684873717442
0.04259639711308175
0.04176586597758408
0.04155181708216651
0.041528459769351836
0.04201335680755944
0.04159944061998019
0.041071737764430204
0.04169892484216156
0.04121865285046251
0.04182256866221432
0.0422430035041961
0.04317969303029683
0.045199711686201155
0.04554482132276091
0.0466481680883229
0.045149858492322226
0.04411539117466526
0.04303369333040582
0.04280002580077516
0.04166016512617996
0.042523957721363075
0.040773703582754596
0.040832017942305586
0.04043686235958997
0.04028763832844462
0.039270851973517616
0.04094712733476805
0.042794812687848814
0.043047957809655424
0.04445849071124216
0.04551196749690175
0.0467157829197575
0.04545116927276771
0.046029707590973835
0.047227230998045676
0.04670231559514695
0.04653071342849005
0.04480914946822503
0.04520790353716917
0.045242365721685385
0.045644315393018296
0.045565927062313306
0.04561717488205921
0.04438410254834998
0.04563840232127211
0.045503161454503116
0.045768577124510844
0.04889484837572775
0.04816998542548343
0.04977312329033217
0.050633523193537915
0.051702868472170455
0.05172967974302365
0.05165307898733168
0.051790255360432434
0.05120643859786166
0.0504004989360504
0.050354166905309715
0.05074196385218253
0.04985612755354113
0.04944646872634614
0.05226318504945062
0.05528240480707176
0.060844346342849104
0.061645507774956226
0.06207052401859253
0.06658040088719758
0.06692380690296994
0.06909424943125342
0.07095634966485577
0.07054677145214754
0.07101876603106157
0.07258284477294712
0.0735008981199459
0.07105265142646178
0.07013994038970064
0.07078289633691331
0.07169436626457196
0.06974915371525653
0.06873931216535697
0.06886352759516207
0.06639528378603678
0.06298600465035438
0.06520321998385341
0.06672941490483539
0.06672952602932661
0.06754466241453462
0.06740312574798467
0.06803584138526547
0.0673196718119609
0.06703565521702244
0.06986755368734442
0.07490326787016258
0.07783521410263053
0.07920028667269984
0.0765004456541185
0.07840097855567334
0.07718351983880505
0.080012812990813
0.08087745289464507
0.08082410483313196
0.08154589317782114
0.08457510728506305
0.08444948593053604
0.08537627109026029
0.08600291180539603
0.09011893643187834
0.09085801394018082
0.0948964862120628
0.09291286985000206
0.08971172060382032
0.08612093511626874
0.08746311785369328
0.0877309811185254
0.0832360507832906
0.08481135005786888
0.0850785770731015
0.08401468594484518
0.08830167464856892
0.09092769673711236
0.0904693297158482
0.08976015572343882
0.09739794918510235
0.1007130328057738
0.1020693181678327
0.1005441657729033
0.10318779050131599
0.10230284653862777
0.1076092317466834
0.10935966214981378
0.11109658815587627
0.11149939771922651
0.11031589434490384
0.11177340063754793
0.11178180120999964
0.11310518141985508
0.11416921100507825
0.11419946128318094
0.11559550245002932
0.11403711031403974
0.11088340738073806
0.10748167865917523
0.10548472639596355
0.10812962506774419
0.10608706077645826
0.1071653775035089
0.10585675288471363
0.10446693492103186
0.10417163325819613
0.1037752037039656
0.10091509046233625
0.10164316754883725
0.10152747141579467
0.10133182691917757
0.09692160189014971
0.09831429311280203
0.09590197012199475
0.0968204835650237
0.09888056155090413
0.09633306463545739
0.09624538550073862
0.10027617973544999
0.10068579329240805
0.10175231399675061
0.098317162977634
0.09973134404468977
0.09643181863269246
0.0942824287589177
0.09425530224986593
0.09445229609992738
0.08843679922168413
0.08894349043256987
0.08752406903515669
0.08997510978850355
0.08748925974871813
0.08748346793424883
0.08216542525527512
0.0806712882426328
0.07902038464480125
0.07627102757838099
0.08057364800228872
0.0805529093114861
0.08079524174647247
0.08651295799885772
0.08670281057645039
0.09083899551623359
0.09030024311017393
0.09067757632554128
0.08912640272792301
0.09120959660799716
0.09201236023675946
0.09092135296248309
0.09013916406454907
0.08965732830610389
0.08750702598800264
0.09091401158033106
0.0917892826423312
0.09285984177723738
0.09257258302420586
0.09429427381870552
0.09586531043921209
0.09522943919708482
0.09793701701763281
0.09672201161150618
0.09605224764270708
0.09511917224420519
0.09174598756903203
0.09218017148236544
0.09355256493171786
0.08877895435565748
0.08987780640037492
0.08842022297306674
0.08835353188035032
0.08654043653883059
0.08808715125408638
0.0874748186005539
0.09092662439899273
0.09119298796218889
0.09392521413251809
0.09090343168172192
0.09046399712687751
0.08775854625657863
0.08754832350319601
0.08776214830277339
0.08897562240995095
0.09163924362250608
0.09159756295643029
0.09322684897131013
0.0924176658977343
0.09452146835593063
0.09327738219268335
0.08626456567169839
0.08458712292857855
0.08099774335380691
0.08013401123348383
0.07930769261628215
0.07903009934958684
0.07941533337199906
0.08130388799124393
0.07868904825876342
0.08024307294216695
0.07958532596825042
0.07929297355807524
0.07640869381376993
0.07606081072600564
0.07461051459973655
0.07568393809675021
0.07857219936293629
0.07640039587329583
0.0773143218327968
0.07587849664474157
0.07451098280935776
0.07291539428568615
0.07175911842551924
0.07272316911010121
0.07214022522165248
0.07134444930470023
0.0717665163872818
0.07084599421025159
0.06929769404807082
0.06960585238004022
0.06969728441534755
0.06746348401621272
0.06713345736651931
0.0629167281922347
0.0620736530382562
0.060653538370871694
0.05902636965074651
0.05861743875355768
0.05989778066459811
0.059892729413496916
0.06045225564628933
0.06263281565214458
0.06305812615496999
0.06459294963245045
0.06307219152722353
0.061676742037794496
0.059975716960571086
0.05970130914323918
0.059504273698510655
0.06149618303064037
0.06176128298212174
0.06300934429116893
0.06415757136222258
0.06568189553661667
0.06456803154924616
0.07183872890487232
0.07180502503279673
0.07040195178990805
0.07052906157551188
0.07069765272349403
0.07044059659081761
0.07532126094746637
0.07699610178681397
0.07604962762099794
0.07404908688571606
0.07622011767938601
0.07694592873725566
0.07448601403715542
0.07978733664999796
0.07955800915784145
0.07949605039388417
0.07834437333085657
0.07983893745747078
0.07971314025777283
0.08560102278889033
0.08725309705431027
0.08953214864628393
0.08931218260857553
0.08874566208086714
0.08920743187738407
0.08961564955807934
0.09062586041766797
0.10088048509963128
0.09928620914240906
0.10033359148564434
0.10092077315897989
0.10063443750309492
0.10230749655954624
0.10587783068511726
0.10536580783698019
0.1043936845169539
0.10536382208676909
0.10629072068255112
0.10359506208886186
0.10199536575020672
0.10347622552746162
0.10393867433886443
0.10373928857703564
0.10329281052438617
0.10219016708867755
0.10251611356343265
0.10205898048788019
0.10190694376318264
0.09199938127697804
0.09436667985972147
0.09657570672905692
0.09706823134782955
0.09802981485232758
0.0974112609294585
0.09352836884816897
0.09150617439479136
0.09186638293095872
0.08949171730667292
0.0902527471855738
0.08815000158118025
0.08870814361254638
0.08505588688176706
0.08494519408914598
0.08574207842829014
0.08653268668476523
0.08822921512489236
0.08592076704960455
0.08291448862665839
0.0824086284135271
0.08161723325201958
0.08267692201891577
0.08378508511996419
0.08468619147356467
0.0875644482741627
0.08687572587968724
0.07699928628994
0.07578812818545026
0.07491988467795624
0.07548099531052378
0.07395260772099922
0.0725753349440827
0.06977964481716768
0.06932965185531052
0.06713296675373161
0.06509204520437213
0.06445511007646851
0.06503700976415484
0.06733441305185411
0.06718706154051549
0.06790016700247455
0.06633398643897966
0.06687899789569653
0.0711985474704775
0.07242690671382625
0.070461493079593
0.06925200616638572
0.07200088569426932
0.06914749060749258
0.06919931853436849
0.06783029413534923
0.06971304495070761
0.06951484609206247
0.06931116847506791
0.0711410915226548
0.07440876064421875
0.07703156018679556
0.0755138089967131
0.07615081719721582
0.0758629933983782
0.07721749372282702
0.07651004708508764
0.07663991287655225
0.07690637244917647
0.0762804640942369
0.075123793825601
0.07217564817857014
0.0713075306678677
0.07147358344352688
0.074278133339284
0.0736845563307496
0.07218944002953215
0.07049204236713481
0.07074319325440286
0.07329900685380718
0.07386378756971944
0.07530603783335703
0.07571816115333348
0.07647060729234116
0.08041340196858969
0.07887570506207438
0.0778184899237653
0.07818520802056513
0.07855173600788827
0.07899374521830771
0.07892466419673709
0.07679955546970092
0.07575948164311808
0.07467484276573409
0.07349636849787014
0.0734152739343032
0.07302892974089277
0.06920442057347782
0.06950244435428227
0.07195809697788554
0.06915504172743746
0.07043857386748331
0.07412233311702823
0.07741286610689409
0.08083214546300763
0.0814576779674748
0.08275991719507628
0.08088591614195778
0.07740896580437884
0.07536560385771318
0.07841324478936239
0.0787225768747142
0.07989862099339143
0.07953718751581035
0.08065666237244495
0.08357697585583636
0.08285664675082713
0.08085368594258453
0.08298539434334819
0.08453467415039717
0.08750868304764563
0.08673085840430546
0.08280266050430955
0.08307630287236918
0.08316998398612613
0.08236319862538499
0.0823534471754716
0.08091718678433939
0.0817836825602397
0.08081656812543726
0.07956622702198823
0.0794501578314405
0.07933111792908963
0.07996048835116897
0.07887810133559692
0.07984942793541643
0.07906986255118205
0.07992918203337886
0.07937501504089561
0.07880163593225416
0.0810510867881258
0.08266205454319107
0.08404673254438116
0.08375454623253879
0.08134942198358257
0.08216188585046418
0.08312499386807674
0.08947643046866706
0.0918252128944329
0.09084748152748796
0.0881931678700742
0.08581353494252908
0.07926653367729128
0.0827101410366236
0.07987991656203634
0.08081054589479762
0.0806748641435686
0.07916391979570446
0.0744880203498714
0.07414863976544843
0.0748195546384938
0.07335428302098403
0.07289476842106137
0.07060159512241856
0.07140707839394504
0.07121315777206007
0.06943689328033092
0.0683209049480484
0.06525882129896328
0.06526458018547744
0.06738713521447917
0.06806807713342851
0.06825322428180251
0.0677127234757384
0.06776913713244458
0.068140981085813
0.07183986167185334
0.07659187878865806
0.07897277723878421
0.08132774536944785
0.07803607625581592
0.0776016728419713
0.07769051486186557
0.07642659344127296
0.0761176634647094
0.07574970195019064
0.07898561358673177
0.07939611857027958
0.07760114782302971
0.07942834204242102
0.07890495058252214
0.07845269158143876
0.07697307964952856
0.07694474204841686
0.07585323338098182
0.06744144086925867
0.0662849262620106
0.0666507458511605
0.06400159493792647
0.06625987040901066
0.06735356440729647
0.06481256975424682
0.06538414609500544
0.06705928126702711
0.0675893625434218
0.06955445807127904
0.07061264529728181
0.0701986204491639
0.07393625670292729
0.07310137664676646
0.07252276664480885
0.07641113179427618
0.07603931922291363
0.07560337352207495
0.07598191851150393
0.0755974265241414
0.07743585983944194
0.08032470551091457
0.07949945181482397
0.07890965122129737
0.07928992716628593
0.07911231582337941
0.0787657279491394
0.08080426930963917
0.07550268298127756
0.07159902246773468
0.06891137773590254
0.06713456096042854
0.06639696244169213
0.06644165059953021
0.06644627623007891
0.07163598864770747
0.07265085057519403
0.07162619035787322
0.07433396053014683
0.07550040140884888
0.07485821000465526
0.07418397776043915
0.07371675645945525
0.07560258110631522
0.07689313441918377
0.07701391889791398
0.08102353892786061
0.08047286407284485
0.07917303795397378
0.08005932321625976
0.07954717399705429
0.07877081830009357
0.08312734420391539
0.08570294204139223
0.08546980817967331
0.08282435446360523
0.08277151532687924
0.08337537385775758
0.08274022024161364
0.08562928936339055
0.08071040964162228
0.08013662776249829
0.08073929497939493
0.07562485883719856
0.07431682366079172
0.07624856651060886
0.07670619326311824
0.07825593796238457
0.07578093272989614
0.07277239834783356
0.07149372458738636
0.07135009704626948
0.07096977792554227
0.07135234857640076
0.07213057968217475
0.06819668941449374
0.06832627449817878
0.06706257225035556
0.06879237949435647
0.06872506812411781
0.06880667260814471
0.06880813772760615
0.06855683838532413
0.06430484524853396
0.06621985630578663
0.06587618233705352
0.0600356228833267
0.058608325868305416
0.059850641917673614
0.05799190072197532
0.05897951331874713
0.05797320477106136
0.056603133574663046
0.056470460113628766
0.053473343909389646
0.05440947135862941
0.05460200448550371
0.05288609605364856
0.0535014093041701
0.051171735227064676
0.04805982837634578
0.04527741483083675
0.04513100139485813
0.046207570107036806
0.045969716284493756
0.04339337248075555
0.04529151361584428
0.045194378693719596
0.04879771471003257
0.050051205626258734
0.05194075911842081
0.05153487057309431
0.052029770972497585
0.05068744506451208
0.04976035728540326
0.050758776572146246
0.05107900609987037
0.05268531304246259
0.05317607361576101
0.05624282325395
0.05650019601237339
0.059324713828174946
0.05855545102370751
0.05864853710456553
0.06353327369510732
0.06474427219710409
0.06680595476634558
0.06612482898781714
0.0660522217336925
0.06651042146017498
0.06641373801511094
0.06569126694970007
0.06380917747297618
0.06508611197249925
0.06840756369909821
0.06827357135150185
0.06732899383333506
0.06776310373044699
0.06719974097236707
0.06814216938542426
0.0682657608829957
0.06744660355141831
0.06580389683776906
0.06583049324734185
0.06590087925359198
0.06608923476149542
0.06590470364927788
0.0667002790594006
0.0643517459688211
0.06359816732117098
0.06358596113117035
0.06296008499531629
0.06363569150853852
0.0644768325338856
0.06452728579385174
0.06428264309502973
0.05943840042050668
0.058398649550165965
0.056930729069555236
0.057021975367709254
0.057649618382666155
0.058198431272032
0.05853903502732801
0.055674733252248615
0.05568619145854475
0.054316960823992455
0.05383945446267791
0.049972742777424466
0.049391529462043594
0.04591237697911917
0.04563124262755097
0.04664479512245506
0.04178107566768637
0.042123122838776395
0.03960654986984708
0.039527381803325
0.03979636762377579
0.03968571213150849
0.040086865517425685
0.03963628737598123
0.03925927964393745
0.045031522253092
0.043129021175827946
0.047397855561761175
0.049289485525562345
0.04843500799319737
0.04784423762503091
0.04655648132148086
0.04753049443319677
0.050136128902054156
0.052377089255244924
0.051580306081657534
0.052085465316571045
0.05386701750314651
0.0534692043873598
0.05275655900611937
0.05299248724691996
0.052383566003231
0.053789729794081885
0.053975187192668306
0.05393546676759627
0.05410105859939448
0.052024199813785005
0.0493575969213458
0.05261382151610564
0.05482046209543839
0.05452598799132002
0.055104628517155356
0.05407386091202821
0.052945223077986235
0.05381556117233433
0.058641530068516586
0.06103529652415656
0.06020678692221557
0.06039943589880801
0.060725624014163065
0.06089510975197263
0.06157052910865032
0.06207501630138961
0.06124963693518825
0.061982284933165245
0.06070140856790188
0.06041776826609901
0.062263956219286536
0.063189911566186
0.06261628884687354
0.06321687677115219
0.06711626629657147
0.06710355789145543
0.06034661564482826
0.05918775786667909
0.05543748463852582
0.05493012584276342
0.05736797048213405
0.05913040937395109
0.05856641961772699
0.05938865798457397
0.05763679751969875
0.05572685282030981
0.055755734999692476
0.05528434666475456
0.05362604107725724
0.05352174919659718
0.054622458056659495
0.05543563062690838
0.05682519619529752
0.05583398152471323
0.05564928809062789
0.056054323734858164
0.055826966291284065
0.05616059637052095
0.05753521154993448
0.05944550067018487
0.07326204687495973
0.08053855380088921
0.07989828742688092
0.08844968792690205
0.09210079763557932
0.09130899434203303
0.08660689342544864
0.08558329575511876
0.08989859568626364
0.0907472828898588
0.09305318312294886
0.09293022562445578
0.0933692831197745
0.09354976997844745
0.0940003835805893
0.10038111968012393
0.10750828257730598
0.11063075748358266
0.11034758161209252
0.11132956138145744
0.11172119209328185
0.11121528049141234
0.10738650656797072
0.10689482684643765
0.10687956241029804
0.10710517379621078
0.10753404060817777
0.1162526581729642
0.11963240362649095
0.11908193425739438
0.11928141476512821
0.11820741912091048
0.11806021268319038
0.12044670719713461
0.12048176094800574
0.12075553113717223
0.12121946754796986
0.12557640867226666
0.12513945116694902
0.12747067985325333
0.12704351555708235
0.1269013203437123
0.12610735176122678
0.12541314127164851
0.1261797765602569
0.12683743832311098
0.1268266461683492
0.1251253818857788
0.10911918065239014
0.1037391859139527
0.10394483365385616
0.09560724565780898
0.09345644258254586
0.09579356911579089
0.09673718569856338
0.09470326047593702
0.09306392225890554
0.09349869821921104
0.09088921409640255
0.09184537253645475
0.09105766780001233
0.09230315128996001
0.09148500829673319
0.09083203058207913
0.08376703331240946
0.0830004898651863
0.08102388528551754
0.08444611905196302
0.08660855998697627
0.08612514726942662
0.08702404069546399
0.0874459885981528
0.0880690190149097
0.08789922822896991
0.08935272760483474
0.08175582781593807
0.0858254133332832
0.08695730441867298
0.08865840345556664
0.08779537376270212
0.08910537593498051
0.09006915736276977
0.09330712789126182
0.09262298696737072
0.09454279276787876
0.09694505521000966
0.0961695018260212
0.09486963487095272
0.09849593403919016
0.1050523462530754
0.1060552543128186
0.10664793810335109
0.1098746144303709
0.10992937291653453
0.10992383236415275
0.11160500503009328
0.11633298189645293
0.11404525027098701
0.11483432540248696
0.116814952520075
0.11622886053686281
0.1140247817775112
0.11411858546301855
0.11443445569841541
0.11366645201710963
0.1129964410634089
0.1156144545789269
0.11502934298235114
0.11511521231291666
0.1156445238920174
0.11756541622202787
0.11134802773695607
0.11083568759353768
0.10765137136948906
0.10790580512800335
0.10829945426221406
0.10986781750585184
0.11030041650110957
0.11169663675361069
0.11117514815117442
0.11172808159375812
0.1139819875264579
0.11561698389697643
0.11464113031562985
0.10638318784333849
0.10531835327460826
0.10531035182643328
0.10709535086148002
0.10609902116148616
0.10561977248991404
0.10420769800087241
0.10827205026141383
0.10646653063966786
0.10100209117288572
0.1056903608122941
0.10490930728173208
0.1018865195921767
0.09790924552242934
0.09675280059666923
0.09667133789557912
0.0917826932929836
0.09390967750863383
0.09559996609377432
0.0941613568139494
0.0897615615430779
0.0894501691141278
0.08919452217420902
0.08900884663492571
0.08944723522137432
0.08883126121022376
0.0883468612492223
0.08957027978995384
0.08809855066037221
0.08735268258425764
0.08566386400369375
0.08557500040646888
0.08554879427237032
0.08393844044634163
0.08547168891453853
0.0850517811291907
0.08736626418757443
0.08926497778769506
0.09057805733438928
0.08543745517237859
0.08132443750169091
0.0837382794568588
0.08160742831821823
0.0822856948671297
0.08174383732798482
0.083420158252255
0.08301767862191588
0.0848889318583566
0.08303639644190579
0.08194818074679601
0.08225492520704158
0.08160636677270472
0.08098690959436605
0.07862157601381607
0.07969641189809647
0.07721805192684707
0.07719043555257789
0.07637838296954257
0.07396174018024915
0.07294022688641326
0.07222706863855717
0.07167222460917778
0.072867224215522
0.07142751762633172
0.07310238066905957
0.07517664129682548
0.07335467972218271
0.07140236797270441
0.07178952238038382
0.07241156255260292
0.07154144484852087
0.07095672275687812
0.06933482073214169
0.06935867929597093
0.06873126126626725
0.0672890386967472
0.06701623374168794
0.0670981860211645
0.06631135513717976
0.065926319177172
0.06689277309660158
0.06572492790162118
0.06404323371901237
0.06691268081882201
0.06502062232673692
0.06361931524376926
0.06498605911238947
0.06502701835984406
0.0649452369999592
0.06227220937334457
0.06334508130310565
0.06295508855352851
0.0631447364315143
0.05963457560101388
0.0565264955388645
0.05316629249250926
0.05654218069577233
0.05659084560843001
0.06098439458810928
0.06110215729590809
0.06131331832470865
0.060465599626277435
0.0594530386017467
0.059125482406798414
0.06066730090121913
0.06257285262834271
0.060796439115073535
0.06112140551628597
0.06030220572008866
0.06446570437662151
0.06590254819486188
0.06744926060553418
0.06640232159904846
0.06092646604727429
0.06136511410655129
0.06056010077192417
0.06219753086514185
0.06155381902080861
0.06429873718621212
0.06294533863184783
0.06368507808023036
0.0640676959736843
0.06582599453999526
0.06602652228264451
0.06572955392271052
0.06640059695960604
0.06674665475727432
0.06925466750312269
0.06856891192272427
0.06978700370970854
0.06817253518460846
0.07022584922109099
0.07067871481908837
0.0712347086237136
0.06847470306466602
0.0686000514612529
0.06906130446163296
0.06895980659027855
0.06841608819730317
0.07853411369228581
0.0803048360106639
0.07971757829073897
0.08116995322507552
0.08116937983924101
0.07944711972439548
0.07948234693260169
0.07293340558679812
0.07198325583483133
0.07143742468726531
0.07356834053185206
0.07277431350887702
0.07405557878562646
0.07209723896859992
0.06982643605667611
0.06980512287893416
0.0692750705571049
0.07044189560583179
0.06423692978842323
0.0638652952935694
0.06315472297479037
0.06539333374505349
0.0677065618186551
0.06779578192537149
0.06873850264855372
0.06887499698247752
0.07077770345715793
0.07589432885070796
0.07748203223924915
0.07928357693389856
0.08039266487539991
0.08065953519275405
0.08662252551636675
0.08686593011751613
0.08815566269238821
0.08821239547868805
0.08662276059239339
0.09091029704487268
0.09102813090992322
0.09126508036518129
0.09180959919020959
0.09336914869718395
0.09398584727411459
0.09541525018070714
0.09477410080584825
0.09667752753744684
0.09767260889025646
0.09708014256131094
0.08706201605926271
0.08655547910295253
0.08878448055573707
0.08761298001439198
0.08729805938258552
0.08613848613221288
0.08552499462932639
0.08548697095455726
0.08535144560499745
0.08855652134742976
0.08661351482509733
0.08656182095788538
0.08488409327829664
0.0882543481758511
0.08976944496295597
0.08987708659048438
0.09035694986846494
0.09052966520810761
0.0920925138652144
0.09176931249089326
0.09161671629343088
0.09176469634806224
0.09098677240292846
0.08938420025252664
0.09116185895971539
0.08888385205980966
0.08708217364352887
0.0830923741574744
0.08253015657425242
0.08105541703988407
0.08672991370616619
0.09034494391766212
0.08825520810794535
0.08818419002744705
0.08764584046004009
0.08735258234439706
0.08696997755837976
0.08211669093538192
0.08205315548410434
0.08249382808902721
0.08292535963315213
0.08273149139512538
0.08401645193947115
0.08263701646595771
0.08444318444093703
0.08283394651615346
0.08157649690694035
0.08391562482552535
0.08905466843317807
0.08787912057548779
0.0883966449345366
0.08957923287115445
0.0901066072941436
0.09132022456006095
0.09292396724311819
0.09557059744425217
0.09779934219549319
0.09510013034300756
0.09598676757210017
0.09836648954502407
0.0975510278820043
0.09401300756500242
0.09390303384329761
0.09411422877674157
0.09602154252271794
0.09675593789594654
0.09578716514364205
0.09413873663306642
0.09400159409271293
0.09123050729647368
0.08968473014034439
0.09049308398173006
0.09161579918223117
0.09250356863293312
0.09230623789724961
0.08874132907049391
0.08769638398719293
0.08746200723130497
0.08147517167523938
0.07794468097749953
0.07527813580532237
0.075316904783414
0.0737812760837851
0.07400073696007443
0.07366023044875898
0.0742755600411454
0.07428841302530918
0.07621796364202539
0.0727039055765613
0.07288984913313591
0.07061624229671364
0.07073230620912606
0.07000645017470772
0.07041548741138806
0.0713122194907502
0.07193652737768526
0.06777114520467986
0.06752803793974076
0.06454073566662764
0.06288128212934131
0.06360977019160619
0.06426542134471717
0.06502921846734075
0.06612983925919488
0.06707965357585548
0.06825200811321595
0.06861860780681504
0.06681957815123418
0.06967478940220798
0.0699468486527947
0.0719554601511236
0.07285684193854439
0.07474813484213781
0.07471492649803828
0.07566910193563417
0.07591451691210592
0.07922972768454607
0.08008006241169557
0.08544389282615412
0.08652280051206829
0.08250185911931629
0.08187043074277321
0.0867380638700022
0.08796188598275084
0.08844600135160201
0.08939966206670896
0.08836470306534307
0.08637046846097984
0.08628238466304305
0.08614266186424045
0.08890858912762074
0.08860590644276727
0.08857082161929265
0.08893565062432669
0.08797315848502413
0.0855229607139074
0.0837536576798692
0.08165935832409009
0.08150616007997806
0.08254950245940934
0.08190208287343918
0.08471455417410179
0.0846993599638307
0.08318609520545657
0.08273975288576359
0.08282869902685737
0.08313419944538646
0.08440486633957191
0.08395541275455896
0.08127496425811924
0.07948105536784167
0.07578520667540688
0.07330025860162682
0.07212518323560364
0.07155477101286643
0.07405394175769306
0.07432602156597078
0.07776239939448583
0.074130058534598
0.07320808066720057
0.0701606122687669
0.06822755415106228
0.06818902300037406
0.07145329329280607
0.07391686681650751
0.0733269677147083
0.06796254689201005
0.0679445527910719
0.0690014603979814
0.06844705127827048
0.0638615577518531
0.06355071431610555
0.06485449867153652
0.06361742799723104
0.0650430449335357
0.0693410917533271
0.06992069682793332
0.0708759566218479
0.07172411390055235
0.07556512040369327
0.07999730064537923
0.07956480178177293
0.07997639274055313
0.08158626406861992
0.08453020583176259
0.08493399762345484
0.08887404608644382
0.0885776695489402
0.09100208614113553
0.08727964363529651
0.08733840097893719
0.09052081698081688
0.09037261942031673
0.09107925565493669
0.09571702832231706
0.09669569768145055
0.10006768402234749
0.10317422874151529
0.11181123063023778
0.11379973532791256
0.11466153911577182
0.11574196959057674
0.11662930105178428
0.11537296042280376
0.11248669697874585
0.1084254633638307
0.10845746688986706
0.10919992017005316
0.10846013525502218
0.10860042930903256
0.10687701028940721
0.10417878837270084
0.09821233726621965
0.0978255552250976
0.0981276201236846
0.0960929587896332
0.09438018646258384
0.09434083574950253
0.09484871189409767
0.09940835058188315
0.102294157446569
0.10323101667240936
0.1025611720825846
0.1023399495518831
0.10272375459113665
0.10232494125937326
0.09906589789379433
0.09590757253081202
0.09175198500016374
0.0937789111499878
0.09431556118716854
0.09254029680727414
0.08939839702439846
0.0891146635701975
0.08514196822664881
0.08472539614733361
0.08624458926774775
0.08621143184572179
0.08661264738675506
0.08239316228488859
0.08292385491068181
0.0815483588804795
0.07651262951624645
0.07449402040454664
0.0705875883279838
0.06797431131915867
0.06149602497376627
0.05978979299241947
0.05800301774114347
0.05637321635789742
0.0546135249119557
0.056183513866672564
0.056012651963900574
0.05635765589283843
0.05692908553311771
0.05581952757227001
0.0554630957017353
0.05522078438007494
0.05501309894369897
0.05425881638357275
0.05544702483361063
0.06786878859367448
0.06801304281544084
0.06874813518661917
0.07257447856387572
0.07474776955444891
0.07546399890898194
0.06991015546605826
0.06697260341339807
0.06587935781840895
0.06482086790249526
0.06220697873196059
0.06424837904137053
0.06422106863330085
0.06632225136506935
0.06802975958626195
0.07196048032890746
0.06972002090811913
0.0724146337627082
0.07235691372878482
0.07979027393391419
0.0868018393440213
0.09207398168504304
0.09625581161189328
0.09302291136394508
0.10027177751183743
0.10038255843769406
0.1044812111997674
0.10880439253833302
0.11196138306132726
0.11696951260749577
0.1235894057120883
0.1266584764312408
0.13006092973397973
0.13261572297149918
0.1457515155026655
0.14796114464584806
0.15151208062134405
0.15210379906650331
0.15252225266827596
0.1548363718267426
0.15754455355301886
0.15757052219323114
0.15742676423825425
0.15779838666489376
0.16273828601729526
0.16426164891338224
0.16598443508729008
0.16599922690491045
0.156171332733167
0.15605895394418998
0.15569019632635542
0.15414693784241365
0.15429627264625032
0.15530378755461613
0.1572877448883336
0.1556222695697651
0.15606772927466173
0.15851722766684118
0.1684758638416145
0.169880895146972
0.18192236087908933
0.18167247488369218
0.1801561538724803
0.17770751746367552
0.1831771879344821
0.18457098984740491
0.1850158133440021
0.17933152545594222
0.17384008250152252
0.16990181389802347
0.17120653634491842
0.16974003666524315
0.16460597691575027
0.16313911397793915
0.1589769062601326
0.15338734733130555
0.15261839462334936
0.15009234084660075
0.14489314538378203
0.14329533853058077
0.1406661587308918
0.13830495807201634
0.12563922014290177
0.1270864326622478
0.12638586364416513
0.1270828699272629
0.12526553287337408
0.1231921819427395
0.12309419828973513
0.12539645601121027
0.12822421340011408
0.12816014451610502
0.12356877190085859
0.12581849079220456
0.12615942555178397
0.12551921645759168
0.12449771980596631
0.12466416843579714
0.124297088619728
0.12378313802715253
0.12385915235496693
0.12352937338643123
0.12235889681046284
0.12328413011716155
0.13630444229559516
0.1402371744561499
0.12973328050193897
0.1261473905784346
0.11592443640715872
0.1153282469465251
0.11809831942728129
0.11938539963519999
0.11635282154337721
0.11391984135308385
0.11354454390945741
0.11577209282111102
0.1143481608903192
0.12004722860140589
0.11427715180153704
0.11949545629953821
0.12012759389073369
0.12026703544333532
0.12052632018187211
0.12494388686519044
0.12216078402262774
0.12187893318638743
0.1207792011741759
0.12123869252788667
0.1233452114036035
0.12521236051215268
0.12558638283684861
0.12388926020862494
0.12215197186713304
0.12230373210597688
0.12483512994568689
0.1262383470946357
0.12513022839184537
0.12414751635625487
0.12175691662616382
0.12381535384896918
0.13116306465137512
0.12952693428635856
0.1308003445903805
0.13796018656166378
0.13638337899684336
0.13578974199748725
0.13592652049614481
0.13542223358358152
0.13317922764066495
0.1354198553459831
0.13590977681341673
0.13734661959758346
0.12615457988837062
0.12120754842978317
0.12115799312407978
0.12046070661449215
0.12335733196006538
0.12745260857591897
0.12458833423666732
0.12719849892264143
0.12447527053448004
0.12325380122883983
0.12613862182009364
0.12164918000042353
0.12187944711659349
0.11705872047538128
0.11915904829757905
0.11503810598592112
0.1130851437624313
0.11304169124192608
0.1183703001195403
0.11446963725247095
0.11595671048100292
0.116155769993595
0.11655878791356429
0.11751220453955329
0.11616343496230634
0.11194847000517173
0.1109248479223815
0.11156591897771774
0.11078195182241285
0.11013936892197852
0.10529404971885109
0.10396176853644218
0.10294596019749824
0.10206414039038503
0.10288213773695298
0.10028716390993732
0.095208079066596
0.09502105960731007
0.09349930845335179
0.08732647180355328
0.08999873303395313
0.09024770827891128
0.09338164852136703
0.09305749850628542
0.09496238031156212
0.09226812762357432
0.09147101084211064
0.09163064574797652
0.09041166075754918
0.08995806843455884
0.09179686780091434
0.09425707792254352
0.09142027705407237
0.08922362591221887
0.0894935437770199
0.086771374808457
0.08866100676624188
0.08810628444919977
0.08844620675141528
0.08928440849914938
0.08996862904318192
0.08822250797140545
0.08643337969323446
0.08630062297598134
0.0854024381483866
0.08622832146839031
0.08169072593893646
0.08122049989816717
0.0803188645873196
0.08263982894812821
0.0861056882733664
0.08286381360446245
0.08438684396843434
0.08495666838305226
0.08545988439380071
0.0842813105645586
0.08583891658512262
0.08563127104286339
0.08623878797808855
0.0866042375089557
0.08580530366370047
0.08991898071512198
0.09113356257158696
0.09119392384313747
0.08854144148804605
0.0870472248926929
0.08503848764471977
0.08326628613343649
0.08254535062549208
0.08311374968734325
0.08164566737930347
0.08053074298765954
0.07843811702343802
0.07777291540478073
0.07732288758215221
0.07616584273508804
0.0748565063330943
0.0737643186232846
0.07334003121628972
0.07030081188232372
0.06960193874795657
0.06871311861826163
0.06837769155661017
0.06586298924103558
0.06375765671137361
0.0628545359378616
0.0597163098148393
0.06022734315482863
0.060322725942718
0.06028596526374216
0.061635708428244874
0.06148993291269095
0.06183041178030237
0.06105133129394121
0.05947871860591214
0.05928476228484242
0.06004586508961271
0.05830875912514255
0.05447659014530809
0.05544370242779676
0.05316778516810402
0.05439165455454583
0.056202744411063044
0.05495978647228542
0.054040448937813096
0.053986532575854625
0.052666165537446206
0.05370580073020959
0.05486208912726905
0.05109099243522491
0.05050662296868721
0.053101761372908375
0.053341390096785436
0.056614191887222276
0.05761461657836345
0.057527980478069875
0.05580761929291627
0.06342157347001147
0.06846049706925209
0.06977246130316779
0.07044923925568462
0.07279083841224292
0.07374211628952401
0.07811600507586856
0.07900191373449685
0.08381705759327505
0.08614764448959572
0.08708339551390724
0.08789234918411183
0.08791319791255121
0.08757306342254739
0.08957721892044472
0.08998286972875869
0.0931403347686323
0.09458815087682121
0.09553835772868967
0.09677035152623424
0.09949613962514414
0.10287572477766749
0.10465989059282244
0.10577620264219324
0.11047379871781349
0.11633806164495002
0.11843621405405975
0.11973872160643716
0.11844828596555208
0.11807819792044179
0.12279497228022183
0.12163769922445726
0.12264336343183413
0.1244964261705684
0.12477316833158249
0.125552455076647
0.12578421783032512
0.12585996791066897
0.1255687058344944
0.12661010904990533
0.12928092466526073
0.12774106375044453
0.12807462926445595
0.1285204505244787
0.12495739413458529
0.12694385361333502
0.13382221277470915
0.13487790043740674
0.12870411597628498
0.12321522668700834
0.12660577855640331
0.13079844353399964
0.12760238120792733
0.12643745511422214
0.12479457609603632
0.12731123581805384
0.13024720363477701
0.12618085898771614
0.12877298475504165
0.12827493192012926
0.12754127409303037
0.12711012372655095
0.13196063037406336
0.13159966885117227
0.12896298367857978
0.1277050824475731
0.12574860487088133
0.12449319383595042
0.12483236145183603
0.1203720858930385
0.12177557251482268
0.1268598138216885
0.12742411999163478
0.1253621562485778
0.12377956705994929
0.12140895014242736
0.12307535633274719
0.12486051265263748
0.12105104620035013
0.12147903064673936
0.12047039340160516
0.11768937404950343
0.12055402144698128
0.12262720228201952
0.12297139851361182
0.12323032127483234
0.121873259452623
0.12668511161984705
0.12567428784909684
0.13009835107577294
0.12978392835221494
0.1313929413617529
0.13719842695356085
0.13413442395974712
0.13462374861802714
0.13435865536167105
0.1356550076060975
0.1347221632330418
0.1312036446758629
0.12789512067374575
0.13165289459689722
0.13276557551043527
0.12997856362604676
0.12703204698974183
0.11923099131841898
0.12347198438856503
0.1218966478924442
0.1218028115050897
0.12167617280120974
0.1233094501275942
0.11611030940829914
0.11998548766213263
0.1196409293597177
0.11967935099811954
0.12032007861515015
0.1200158008908393
0.12155414877802229
0.12086224995764015
0.11800780927026168
0.1119958808348595
0.10657785567676224
0.10899670160667063
0.11034194442897671
0.11247306591725074
0.10955876924406356
0.10906640632300509
0.11029786194739205
0.11351877216492119
0.11470502541752482
0.11725603776557035
0.1164899047608962
0.11318313392391
0.11655917438826684
0.11673547710295712
0.11723810868655439
0.11548471668708839
0.11361777984866177
0.10905038149708246
0.10851995701840415
0.11285498709947478
0.10857556222348026
0.10931764834212744
0.10773301177345773
0.1158521855140397
0.12166972355889295
0.12192214079022261
0.12511387067109636
0.1248322607132289
0.1276470035027038
0.12732567147784438
0.12868491924760486
0.13419706078344784
0.14004099484951463
0.1409387411423491
0.14209452973139752
0.14108654977987528
0.13959471917414332
0.1380503761851333
0.14062571615203184
0.1378510375307555
0.1387200626073866
0.14047936099135966
0.1400976962516908
0.13897802522263905
0.13380280012498327
0.13420206295264972
0.13289563528156598
0.13224545491949682
0.13340010208641598
0.1307450670526087
0.1315876484963362
0.13304505924982132
0.13403396988832963
0.13259559019589023
0.12978711222510161
0.1267186698599375
0.12313676902261811
0.11964491631631058
0.11896969589808475
0.11971939496475993
0.11580707788227991
0.11652385799504573
0.12036268356563355
0.11546310346568518
0.1162128325780955
0.11977304173450759
0.1191739353155602
0.11293046799318125
0.11266591125977993
0.11187892191669113
0.10814342957154684
0.10247103233418385
0.09306790299691724
0.09359158927809715
0.0954277485972329
0.0962717747389234
0.09205197157989166
0.09736666931004466
0.10245218542262369
0.09685770133119749
0.10203172154525177
0.09615525960792427
0.09213419062017442
0.09460067078763756
0.09619521352107012
0.09600842188070598
0.09697620770578773
0.09757348222972705
0.09746566784167637
0.09627182420468523
0.09588805166263577
0.099254339322923
0.10095052658296984
0.10145856288917467
0.10229286200585326
0.10426749916974502
0.10378756160139674
0.1077223528428295
0.11322032446472151
0.11804327789705475
0.11675485338461196
0.11986472295548417
0.1257778472655231
0.12797056855417016
0.1294635076590763
0.12990481683391325
0.1282599591631511
0.13015071059720346
0.13136477861235307
0.13071308317086722
0.13399650631031892
0.13794132099801204
0.13744607992284236
0.13895212615940647
0.13807253376890657
0.1382120070336064
0.13925634790852495
0.13916423231215017
0.13708211509689977
0.13427509786948885
0.13612267390823057
0.13608559810603182
0.13486073945519195
0.13389391289945143
0.1332245366351066
0.12798481492534317
0.12127668897490777
0.12263251460302126
0.11579323978588874
0.11719266230850345
0.11907379922084664
0.12131158478090387
0.12443508349914721
0.12946117604889115
0.12603806720750513
0.12464618167474888
0.1259138358736453
0.1251619679243424
0.12671998217906807
0.12510924262180262
0.12367719234985401
0.12687961352870852
0.1262713207788135
0.12536272328888043
0.1247392094922641
0.11843114515476914
0.11199220190045296
0.10378413079458794
0.10494088809870665
0.1014714737331342
0.09562796449600118
0.09294854246504937
0.09436787656206112
0.09655492536891307
0.09900744933340964
0.09607148741873613
0.0949336352342623
0.09495587404569462
0.08723496182840752
0.08377249948604225
0.08305667117088023
0.078198098051748
0.07808985350955176
0.07809618212866401
0.07601629765022837
0.08148573403144897
0.08217990291221865
0.08350479876378476
0.08514175244252882
0.08648142794490991
0.08168262957853385
0.08095557986629746
0.0854790698283956
0.08458133544493318
0.08467660911683562
0.0833202633173901
0.08090112361326265
0.08552961836211886
0.09344080036722992
0.08788640526012
0.08959053161058955
0.08534077591992988
0.0853414641653143
0.09132787337060731
0.0953582146691271
0.10170813614033247
0.10607962962176297
0.10653546124339243
0.10689634869881104
0.10935901143472031
0.11066597190964816
0.1102250381568572
0.11372567887730524
0.1127507595070123
0.11188668351392111
0.11234215148902892
0.11341470637899204
0.1160441606809855
0.11575945768471378
0.11610281929833655
0.11347405511862134
0.11216193727071883
0.11173184008750692
0.11908488097049573
0.1271666051822417
0.1277303978011094
0.12815998482856694
0.13470248933351922
0.1348498011467532
0.13423060740659437
0.1343153564143655
0.1365894352983949
0.1405823567503943
0.139174430850737
0.14331030361835206
0.14482720678254304
0.14419911033190957
0.141804567391405
0.14220117350616038
0.14211455245947072
0.13801870912217828
0.14182966100748454
0.14138717580658863
0.14223179688692983
0.14259507856845977
0.13688297940179595
0.13092634890155352
0.1307131614101959
0.1273567424223857
0.1280900526781257
0.1279583066302706
0.12318559998864449
0.11713882328660336
0.11589951482671734
0.11081676663118617
0.1112084741778956
0.11101782685804022
0.10501654539520211
0.10455080807764572
0.10392632278621376
0.10055828478594049
0.10234164077434445
0.10317560297656575
0.10323751363584997
0.10139084173952172
0.09963836946854597
0.10009574536525184
0.09976422691811195
0.10038901399109855
0.09833795054511124
0.09766289825388497
0.09012377634979306
0.08578138536771529
0.08909240442812649
0.09126321797461828
0.08434511272248119
0.08376119065349728
0.08395053759806385
0.08348430623180432
0.08178783227379376
0.07823961451444374
0.07584869293494784
0.07216007585192445
0.06944133762442854
0.06686718630270654
0.06789532274077757
0.06888809004918055
0.06852841827699448
0.06770257031353495
0.06746428261370456
0.06977685712965558
0.07567934763341143
0.07357805551324789
0.07511970769656157
0.07144881328372518
0.0731048173403266
0.07142500225088372
0.07172978266176439
0.07160352715023607
0.07393561340392403
0.07747951134618379
0.07386631970069744
0.07392279703200945
0.07140431177077129
0.07421001796383009
0.07475210619980163
0.07527989126775268
0.07799723719794127
0.07894195920632625
0.07981199531110085
0.07926035856600083
0.07980093568993385
0.08230842478813256
0.0817595769769395
0.08226619735271022
0.08455454805298773
0.08391681792786328
0.08661802045833937
0.09552476111277941
0.10173743129671771
0.10211054753237568
0.09765355647821981
0.09627716167625548
0.09760184399481579
0.09798380826624155
0.09775212058408227
0.10662281311693839
0.10689598666053578
0.10776925301791683
0.10934849781149215
0.11045556690715046
0.11075060003652094
0.1129694247158559
0.11323474847650507
0.11402893430612437
0.11507347940517605
0.11416444423572601
0.11204665661643583
0.10980175452944946
0.10437384190195044
0.10746395979361532
0.1082557107147527
0.10895967254155726
0.10918195819286934
0.10928457705002888
0.11087589491478832
0.11108280552283735
0.10804921429619063
0.10715334040434421
0.10623237985358626
0.1073540138620055
0.11292626612503313
0.10980633788007049
0.10949006273142485
0.113038948799191
0.11388546027281832
0.1160082893852732
0.11420030009807632
0.11366441205621831
0.11309319170420173
0.1159611051438334
0.11629135430486771
0.11540104827945392
0.11763185545937944
0.12685257056222973
0.12791558499418884
0.11763695284635321
0.11147447400734455
0.10723040285189366
0.10716529260943881
0.10611553798703628
0.1054347733947006
0.10807423485992651
0.10904666274924359
0.10166922107667516
0.10136451487101851
0.10025631211822099
0.09760822791245787
0.09635858656615558
0.09744772307601307
0.09522640631503339
0.09902981671592587
0.09743859833827918
0.09644497111745269
0.09854997639854256
0.09883498728387242
0.10003526220225444
0.09873976067793151
0.09885814627983393
0.0973242740865413
0.0993167692530897
0.09872106893652821
0.09866949030962358
0.09658530820956396
0.09957847765487253
0.10042297782707567
0.10229075170640395
0.10330392211214899
0.10214856932670967
0.10123803655970975
0.10095696933966321
0.10157370954008293
0.0990182508816591
0.09636467437070582
0.09350208705075069
0.09462335227767975
0.09441793823695198
0.09714419829125376
0.09207662784565784
0.09369040917912674
0.09703492485908048
0.09595691035524447
0.09258607966056431
0.09031665511567498
0.09141595904928701
0.09302250482876791
0.09359679796558491
0.09485790467579326
0.09772871719846171
0.10683479212874282
0.10358471704134249
0.10669343395001234
0.10870838678202617
0.1079465996853799
0.10961712796382206
0.11014022899870757
0.11128022175107895
0.10945582121495352
0.10974140921482987
0.10542969937547636
0.10559670355598806
0.10631218607132698
0.10445143230505714
0.10441044409140342
0.1032711464971466
0.10294503432639818
0.10194833576452629
0.10075907205000696
0.09778684335435796
0.09880285632271339
0.10050550260881874
0.09957323485005332
0.09714717907413373
0.09634281393721895
0.09138317179057043
0.0908561313144754
0.09265406795704506
0.08913041165378775
0.08895999789691218
0.08738942518977376
0.08690221896164953
0.08629335943182957
0.0873649030168449
0.08607122142926482
0.09147993693434796
0.0889755201157598
0.0893930862912054
0.08788575740642805
0.08600080109848096
0.08236108088445582
0.08006761189674126
0.07936141001525461
0.0797334342509835
0.07932827477097104
0.07848446215862381
0.07783734731502077
0.07501766572358702
0.06612570588230848
0.06736119337390259
0.0636523794739596
0.06046154168471968
0.06412971586492533
0.06483584517226938
0.06433527687587116
0.06243380564180023
0.06451241993961875
0.06568116307981235
0.06518760543601328
0.06562398237405163
0.06491470167349088
0.06428874219948098
0.064382963868744
0.06921769801815583
0.07381481959519814
0.07607803744966694
0.07711253313611795
0.07712065511001383
0.07613131632447757
0.07538304869535004
0.0758983945253132
0.07583945475816266
0.07528525655735935
0.07672282328555831
0.08124569907403628
0.07922287139709133
0.07900881350588901
0.079749513481651
0.08088449641441887
0.08192674630690082
0.08209824093870065
0.08222422532466385
0.08469565874951235
0.08654497890025525
0.08630053887860818
0.08530717161130308
0.08605325814191471
0.08646859957847904
0.08648794453550579
0.08370775952457295
0.08466533700558038
0.08860502559984536
0.08874891192911306
0.08937557156794718
0.08960060894761446
0.09015760151983167
0.08907816340714675
0.08846492940097582
0.08830177864744782
0.08824823820527973
0.08448870100960611
0.08153251618379875
0.08286680929547689
0.08290421433681001
0.08287478025622662
0.08118298987862133
0.08776046344230842
0.08754646112808877
0.09207917039062626
0.0961245857067015
0.09681460409276599
0.09094866683458509
0.08625439873711975
0.08292069243080763
0.08213047530264143
0.08680870721178019
0.09216556423131265
0.0920329561922719
0.0914623610195332
0.09073930217435829
0.0972410442855567
0.10242381354294001
0.09803205571228006
0.09739874702178397
0.09695018912378998
0.09810064018521575
0.097356508277141
0.09453003957982305
0.09472338764661391
0.09462038163145657
0.09511978455941068
0.08855145950668909
0.08864960118470848
0.09453270928707652
0.09725294231771915
0.09775915782207396
0.09857539356482159
0.10118604050059937
0.10052059200884282
0.09816955533606418
0.09676479182263335
0.0981986278479201
0.09820121854799141
0.10307732400845722
0.1060505236327513
0.10920206423303463
0.11130636062138007
0.11235277788338328
0.11456970718474628
0.11649952680846205
0.11544707456657137
0.11907740128289929
0.11689471404329366
0.11931157595293401
0.11385559351597152
0.11489297089499634
0.11119803343212405
0.11019066876597483
0.1111685686037774
0.11305462827605346
0.11316297477643844
0.11361879166894324
0.11505905034813797
0.11100549795590443
0.10480708823551577
0.10270543956449198
0.10815686608409542
0.11008341819487993
0.10445784599207518
0.09827015176897179
0.09850653561339152
0.09952984876298758
0.10067487180900535
0.10030703330517295
0.10013977506579687
0.09983977490641345
0.09977573259595597
0.09983640968489511
0.09615408108640881
0.09787575636403183
0.09931789942835477
0.09691515290507147
0.09710523211656118
0.09614824483442881
0.09863930474127469
0.09893297924909143
0.0978525535163682
0.09888565824727423
0.10007883499051147
0.10216404855614251
0.10538254665796742
0.10127956937767878
0.09853525335909186
0.09760776254075514
0.0960535690916103
0.09729194658670724
0.09585509816022957
0.09397118866928196
0.09378622117118805
0.09038964735585608
0.09187723459506486
0.0899362267390137
0.09343517552843845
0.09246708189062237
0.09146193271477078
0.08908939782595221
0.08609956420013386
0.08583355464624513
0.0857310574600958
0.08414341732044638
0.0827677050828679
0.0832168668108098
0.08958179837691849
0.0912914186313577
0.0882360525248484
0.0882323006295234
0.08916834826620772
0.09417863900130295
0.0956423928148264
0.09614261050426941
0.09435261414158529
0.0970302877474189
0.09910679032517054
0.09992110309079001
0.09936389221216602
0.09794157661913135
0.10089846442215035
0.09877956840968684
0.09771966389394537
0.09869005471291474
0.09700130111073023
0.09552860890638187
0.0920666266203426
0.08978037206996649
0.09068650210958956
0.0885982515914081
0.09126207402430804
0.08708829856737273
0.08312305469161972
0.08403374464321829
0.08436688297012813
0.08185206847889025
0.08192491258202379
0.08187485003800193
0.0820815205392421
0.08219421654283521
0.08260722621901297
0.08347539468463143
0.08430257070209053
0.08465749491177994
0.08287186779681027
0.08408858568577578
0.08529168135051317
0.08750965013100286
0.08845995260340266
0.09202794711833302
0.09201081702518349
0.09461663700930632
0.09805463999803288
0.0989871450398442
0.09274419233043542
0.09115017203366126
0.08937597262917629
0.09307190265873726
0.09585992198077008
0.09173030966581086
0.09129373704558379
0.08982215972941139
0.09231355740651802
0.08853964686506971
0.09309250148632502
0.09640152638443222
0.09714230886850471
0.09785849119710453
0.09511114106366834
0.09530025767946072
0.0959099094343051
0.09312860402461957
0.09523339845183355
0.09735799640900522
0.0985378272479297
0.104303617541812
0.1064362063295281
0.1110686952068009
0.10880754373228718
0.10934513178255877
0.1154633652742202
0.11438268363129894
0.11657711047707504
0.12400926718933702
0.1298248206428434
0.1288437810683972
0.13520057193448362
0.13871271983791686
0.14281466397556808
0.14334127695439916
0.14174972963054241
0.14244537974348662
0.14074023199620941
0.1389026891226923
0.13856152269595054
0.13841480792474314
0.1380662555168086
0.13332875508922218
0.1368344877034329
0.13446032588090062
0.1333742374020089
0.13226799767051464
0.13182439111528974
0.1339071074933947
0.13471441316683905
0.12939448902170606
0.126073313674145
0.12857279332289398
0.12701403686045493
0.1274207852722162
0.1284632194234455
0.12783671628975754
0.12117507986160247
0.12539456518171457
0.1314432616054855
0.13373508434194165
0.13411307357166818
0.13368013005894508
0.13242775566047826
0.13419669753915628
0.13020405659986636
0.1289531613617434
0.12892083646422173
0.12675597342710146
0.1266581904648368
0.12083938039102177
0.12362786284324741
0.13259861829074848
0.12781018869170976
0.1339962898793053
0.140413317156997
0.13352220853851218
0.1285805783217779
0.1279721326033452
0.12401986828546811
0.12063430338596066
0.11622941709084329
0.11715577062496034
0.11809034789879941
0.11772274146735547
0.11761960486229116
0.12015526703107844
0.12037052773108024
0.11895589586777633
0.12240524227880765
0.12285663466104592
0.11977566235777275
0.12082237429090241
0.12283280886096659
0.12456843608383762
0.12456145647483403
0.12332698776542432
0.12592068966116948
0.1268082299677874
0.12579025270754043
0.12252000175014172
0.12422683052240074
0.12389882617245157
0.12057923113048774
0.12076708684145308
0.12270844089415467
0.1158454895446643
0.11040092313872112
0.10751290185473948
0.10822834712536882
0.1090267799526219
0.10886634130649414
0.11496086891256536
0.11759285295979334
0.1167196727438806
0.12119504856378115
0.11748986624954756
0.11748291689461858
0.11654051452854432
0.11468060430579928
0.10832946954075358
0.10962377494045648
0.10697506043446531
0.09921906114969016
0.10015191049204221
0.10448025209388402
0.10657660059932324
0.110894581269254
0.11266748372960249
0.11307582391398475
0.11271006732824451
0.11520196446572621
0.11565950186907166
0.11448370609500873
0.11524829303891039
0.11765133259052322
0.12260596681228618
0.11988915672612883
0.12322979264358853
0.12314848157449909
0.12317856263692249
0.11859139784292605
0.11628186782664779
0.1209901345295874
0.12087295387844298
0.11752795833764462
0.12113058936294857
0.1250360282321415
0.12717509602322066
0.12566583866795725
0.1280133165003242
0.1280349228850698
0.12998639667268627
0.12800004848847937
0.126800827417099
0.12883039057073126
0.12908026229117003
0.12823289383483308
0.1295501526716492
0.13325046546264796
0.12631820503677924
0.12480461349979083
0.12760788001706838
0.12362637496346562
0.131251888488768
0.13136917197403367
0.1323382423221683
0.13330293140778962
0.1351890158973119
0.1328577019954644
0.1298438649264065
0.13323566171389994
0.13127584076488932
0.12552620417525942
0.12281708088033655
0.11492921984580322
0.11495683143312803
0.1161941501310213
0.11542577952653103
0.11466001717550478
0.1148098897326258
0.11875422208644816
0.11911131605679409
0.11617025912432495
0.11605559582794522
0.11682899152441933
0.11498842905382878
0.11627373850313705
0.11882083629757673
0.12274987957400356
0.12593303259045618
0.12107835123200233
0.12078840275838004
0.12541897659684256
0.12359362697085519
0.12072560909473062
0.12094846865382393
0.11970335576871527
0.11873218211076368
0.11888449883716379
0.11675162280909583
0.11898928899766954
0.1197174248295691
0.11630763400414394
0.11859336417503379
0.11853171201951646
0.11633484324528594
0.11328931996221209
0.11097287055751875
0.11145908140105056
0.10942734817971643
0.10797796817920348
0.10115959790698094
0.10081939667156749
0.10138988025084217
0.10025668531597677
0.09519008576793205
0.09897591466606037
0.09950690311144812
0.09490106339691957
0.09747225175251445
0.09814580573210117
0.09774083943390015
0.09773252248966478
0.09564444259480769
0.09349094328048389
0.092367911932156
0.09434623495477867
0.0958745122948015
0.09820227356401239
0.09636567117585752
0.10092187972314211
0.09501607247447642
0.0943346511452212
0.10014215141972455
0.10254866877414222
0.10263076237038321
0.1008973372152117
0.10156020831394923
0.10917122628408504
0.10965349859551145
0.107392303406611
0.1042986832614838
0.10407255287305985
0.10391410878565367
0.10695210107606466
0.1080325697632087
0.1107849198874668
0.11229320669558908
0.10992610009806379
0.11145278180062947
0.115010889785782
0.11590833433513364
0.11985648717961132
0.11969608456649809
0.11991002745422458
0.12007096374365188
0.11826322219553025
0.11779956755219034
0.11958553006470081
0.11937336183123315
0.1182828828342485
0.11665238603513117
0.11530832514707012
0.11612722295687254
0.11776167796443066
0.11570347255635795
0.11551578002455519
0.11373651132538297
0.1161417078713322
0.11771657925625252
0.11869212910136077
0.12140386737264208
0.12131155520257714
0.12118020067883856
0.11762398123213842
0.12172378977077937
0.11522861126469869
0.11350269287103042
0.10961809277100683
0.11194255068576786
0.11175789612497156
0.10446753347202997
0.10204790062330961
0.09871582600687585
0.09661919419755423
0.09496895746586659
0.08770609607542575
0.08977640517722385
0.08767900921226707
0.09705150008536101
0.10211619935751674
0.10574070975400046
0.1041722013553199
0.10294351645046852
0.10050355451565111
0.09913053089872259
0.09915603978030883
0.09758012650048958
0.09940990812621762
0.09627088848219827
0.09325123219033149
0.09409068683956044
0.09714279678312247
0.09770285348405032
0.10074095423239061
0.10364938603061898
0.10341326140806707
0.10333630593970015
0.10418379995401578
0.10668957564733854
0.10581611650851819
0.10791217160312079
0.10334595788727809
0.1048315680948231
0.10586776604417765
0.10505255314944968
0.10435433068286981
0.10453965019471034
0.10471187606804555
0.10346309579312996
0.10821670669119678
0.10789081802224121
0.10581561060167559
0.09899478630206805
0.10038472760979672
0.10012390843744064
0.10043972458749713
0.10078845133235602
0.10024732650255004
0.10022171996079805
0.09879188977205165
0.10062973344919451
0.1011692885003957
0.09915305322918255
0.10043174428704875
0.09846988984004978
0.10052351985796311
0.09293808935896121
0.08692729396245992
0.08459595303614692
0.08332773970255396
0.08406975343332122
0.08318531769620775
0.0889004805184983
0.08898749185531563
0.0891084029888236
0.08766849345007348
0.08753506945866678
0.0862027484475399
0.08763418760258933
0.084038702611257
0.08371354280088772
0.08492761455106797
0.08268089546635467
0.08440173131562168
0.08622064652323691
0.08402554575053124
0.08251617545593663
0.08631230536449237
0.08429377137957027
0.0856655532289436
0.0843763202278779
0.0837770452756912
0.08501238295002804
0.08375949595542381
0.08319679686122095
0.08293824736447415
0.08168392904904691
0.07746635008986345
0.07953898444328546
0.08110991364783787
0.08102806459446638
0.0798252156057378
0.08048229173264357
0.07892387161366715
0.07611410796572077
0.077588480727581
0.07734608570139245
0.07886120344610671
0.07850344539803687
0.07844131483409264
0.08308513286407328
0.08353454423481725
0.082172788895663
0.07876941811389497
0.0769747157880488
0.08012361545292918
0.07693377388310813
0.07774811413944815
0.07959887969641535
0.08025856481162617
0.0752217297279661
0.07700169561378353
0.07809155106076697
0.07442826403131032
0.07523943147540374
0.07606826968676524
0.07522961450517852
0.07603031700255472
0.07586650730098195
0.0719863557116847
0.07743670184844696
0.07941842291358597
0.07578104384603736
0.07788146247253858
0.07806036766246507
0.0750033263374312
0.07599570828325942
0.0745480675238735
0.07701214631472307
0.08026966898684525
0.08080766857679648
0.08008551752667754
0.0813817906360567
0.08329425735679638
0.0833570073734134
0.08602183817942399
0.08541932830782963
0.08570465109132669
0.0890638249400569
0.09176062075312168
0.09398248671475894
0.09717824576383953
0.09790480957205651
0.09775410111945591
0.09879467060775347
0.09895340248196006
0.09681577184366437
0.10074333932608108
0.09569110886529171
0.09367902186684444
0.09922625020287218
0.09988197581284629
0.1018857967797443
0.09943425027485382
0.10193932861192966
0.10304325157953659
0.10020974003176326
0.1002863991196894
0.10243578476724817
0.10060212871956446
0.10082042716832618
0.10166853393877784
0.10113767880918445
0.10207099072209842
0.10117178121709576
0.09951273338396326
0.10504677870742186
0.10467972939645415
0.09864071119810654
0.09335596172003713
0.09482393435343926
0.09697016622818734
0.1003177125808788
0.10009982922684567
0.106188179550463
0.10591972728153491
0.10417562568874177
0.10209349299859194
0.10312412635524558
0.10439251837701298
0.11150692898029396
0.11034746545522432
0.11270450314476073
0.1115186000841459
0.11555432817289008
0.1138401916687572
0.11092134376388278
0.1091484312678318
0.10694906423492778
0.10452438799041092
0.10624808796197972
0.10385916711496877
0.10288288218557866
0.10133904756756527
0.10285654911124503
0.10028099238554695
0.10270486958757169
0.10738001984696026
0.10194143279784458
0.10184431161469987
0.10348179711099632
0.10332211163486982
0.10733891460931716
0.10685642749759632
0.1074628764360605
0.10897094950888346
0.10701737268303106
0.1075779304962561
0.10936921395589556
0.10919981348729947
0.11410350607260734
0.114262696715078
0.11928424205393218
0.12058115818566773
0.11444035810589596
0.11727256903954442
0.11924111473174105
0.12498962045707147
0.1255002303942966
0.12266213924659346
0.11986954996848985
0.11956738779700242
0.11164107916113775
0.11109890105110293
0.11267551539098003
0.11412130863718695
0.11229643556781838
0.11101946292047359
0.10759904575019658
0.10582117303440874
0.10449571631041286
0.10304919174806422
0.09778289462657104
0.09765834662431355
0.09797622167338049
0.09741655058681321
0.09906797480997061
0.10199260320966386
0.1004090367626886
0.10353151661827796
0.10347299679819351
0.1034906559229151
0.10230763004282423
0.10128071861863353
0.09952526608470418
0.09543029259086079
0.09532900642821511
0.09777668036742988
0.09495255660361478
0.09507726742848639
0.08907348496096862
0.0876728589091923
0.08591563144160852
0.08407029863886305
0.08328855840715206
0.0828719686318169
0.0796651336696395
0.08064945052255176
0.0780297957892405
0.07631258041525313
0.07344986688939321
0.07309541160314227
0.07322457377163953
0.06982913908608035
0.0674962541963509
0.06208690088535997
0.0651125719049127
0.06575675714808725
0.06492740761630311
0.06459558686156835
0.06571858494320822
0.0660403082178274
0.06367903298628555
0.06680027674414869
0.06798418533751706
0.06971594979567965
0.06546827255338955
0.06551449484078915
0.06570869102598455
0.07112985746766755
0.07762124109160118
0.08050248164476269
0.08496816570210323
0.08479229506217291
0.08620032631112613
0.08505304845161761
0.08565246813679016
0.08518941495285615
0.0896885183435976
0.09339618098980308
0.09456764139547114
0.09526756436847676
0.09702628868938327
0.09958363474913973
0.10166092762334639
0.10364965442347633
0.1040932002828034
0.10401352637547669
0.10546073535472994
0.10822193342734499
0.10805803653591106
0.10918172811956532
0.11119222209917345
0.11258926817946036
0.11202285265685415
0.11174317331761642
0.10952503597331102
0.10973616175083278
0.11032538793925357
0.11098200312872826
0.11236537960787707
0.1126519539585757
0.11251641934009897
0.11607287314623325
0.11177651470010068
0.11044103844348709
0.11016761182159979
0.11173864753427898
0.1113316911924338
0.11161188785095794
0.11211697280467696
0.10587289929879219
0.10402167745689385
0.1024626514818353
0.10078385650658757
0.1008127938547258
0.10046052061492687
0.09496488602738984
0.08846546122006282
0.08681073608881286
0.08313231676487963
0.08261244818306657
0.07955215801812716
0.07767971350894048
0.07693897665966959
0.07463249659212749
0.07032305243548914
0.0675359640713382
0.06881976730154749
0.0692877930012852
0.06693110182952304
0.06422907143562034
0.061813331407606385
0.058502402384172786
0.05814851260584671
0.0589821438674921
0.05753891932643834
0.054701188451605987
0.05704784725477228
0.05613413247790827
0.05389089701736973
0.05307582847120812
0.052780371202887415
0.05468213872768222
0.056442983809835034
0.05646301536769419
0.05722201137549548
0.05573351327727441
0.05599205196063706
0.06183550555252029
0.06685681151649735
0.0632760956672433
0.06871775823554259
0.07389783050903642
0.07372275405658275
0.07269849333836682
0.07177331742184158
0.07933762469429352
0.08055279877568901
0.08148831982147159
0.08552070111547112
0.09473132125946947
0.09690056459456368
0.10126562568103847
0.10050658375374143
0.10104021740451702
0.10371273569902689
0.10650183371621741
0.10705900516922297
0.10941383154239226
0.11570594666148587
0.11649953055839975
0.11984209144305226
0.12086095930290798
0.12036673140027292
0.12333940476310873
0.12053174743871979
0.11843730668325259
0.11834410426066368
0.117879543735326
0.11933674451228277
