0.7993071382680146
0.7798743910077477
0.8225737264007003
0.6845602660833494
0.7532446046911221
0.0216591945472957
-0.731399346207682
-0.8693366825315046
-0.8852450189252944
-0.4645509150863353
0.31845535337183906
0.19883454563703395
0.626749485397301
0.29050960371874157
-0.5418500047473755
-0.4498414944408161
0.7378892609906762
0.436779149689702
0.8450227258292857
0.8500971556612378
0.9159553405665699
0.6851209869655266
0.9459789849619278
-0.5521041544072435
-0.6917258036237799
-0.46901144507274395
-0.6918388214000917
-0.8220463559282967
0.6272268119055748
-0.6459642197867712
0.6633704382730161
0.7439049816010121
0.7935398749862728
-0.5861284544196627
-0.7611291692015612
-0.873251482979988
-0.9023176880373412
0.462585970431469
0.3542565823717321
0.6408315239324782
0.81785701626058
0.8388373064678205
0.4653824249523191
0.660380856239074
-0.6356368241904693
0.233838937893051
-0.7075792247873298
0.2800869833957791
-0.792417043487522
0.0037239290728363628
-0.6992743859121886
0.6601431501077364
0.9325542996659903
0.9042405160971327
0.8841442034818712
0.6452533827101323
0.7345642331743341
0.778152152233343
0.9222986534364122
0.9355347515678543
0.9155995059913105
0.9048734297009156
-0.42098331857305693
-0.45263360684808684
0.44758960815493043
0.6948663183756916
0.7090791635537494
0.753570627568112
0.9122718140470454
-0.49846323066542086
0.7491397929065602
0.3216862363617432
0.7455320084033532
0.2606007910920518
0.6044524970076577
0.7189010229964898
-0.37273628017280314
0.7819549165271753
-0.6588593860630292
-0.7191808713373335
0.6648209034001062
-0.7340302022407377
-0.7756958331844346
-0.04928060632105624
0.16219040831954534
0.09380160383299496
0.6154698875710627
-0.32133085644201054
-0.6745420667711487
-0.7222869812683737
-0.8807743767905468
0.39789355192649034
-0.8669163719803444
-0.8641681444984666
-0.9223226969381747
-0.494610428940519
-0.7798328222640356
0.35582773368906206
-0.7541848302087266
-0.5206917611955648
-0.6674739659963633
-0.154419293290448
-0.6484391665048126
0.7427775042072624
-0.014948516697044001
-0.7896037272432062
-0.2237762243108642
0.795752332942858
-0.5425102657984967
-0.7356827265895436
-0.8257337679400729
-0.3794206995799033
-0.6262650453446683
-0.8244244746545801
-0.8639858329544481
-0.888859480218594
-0.9190583896809799
-0.9092077602419792
0.5012112670149151
0.8341057279079485
0.8956879094739927
-0.08329809576797031
0.7178137213693041
0.7824070138366124
0.809548014958555
0.9221011494461959
0.4302410602368436
0.7007792758383597
0.7709855183608816
-0.5581164375291812
-0.7905530540788409
-0.8967802279068136
0.3041970432006267
-0.7788843939626071
0.36489431284155116
-0.8486167409215601
-0.5295841489797326
0.05728121238913575
0.7916234484614184
0.9100483897647353
0.28888249541587263
0.20387373834931988
-0.5032470390096413
0.7167946556793989
0.7685672216438022
0.8426342057643457
-0.31985756559985645
-0.7735345455562574
0.051241043725443136
-0.7789746936799011
0.639111384040604
0.7297283476180505
0.7741393351231254
0.928835137816677
0.8838394900365796
0.6146337732097136
-0.5227794969149882
-0.7629929886564406
0.5649328389893933
-0.7804450410914392
0.5273039357031719
-0.42575909862591454
0.7995644437317324
0.866062610108407
0.8559816194652592
0.881705187976684
0.9324714110721137
0.9034696636630004
0.4463522175933392
-0.6424094985917524
-0.8130514939259997
-0.902871140438122
0.45485905039321994
0.5665398249414766
0.7974231602036583
0.7803388796132524
-0.5028186617440463
0.868617825262898
0.9256355242692558
0.8986185086029184
-0.0023629012142361017
0.30742316261445257
-0.2955533412501036
-0.757915834221389
-0.8197756404435994
0.525002645378071
0.019707439444481167
0.5395604768911761
-0.741468992148677
0.39117256830798164
0.2157096917900354
-0.7586817776098835
-0.8063356448352611
-0.41905312641814396
-0.620433560059618
-0.14579683306305558
-0.7089075610267423
-0.7919789501190435
-0.8268376788733249
-0.8881688122545243
-0.8845838342210378
0.5167262266617796
0.11793410565125573
0.7166782496939321
0.7972971100119994
0.832486446755246
0.036936811767320554
0.49836065434633303
0.8817932966738735
0.9226054205318546
0.5393141012479206
0.7241262500704682
0.774901547001293
0.6929791137524313
-0.49610146435071045
-0.6366936627024378
-0.7309370410483602
0.7050756451290312
0.8963270835038233
0.4479059858700354
-0.6683216764431443
0.68918997292713
-0.04599208896020768
0.674405182425061
0.7667924391375052
-0.028801660138924934
0.5983050546707207
0.8075490167879467
0.7808697158400522
0.8057553779783584
-0.26527377037655675
-0.07228742787416076
-0.7073996297232502
-0.8527428800092732
-0.9335514996743879
-0.9541754355100223
-0.9275524739244204
-0.9041457818030044
-0.6165780107814112
-0.700469198901899
0.65046615222635
-0.23177050035486568
0.18752186001621807
-0.4833974128660612
-0.640419538260437
0.6191141187551414
0.8290628099783941
0.04326074208632735
0.642533194269983
0.941889657653777
-0.4046165418568317
0.7687845451260347
-0.313603342820273
-0.11026878967411768
0.7553362788091909
0.7846358278589602
-0.26235034651995737
0.67511509913264
0.7672890709865912
0.8695598812227099
0.8720352538915856
0.8737247222096027
0.6322408899565506
0.7215281794797095
0.2821788318517493
-0.8255511660584873
0.08460485456683631
-0.7476793859024682
-0.7914755037127468
-0.15421004525142
-0.7324321816612298
-0.868549628514103
0.46078310440113013
0.7662475933566129
0.9152379750743642
0.9044948477199339
0.8897805692863892
-0.35422084315301505
0.9112613885170089
0.851187188497631
0.8856268988674652
0.5832941083431415
0.7374962395007973
-0.34577161508230014
0.905395893096629
-0.4873243613048982
-0.6266018332151142
-0.6117054602408868
-0.8524513211201181
0.22150129721799816
0.7370276513208793
0.8144106300319462
0.8350608108361162
0.5696515876530972
0.512598949534504
0.8851182550296981
0.8931634654144975
0.9009093183258128
-0.38264387080739026
-0.6869397032950568
-0.8575937731512266
-0.874434589353532
-0.8296422366722115
0.4340779587989303
0.39188363180316776
-0.723533403307051
0.5831156273164264
0.7005478749340397
0.2552509763806443
-0.6874795128144806
0.4903484499010906
-0.2915043430818447
-0.6604855097649903
0.19370939735770998
-0.6909931342416464
-0.8761377550788447
-0.5119371539677721
-0.5988412733258196
0.5980858526751445
0.8536617621625269
0.8461300104462353
0.871552207689799
-0.3053693492980252
-0.7960820072444057
-0.8832595463790818
-0.3964078108698428
-0.6118615544805551
-0.8188997601709902
-0.8599029118516975
-0.8953232735015673
-0.06385020833643984
0.629418440520114
-0.4012850745065586
0.805990519655212
0.831493317441895
-0.45276804153765515
-0.5159105472982777
0.8093983214291345
0.8198433793915101
0.8610613398009437
0.8653904846664355
0.13669907045431118
0.6908734819223625
0.6863393442604564
0.746180978014573
-0.6052060232785271
-0.7644609169050292
0.4915886828606477
0.5350073359584788
0.7867677176306893
0.9240727298299771
0.5148254802862002
-0.4211105626929683
-0.11755987040659388
-0.7476186741503428
-0.7810918479439075
-0.8117433963885656
-0.8441537662395571
-0.7963600953907043
-0.8343090078849471
-0.14391674283445
0.7655851637172011
0.8950408724527912
-0.5277828847215504
0.7189768844731994
0.8102187062217796
0.8410030836980114
0.8743651883260644
-0.38204410581196846
-0.620567650425117
-0.8224777957651451
-0.903508886265703
-0.9366931980387403
0.3891029747985306
0.7851564340204127
0.8497864598484233
-0.45476054141422817
0.8838643746358967
-0.04768302284146286
0.739141444300363
0.7271596808481211
-0.7070443586950024
-0.8560306028902811
-0.8717737535546293
-0.3950372882746074
-0.12797283484033795
0.2882340941978727
-0.49519605250117893
-0.76091976166432
0.29124405443106394
0.6868367684885264
-0.452865261827176
0.7374549450614067
0.7682644692671061
0.8092952777187565
0.89628454526453
-0.17043760518917028
0.8047271524460875
0.9265471223602209
0.915251197365992
-0.13164436360302845
-0.6716337302877411
0.31679405281760764
0.4901227748656867
-0.6975348288988004
-0.7422888120457476
-0.8151852375576742
-0.32182533548996795
-0.6008828967775284
0.6609491684134203
0.7453801879402218
0.8791300294609317
0.8850301773112632
0.8982560843048897
0.7271831614864621
0.8267768085652527
-0.5659244569390584
-0.7614986945823413
-0.5897219310993337
-0.5136827999134965
-0.7806036857228849
-0.33283518528823663
0.8604318555064954
0.8920235020133394
-0.4538902995778976
-0.5493819251451186
-0.6646547387213464
0.4608924791407556
0.6617238443466942
0.8498450978359935
0.8420420306362348
0.907892090695424
0.9293717842279117
-0.49603410259751635
-0.6599491048895931
-0.15461353081570017
0.765408819907351
-0.43770752069355756
-0.6132738530314574
-0.7705161134451614
-0.8737265564014931
0.28511561608483516
0.7206187441835179
0.8606410480151283
0.8734197543911888
0.5371649506975713
0.8280621012381038
0.8605755073255077
0.8710592923433338
0.8679288101160305
0.8665276476330708
-0.29069247954773214
-0.7501546485374797
0.6545751222711624
0.7395697554781411
0.41485395174841067
-0.4162680276835017
0.6423454883152497
0.8539628589919899
0.849195901727932
0.9080560662823567
0.8855111844503933
-0.2988788205692129
0.8051677114996292
0.5109264922505634
0.6737377632955754
0.9473708538114645
0.8701585306662332
0.45960533533614
0.669709880781443
0.7572458914963285
0.9310891303833362
0.005293031875539311
-0.7588286124502595
-0.879603322707184
-0.8831679502925185
-0.48898056655034206
0.553423602226065
-0.7548039402283822
-0.6321070786001041
0.5205522542492376
0.6992806891647689
-0.45563811527548015
-0.6384778688262052
0.7497530848363287
-0.6637274496596288
-0.8155096784353068
0.5819292066694395
-0.7166131644924736
-0.7575842294687922
-0.8274416411363272
-0.9149927918356215
0.46741523056810763
0.0008239183407219297
-0.6736270333761722
-0.7875390272697143
-0.8810356722886135
0.1624895597235969
0.6564685617165509
-0.5311851982878761
-0.22786970657880457
-0.6139601902876552
-0.5776464490163841
0.5893244609295505
-0.24745728926331823
0.6805507483123525
-0.5036762408296894
0.5344550031606936
-0.6255072871588154
0.49257789683578745
0.8851415763963586
0.9051651049110032
-0.4724578199930375
0.7343080953204237
0.8026330648327853
0.6315732378464012
0.7196484819146383
0.10487223078664831
0.6625795689371101
0.9128423753189914
0.8557242677942005
0.8922160328091131
0.8805105231963015
0.6621319324859651
-0.2790557202568009
-0.7074951888850782
-0.30565974883612423
-0.6739423897284476
-0.7264840957257171
-0.8349708037664827
-0.8568817698359659
0.5483375393647061
0.6913474283609551
0.9172561088374076
0.30224020421985087
-0.143248529943236
0.7400769064852735
0.8133454444136397
-0.03456730114770101
-0.7829968916647962
-0.9020911591773513
-0.10582760084494991
-0.7061681997349952
-0.4680378960743372
-0.5177503969799592
-0.15622067151069363
-0.7124868879069632
-0.8703031363876982
-0.779205262456291
0.4452017936573125
0.6403598295992705
0.7197857172133941
-0.6511880216530794
-0.7468526268988225
-0.7768246532868182
0.4948218026629092
0.8688411504722517
0.040431318227021285
-0.7554672853608144
-0.8120907398749506
-0.6753749833480406
-0.11639283238396536
-0.7116870654517784
-0.7483527427295222
0.1725103911217305
0.09367312899213709
0.6417449080995083
-0.3289747984298722
0.7018432579498965
0.8738769233498211
0.8881876775385682
0.8973939686358507
0.8976215263769993
0.9103046820611325
0.9369828293388056
0.9149248921328073
0.8182851791704455
0.9227830742889336
0.8933321806108738
0.8119779625576673
-0.40835149869051257
0.564001257513423
-0.8051445415237836
-0.8804896693938792
-0.9132129270925493
-0.28832465422204234
-0.718329712765045
-0.796108751153864
-0.8166455700545666
-0.9046152685356738
-0.16783556982839654
-0.655754411537535
-0.8134438684728356
-0.8112704591797659
-0.5911442891432178
0.7160841140131444
-0.37061879778102047
0.09556862708970648
-0.8528156664483573
0.205160421226936
0.19708739684891707
-0.6474563929671411
0.7697985589612455
0.7886841133219407
-0.46075911522456603
-0.6527754393144871
-0.7446910544897536
0.5750185552530518
-0.6041481327646216
-0.7780822899443873
-0.8327234572132808
-0.7640770793060603
-0.5733938577611577
-0.7889953151749438
0.17014579516537176
0.6125011515071186
0.9052429373940036
0.5737038975936024
0.7017571768336437
-0.21276644608543305
-0.6192066818301116
-0.7551574134342591
-0.04449138573372302
0.343678431702799
-0.8149971001913199
0.4709033659535262
-0.858189763166195
0.08029203364404913
0.6943472413143603
-0.09510844507525396
0.7167297733477402
-0.6648664976310801
0.646189484443142
0.7360766116748165
0.7994487168476558
0.7291066342477004
0.7911391776809391
-0.6083374473817083
-0.7781992590205165
-0.8842905382983212
-0.8124790587489644
0.5711430338738905
0.4574159668187492
0.8031768935014303
0.8805189668228641
0.8294584086316839
0.8330410623645432
-0.4458069676859727
0.7950445702579052
-0.3957610116976331
0.5309178991165835
0.6766321682286152
0.737341735195769
0.8272517743485523
0.8797354986085186
0.8880624461883477
0.8751039471048592
0.9303265993364538
-0.4763319550304058
0.5319423627926643
0.7663852828522617
-0.6178639155084922
0.5971120830262657
0.70679604817879
0.7672879215431605
0.6254321365773388
0.573696037066683
-0.7414255100944096
0.07413809039683561
-0.6648575574090188
-0.8568585468084402
0.278142359913659
0.6575231162348447
0.7390559793204086
-0.6926939069201814
0.6993109242559998
0.0680202497570821
0.615382355657563
0.15858505157486613
0.6981889214013002
0.11845934155935045
0.09068234382647722
-0.8182456987927741
-0.8785077571005148
0.4704267305761465
0.6654385463877799
0.9383213891324442
-0.5302034593995241
-0.7123277345459712
0.4099609847625192
0.5817486200354807
0.8863277916917562
0.9205273619131238
-0.4484553338936268
0.7767172363826134
0.7963235707750784
0.6356937636520714
0.8129588831322847
0.031828692444206386
0.7179213559068933
0.767770885829933
0.8119428589719175
-0.5544691848580138
-0.8296932703402442
-0.8921876158330571
-0.9056401980237759
0.3602772020143399
-0.3247056926948685
-0.6990293191331738
-0.7360504313255625
-0.5810595051357748
-0.1628507211249164
-0.6275003516055548
-0.039518204413822255
-0.6884465427043347
-0.7393505861267958
-0.8873454605461454
-0.1488844259620986
0.5814674580816006
0.9251779688968713
0.6214615643228971
-0.2864552093131667
0.8782289554317073
0.7755997470232765
0.797331412717466
0.9144721842239578
0.8637906522861087
0.4533550392925634
0.8083511926640423
-0.5593357211547397
-0.3833503122595394
0.16421888767199566
0.14270034752599936
0.6354497297409014
0.890176409066135
0.19159590597528608
0.6126504343753489
0.7204955836413793
0.7842443247369895
0.8188642943993543
-0.5100690185509589
-0.6930567726237282
-0.7277985756361065
0.6594120354887225
0.7389041390449225
0.8088850996082213
0.8639852835381319
-0.36167248222115633
0.8209911234981462
0.8951801656367104
0.66083961606399
0.9487254761775246
-0.5306873128045054
0.5153599128149424
-0.7143446016473098
-0.7743830234691695
-0.8693185961106726
-0.9195413715173336
-0.9500636033990819
-0.5881523633409508
-0.7394039311693765
-0.8445601146460764
0.45168202446806505
0.3145206357085981
0.13573400903273813
0.6065200508262556
-0.5471840938544825
-0.1326562418949334
-0.7948833479697195
-0.5651185163642665
-0.6712589137194733
-0.7209717953129832
0.5568227909627588
0.712603021894658
0.766021073803046
-0.07270494405108052
0.685858223162144
0.7807010227670037
0.8193693230838073
0.7092261380860214
-0.49462324445982464
-0.7570795598452625
0.5546335848576363
0.6839725786993376
0.8781098609190368
0.8287948473315876
0.8170893793843814
0.8245441816510966
-0.5298014080465561
-0.05031209945639592
0.08308656760777766
0.1562233891793403
-0.654201450235152
-0.6820006138349013
-0.7536803833697816
0.5500451482330468
-0.2048337664951575
0.7766930434060686
0.7401436506863723
0.1853544066762267
0.6178213057055841
0.9374488009660733
0.9282501548063902
-0.26630615347203224
-0.6175783678356421
0.6187465967523214
-0.7109097253573904
0.5575026239110406
-0.5209100819405748
0.12914786914599752
-0.24322937571345493
0.7131648082272362
0.575655225837387
-0.2336992065341461
0.7822534033665687
0.6202902683788334
-0.5312819005986583
-0.720818401168961
0.43760606448617834
-0.8137247854247686
0.5226944449241011
0.669803203752974
-0.5545589556153159
-0.6671743300896646
-0.8187364185589374
-0.880956961063709
-0.93368692186104
0.024290979132034485
-0.7007429863922789
-0.6493250012840827
-0.1883147378709571
-0.7571950502163218
-0.8808557371012581
0.4877444777407589
0.6716867065594114
0.9459064942333937
0.894237343009813
-0.06468568882841486
0.749071711528934
0.7902387393998871
0.004875070009604743
-0.7391889504181044
-0.872508868897052
-0.8381045575146955
-0.8597255356868603
-0.9235121676083357
-0.9216029874114697
0.13973930471238072
0.7402456791084657
-0.3587531775625443
0.052619340463619046
0.7323468333872918
0.7959636242695387
0.8252661581846317
0.3075131261555293
0.6103881245130147
0.7125166823158118
0.5203926021610454
0.6811482451832638
0.7621754200676714
0.4809274066053544
0.8196484489824494
0.9191182073255786
0.707196549278877
0.9412504526176639
0.9286467521041701
0.9007754513405732
0.19273073757894665
-0.7621014227328289
-0.8229978508749289
0.5542930959270873
-0.4828674344517342
-0.8190997036142498
-0.8701919886572717
0.4698683380260533
-0.668237582345881
0.5455464159011749
0.6301061476230341
-0.4914555968368943
-0.7990137880190364
0.03310270759694234
0.32284795730890625
0.11591255584872084
0.6084300211699116
-0.49739737371865245
-0.7591457005243355
-0.8755437555477863
-0.9074413543558899
-0.9102052821782572
0.017554939828424265
0.6677551248110496
0.7698154394027119
0.9296043814030064
0.8954599795948694
0.038249460632394205
-0.7602475988455805
-0.7883442245276017
-0.8120447091361273
-0.8923331425725227
-0.9281281190305137
-0.9402755279771791
-0.8422539768821085
-0.9040702574444238
0.21075386507221228
0.08218165560037827
0.00408390194923669
0.6034086375804122
0.8510392534392475
0.8155581560592433
0.8402957418207604
0.8874554501526624
0.9161782662477251
0.21927677614256713
0.6090398109468464
0.7176009653704201
0.7905773905444833
0.8210390754451309
0.8383637000421849
0.8511456580820072
0.6954421234399444
0.7590233255342058
-0.05432292328726618
0.7475782354198737
0.8970694571262268
0.6776010983309311
0.8159655961561754
-0.2682169220752527
0.8141733522587
-0.0448924315918775
-0.6899347805033081
0.6329642378802898
0.5733744829538769
-0.7737012506323084
-0.8743650246648516
-0.9156024304940426
0.47765992420610504
0.9026006513652094
0.8834188892194441
0.8874746238817788
0.7634488706874545
0.7922813608478947
0.9065036775641504
0.9303096639166424
0.8999291654130666
0.42853610164663714
0.2613507112581024
0.6928017688359578
0.8480723514516912
0.325470599783382
0.7441439579861517
0.8651011975470686
0.9101515834963814
0.8878514686899535
0.44479517965653614
0.6466401135047042
-0.02809902246955831
-0.7742215264719212
0.6637984670583776
0.9348702172345029
0.06744938860183791
0.7342214852348274
0.11283311908389448
-0.04234970715801434
0.6136403354177595
0.7248842069364876
-0.7079481901248206
0.3320359476748367
0.6213611953612805
0.7189951480513621
-0.44773186571287793
-0.784566874958238
-0.0032805507462845274
0.748665284397213
0.7493397583565198
0.8574176875190551
-0.077218332387325
-0.7687884908090974
-0.15791368318726506
-0.6568579089124902
-0.7003631707846616
-0.7859710958893563
0.4523258173443665
0.7734853390635592
0.8137994139870139
0.8499931157441747
0.13693117893323725
-0.7076030130797437
-0.8114450654794484
-0.8254172385013776
0.07430510063318763
-0.3256004959193416
0.7918497018440527
0.8219696595186372
0.8398515446717545
0.8538569344316655
0.92948861424059
0.9376493522364049
0.9197857131442904
0.27702431678131556
-0.48343348925102925
-0.8132904700600598
-0.8765761354698803
0.5414373179338579
0.9260399656497666
0.1533110597661287
-0.5112231168792035
-0.6296446783933963
-0.09649713238756652
-0.7400873198447091
0.5843611213635811
-0.7082987250408395
0.052000823489307235
-0.06526190349253236
0.7272270760549993
-0.6973434699036857
-0.010610854414366377
-0.4596687016678227
-0.6368854769578334
-0.12684159631785763
-0.7297682415646184
-0.7140251447343293
-0.7881645808231131
-0.832565871294344
0.4966623079697121
-0.6780887266127511
-0.7598214455289476
-0.8946799140930964
-0.22213648029110877
-0.6354135500432614
0.7646094547388822
0.8106066184529743
0.8465202153092306
0.9128751407940561
0.792706809805658
-0.5757100424943055
-0.6443631101777565
-0.7873014502008899
0.48434836267949954
-0.6741540252624627
-0.6493849171246246
0.6909809909180027
0.4903144083748312
-0.6151312831194085
0.059113023425803934
0.7938523862001685
0.8215247231804303
0.8598441877360492
0.418302120766777
0.686361093968741
0.7768314776618375
-0.6334034007152072
-0.7501831088754274
0.30183837586855167
0.6687045500053697
0.041905036020367215
-0.7518024565491409
-0.8558790572083561
-0.9335048441831956
-0.03454669021982171
-0.7126570768321423
-0.48398566036439894
0.7835599813757346
0.8103559754158869
0.7863337178662613
-0.6262021848125967
-0.720546125133994
0.5645713950291431
0.6924668719462055
-0.5447755040340028
0.6900699436408047
-0.6285624032767112
0.15241891204947677
0.6186551428200266
0.7441739592933485
0.8086198493431505
0.05968277420831836
0.4745648227288275
-0.4569568525945771
-0.7925752536635915
0.6104124263772734
0.8918930453516647
0.8303319828690443
0.9181155743015514
0.09076475375757842
-0.832913793067735
-0.8481106650255996
-0.5404581868274578
-0.2019345669767395
0.7869778980462891
-0.08057338652429413
-0.3246621354261643
-0.607678920889211
-0.6867017445770165
-0.7429751147559034
-0.7816098903929187
0.46875965216951343
-0.12887221150042338
0.7124846092425838
0.7935962145800808
0.13796660206166944
-0.7058748588766813
-0.8494671611546902
-0.9224696458332585
-0.41092000750845215
-0.7953501676824422
0.459769922776301
0.6913694997574722
0.5854564711405699
0.9297332851198412
-0.4773787131422417
-0.6609956132264423
-0.7215513883074491
0.036330422195347545
0.7874939396208289
-0.545200985449756
0.41388374607401346
0.7863439315374676
-0.5598939466845273
-0.7185879256612878
-0.7506628533174855
0.5921681087659834
-0.12397388553397348
0.7204091790801679
-0.5463544728170725
-0.7453205702824547
-0.08683764607685807
0.14260912930700265
-0.7581383409665573
-0.8060917221232304
0.134823048868717
-0.7568052003110147
-0.8821655764787287
-0.9252947656402005
0.1722111180048902
-0.6887867658697212
-0.7796760927074794
-0.8586200674712766
0.08481202211977767
0.7588554824233866
-0.35898199958764165
-0.5592045188084813
-0.7655919155806038
-0.8177660540963582
0.42244545953251667
-0.8438804194141467
0.5348103031669647
0.4698771972264264
0.7410907516562424
0.9011504541167774
0.005467903032748911
0.7970857263880109
0.8078401057194622
0.8266699318537443
-0.2042727666145272
-0.7079822145499644
-0.7994312606087668
-0.9118791357433389
0.23289120819221854
-0.7926483320175726
0.20711928627580312
0.7493584356876837
0.8471928071116845
0.18604851144526213
-0.0819133468558757
-0.7576518961209444
0.055342431554989746
-0.7787792164050916
-0.8423792973765992
0.31743880954354076
-0.7146225059627966
-0.5603711487637646
-0.7472547989482705
0.12895480674761428
0.6536298490475829
0.7421954690177752
-0.555500011964497
0.7382189420783274
-0.18371098636080885
0.7553095613134588
0.8112864393528689
0.8334220077645973
0.8939831270970249
-0.08869189078076478
0.6973781043692782
0.8155096236470876
0.6224467861764904
0.7192196131503963
0.9133153653910111
0.8759155621621861
0.8703898236610277
0.8643211684902901
0.5898267074930295
-0.5201254190002219
0.32923644231929594
0.6256959727611493
0.7330801436848948
0.4517777502939553
-0.5615484352615128
-0.7225372647775259
-0.11659898423752502
-0.6738252176723676
0.49154556080899403
0.661870828246859
-0.6823413101668194
-0.7591112097124928
-0.5139593564750308
-0.4969511849167285
-0.6470741446384256
-0.7469839493959665
-0.7307614671434445
-0.8686894956618051
-0.2871704441062939
-0.7101116549620423
-0.7960097706785099
-0.7090584312112302
-0.8620622628274432
-0.9189276912449375
-0.9302002840332524
-0.9085222952754279
0.12654635842152184
0.4047930297133
-0.38050467057077464
-0.8061162055353335
-0.838041006774348
0.5711675581238911
-0.279558861785156
-0.5397058986109257
0.4406607002357201
0.6618560449614022
0.9338321628545141
0.877268240420122
0.8695114129953769
0.8643683615777096
0.8678014198432256
0.9146416959933559
0.9398958332810592
-0.4697179147209609
-0.11434523596274193
-0.6616590685697263
0.40657606468065954
-0.5225160500049104
0.621464337928455
-0.31836520867227946
0.30789625196841564
-0.5765790051987598
-0.6777824318021308
-0.8674822437575291
-0.46286954949415804
-0.6707323216650807
-0.7759217363040831
-0.24568928360304554
-0.6537026781019539
0.7464448503882628
0.48165847532078887
-0.5126842887204955
-0.0817368921836481
0.1023432072919439
0.008825431315597543
0.6703671833136466
-0.4056809345116702
-0.6926860795879282
0.6090436592766912
-0.7566721114552344
-0.8896919285180537
-0.9440320266370122
-0.42099399323269004
0.8293844866569966
0.8904593731193633
0.8912549974964912
0.33081646743772786
0.6390187271060248
0.7294165225189158
0.7738310669493111
0.08553782582009761
0.6092092349529936
0.7358280629272891
0.8896897001431134
-0.10246583675724685
0.7034755864361071
-0.6377282380527807
-0.840723826863457
0.47535655472368155
0.1130943849242616
-0.7698099704646305
-0.8907656300167306
-0.8943445825310581
-0.939552585497586
-0.907007299327037
0.10963196526055508
-0.750808736412477
-0.8678514212070085
-0.8632630245720145
-0.8741296457507304
0.07709291950644714
-0.03950600481996802
-0.7493305845999857
0.5157814052614607
0.6728811649405761
0.7501930344594951
-0.17281566512716717
0.7541843884218564
0.8796586082055418
-0.32504617474551034
-0.7996891722728994
0.23434057376219375
0.5661271078379273
0.7971737032372481
0.8288603438098296
0.8405938459742066
0.8487493874745677
0.8975521158985278
0.8932783125070025
0.9189825226165773
-0.2967869852985685
0.44127164794614204
0.9088868724560788
0.9178418279237182
0.1546383354537182
0.5104501096379495
0.38688945577871947
0.7885014433863171
0.9151139075805297
0.8800367777350007
0.8880053139313548
0.3987924974147541
-0.7224878846477456
-0.7731254811836823
0.6469867237184392
0.26157121042347864
0.6505226550869094
0.7359732549573352
0.8347419674613705
-0.44944653286480607
-0.3435323316965111
-0.45036538465001474
-0.6155049216420412
-0.7755313787978504
-0.8568819032662709
-0.7402894004865862
-0.7911322253329623
-0.9026956720477851
-0.31320314056627985
-0.6048288944216247
-0.836732162142767
0.4468888656895109
-0.6066687375667598
-0.7810402270012278
-0.8003484323716143
-0.8469530347708625
-0.8852262352131326
-0.4186267494610445
-0.7878759929817081
-0.8094226887866081
-0.8389972944286419
0.5215590160653913
0.5207970153684953
-0.6250511058759154
-0.04336974217338607
0.7619676992348585
0.8209434295710196
0.8619291498235844
0.850794547256573
0.9264202096890255
0.8158780969942414
0.8245527306176978
0.8747470660595431
-0.4044233770965717
0.7897370246773769
-0.5416827851620748
0.44177453112393295
-0.8320167342993541
-0.8264887367651883
-0.9109142207018898
-0.9272941229345661
-0.9261074932571256
-0.917007394675933
-0.34444163965482666
0.021077285651412536
-0.7570051478708028
-0.8216530060000609
0.4829385664675683
0.2695743067433709
0.7022346804547726
0.6267027098932139
0.8031004857554354
0.8785322761992183
0.8562017931923085
0.8633888690353964
0.9025176918774411
-0.22631739981377308
0.09472459014018231
-0.12105717142859107
-0.7844937772940648
-0.7767006075484988
0.329926731155076
0.6081608099076632
0.7091504079753372
-0.5839834102854087
-0.7837886035815762
-0.8797826093245038
0.30196087225807067
0.1045879049587819
0.6109761249590957
0.6568947619766217
-0.6421029536443217
-0.788409091247303
0.2856361773779148
-0.08061418532910869
-0.7276689469327565
-0.8080035434389823
-0.8856118997900899
0.39784428913745895
0.686055152622822
0.7965310134112082
0.8367135501361846
0.8708969419712305
0.013661060341100262
0.12026332726570299
-0.8053699848612204
-0.3657176764122929
0.661254398784408
-0.47876195889369644
0.711177398246567
0.48474422618332813
0.7898148395622135
-0.6216484349273246
-0.848691254647156
-0.8755643703049246
0.507656341319469
-0.7813197591328513
0.6368125131712841
0.8935082316979397
0.644533818142303
-0.5466549618850368
0.47104168974201643
-0.5707292319062608
-0.6883599889818603
-0.7901347118009321
-0.3054394075224274
-0.6856233459775047
-0.7101745117848102
0.5909528617575701
0.7051091685891167
-0.292477684808625
0.803410454489647
0.7735159016961168
0.12726841543198564
-0.6152171900115229
0.0804222594664965
0.797906449719598
-0.6225766661070016
0.7002708523519532
0.2834170465459105
0.6169644644802128
-0.7514810717330027
-0.7529497171243846
0.20150188570787653
0.6681895950655417
0.8043793367130501
0.8196332819318579
-0.2480265852062925
-0.7304310524916118
-0.7897154938484786
0.469010598522686
0.6521287767028399
-0.36958218921524355
0.8926789884812871
0.9248012629214388
0.9041249550065169
0.9103559499177725
-0.41875198089706045
0.7934048859401446
0.7457798002657581
-0.466377930473584
0.4593930203193617
-0.48363603648799824
-0.8136098152000701
-0.8780424905946416
-0.51816993084917
-0.5549017895496624
-0.6852596838232838
-0.7405520933980534
-0.8847999568937833
0.49085305962192183
0.4417715609435626
-0.10308902425679412
-0.6650023532738951
-0.7222837111145919
-0.7664689160858245
-0.8948978097792666
-0.32827673143285774
0.8569193583954613
0.8380400555297716
0.9260288241976102
0.9044974535061368
0.8968364487969214
0.8946063142948262
0.863051781066773
-0.40426732178445024
-0.6040221508850842
-0.7424659087935406
-0.8774868138289378
-0.7345592631288995
-0.7782138469400806
-0.6971846296508275
-0.41705841102720953
-0.7096590488809531
-0.8251985377639209
-0.8773224448435025
-0.3299428193094148
-0.7897251529148667
-0.13103486154427335
-0.6377334084974167
-0.09935065220692141
0.7469427545415175
-0.5101528540078442
-0.6460202359909009
0.7671639429848014
0.016392683702714184
0.6897600232733734
0.7629118538656965
-0.41661337541814325
-0.092537834014913
0.6908322369112099
0.0641003003498497
0.6838995717089176
-0.1549877399650026
-0.7448138736819017
-0.7687494097361345
-0.858237782681216
-0.9096436813652258
0.23962863874132334
0.5997600983414098
0.724382719948522
-0.19893790019068258
0.7486113030795252
-0.32473966073792604
0.6923711664314571
0.011344212123342023
0.6368391709207428
-0.5823036395571456
-0.6746516126008397
-0.7369049504293098
-0.8655626026200334
-0.7782205609158435
-0.44423413286880087
-0.7199690707910231
-0.8908023506701122
-0.6226855884337452
-0.8329406119905459
0.4278423630512076
0.5746769677087835
0.7418967166208184
0.9257858649733763
0.8942173522925798
0.9000908044814682
-0.08709065645967606
0.7374420076677297
-0.3332683275076199
-0.7597273915160214
-0.8238738088285641
-0.9131110144112011
0.4145395975194419
0.7771572349393501
0.6984375455975114
0.7616115902273952
0.8338512367925399
-0.5637549530628146
-0.7657041021446377
-0.8860824591854671
-0.9192200177641504
-0.7119825388089023
-0.20467446852463245
0.7762780423908926
0.8184574537718865
0.3274484763747023
0.6176445925456129
0.8228186249856129
0.9260647478848769
0.9027125079937566
0.9321195808565648
0.9027658757719164
-0.05846971149991642
0.7245097734299988
0.8957460249309146
0.8485383719243711
0.2903895929222131
0.6197264346399967
-0.696945645964769
-0.7527395794177112
-0.8580937589240645
-0.7443872211804032
-0.28022065475157
-0.6707384818702578
-0.8320582898016826
-0.7681552905804045
-0.8068651882167324
-0.9071818486908024
-0.9013276755802261
-0.9369656119528307
-0.4307219234687343
0.2034681568572021
0.6018106255099984
0.9051122483728093
0.2243146916119385
0.6747364248346424
-0.7322898731093718
-0.49819510159532077
0.7693683478634128
-0.5610910153846196
0.835851322626525
0.8496231861090737
0.8631211521371862
-0.48763470998953473
-0.806714928726122
-0.8379425085202507
-0.0909788441362831
-0.7898829214314174
-0.025866122084867715
0.6812066315065217
-0.598995889580454
-0.6952231894451061
0.64722642597275
0.3180286683268949
0.48534859649830886
0.40802137360654145
0.6343869781615052
0.7205683518894277
-0.135926130071509
-0.6456726677985316
-0.7875012481834482
-0.7375204219479107
-0.8579546148695814
-0.9267481954030442
-0.9649733985184112
-0.9593972871658178
-0.8410382284167432
-0.8624589667690805
-0.9280211305922804
-0.9537513098315736
-0.8938156897568181
-0.9219736210208104
-0.9206173137877386
0.20004009315246862
-0.7648516688680636
-0.1510576876841262
-0.6952929945315569
-0.7336966560962233
-0.8210095507631948
-0.8376325491678748
-0.9179719350189814
-0.8193299860331619
-0.6265960516879414
0.724526450871464
0.773708704484823
0.8108331604321575
0.8568290108582104
0.8591655626448873
-0.2936194189115272
0.49057653555083536
0.6871166780655409
-0.7075514127859881
-0.7660725244613945
-0.8959477257012038
-0.7831535364945461
-0.8159910315354129
-0.8957412296842904
-0.8970661968035034
-0.6296863008854912
-0.3090045332997977
-0.661141424719391
-0.7534344520720133
0.6636228992493753
0.8567306310420812
0.8167594916526106
0.02372337194537999
-0.7727280080687959
-0.8713148604749816
-0.8747075050774594
0.47479904680241125
0.8527971558359739
0.8774381630008943
-0.003962415460882829
-0.7815246724042995
-0.05503441508945106
-0.6178787945716844
-0.36905697381487557
-0.8073190323323296
-0.1415220271455141
-0.4793340746545912
0.8503177980287173
0.8368027915862739
0.8713346202621866
-0.11541003996187993
0.7145782379221219
0.226212864451252
0.6233224143909659
0.720985676991319
0.771317950750974
-0.6364375379708849
-0.7748663030745935
-0.8443235271974772
-0.8805513304529186
-0.9239379574971734
0.254425195852265
0.6489147652077614
-0.2510613927030474
0.5936577540888492
0.7345450311392621
-0.43934833577954646
0.7935087609757445
0.8273327076878765
0.9199851030144597
0.9385188356461174
0.9162264189957279
0.724032881010255
0.908380031267888
0.8774778599446424
-0.2337192430145204
0.1072401595675232
0.5036673351155161
0.7999017638581536
0.8284807547144968
-0.21371568968755195
-0.37368592179627147
-0.6660894238151142
-0.8164123845983836
-0.8182621654010815
-0.8503557182782968
0.5769190236967987
-0.030740037427657185
0.04316717614183685
0.31909287765248107
0.6564732029098319
-0.7438897504437849
-0.8806939890223942
-0.892272054490513
0.4808151025776186
0.6767433561314451
0.918789968514059
0.8686346151973912
-0.009321880989934694
-0.5762601694176356
-0.4958162543708412
-0.6418623264132577
-0.7129551197623798
-0.3671997833960182
-0.0020173739875868346
-0.7358210099753836
-0.8549935351412324
-0.8108453748544417
-0.8115008172000902
-0.8813972500972054
0.3421131447757071
0.6105894921720993
-0.6416463861760724
-0.8457144902926929
-0.2936714206539085
-0.7747909785760239
-0.08443346700094057
0.3361624311949287
-0.8025079412180451
-0.5755761023189694
-0.7351939149460773
-0.8822745344655614
0.2122422640865127
0.6611703575328209
0.7791123344472881
0.812774511774703
0.8296032421363453
0.8359265935020164
-0.5724809965946033
-0.8338662670831862
0.050130165775948976
0.7286005400711755
0.7709919926752657
0.8643714439190437
-0.16346524692871267
-0.7785085470842091
-0.8488707633919415
0.010138906188291275
0.7878820168735432
0.023112519952337873
-0.725646985104708
-0.7986352704327283
-0.8480637902485053
-0.5575612521562242
-0.7564725154584142
-0.2597637865614987
0.5459567060289061
0.12478016766375344
-0.7640706083437212
-0.8329913927826809
0.3545022643199851
0.7390946734323454
-0.3443720119077809
-0.6013258972724256
-0.8437424474124009
0.4375141374746836
-0.8570124802219957
-0.8770934549817554
-0.761873807518064
-0.6224274982020024
0.7094607549887946
0.785790670012448
-0.5538967805225476
0.6808906904327483
-0.6650441240212166
-0.8601480430105996
0.41570674452238565
0.3404837547817412
0.6426002702484692
0.25169104299749856
-0.3008846215928166
-0.7948303183436187
-0.8281059138449505
-0.8542122576716535
-0.7271485536402431
-0.8860983991420068
-0.2754703018128589
0.8051750165204268
-0.08297818695351444
-0.6750516126378512
0.7543145342866164
-0.6809827869035233
-0.8324000200932586
-0.8824270919901653
-0.9122404216464455
0.3605166090216949
-0.5848068343652555
0.6113632292041673
0.7477584801056922
-0.20943347889910668
-0.6999276122244719
0.5060808932187317
0.6819076849994146
0.7842630231557224
-0.456909504326527
-0.6244120584269592
0.12869127955801485
-0.6874057789701271
-0.18568716652002037
-0.39074985237036153
-0.6736755743639034
-0.23119291309530088
0.7824613064399615
0.8135695939984795
0.8717985176113499
0.8872419521409398
0.8969971449720751
-0.18364396461612353
-0.7859086075794415
0.32091173644902415
0.11550196655693923
0.6427364668251052
-0.3468690974809643
-0.797474508523107
-0.0825194537661964
-0.6927948888135891
0.40381504827631787
0.07404692495930876
-0.794915624613544
-0.8919410961983204
-0.385611505809502
-0.6078424760453854
-0.04136911920500963
0.21869144885631986
0.452724644690502
-0.4350735263061164
0.8674484895545087
0.8418223770355391
0.845384850433446
-0.38528802934048156
0.6201866977250625
0.9488582081352113
0.9012512356742541
0.7887443142020187
0.8098897183930955
-0.541480041414929
0.8374893719318786
0.8218979128897197
-0.6187649958012569
0.5606034935039697
-0.14018639451563497
-0.5501907556610913
-0.6157729707085878
-0.7749274281096828
-0.8689767359986035
-0.4258486926621561
-0.17246043349251616
0.41650254890795035
-0.7767513238753487
-0.8147563301650741
-0.6045392755631818
-0.7145897583827473
-0.2656931521887409
-0.7824033830221664
0.6471313868781483
0.7518471377552223
0.3659920112502666
-0.11721836321698131
-0.791019618406168
-0.8131243390552867
-0.3225501882369801
-0.6488353319939217
-0.7089710547895589
0.05457205855007974
-0.7756726977791732
0.28934290955237896
-0.699921025537298
-0.8727909508573225
-0.8650934513319093
-0.3823925282254189
0.5949326212634178
-0.5097334645775629
-0.8228379809920003
-0.8941079818251465
-0.899860947650216
-0.8832684442018162
0.0823321859874484
-0.7622784197641709
-0.5818772804010841
-0.7324487658439891
-0.8614303350909245
-0.881991790134892
-0.5171051363044555
0.36560486073422127
0.5867996907467286
-0.7164900992207438
-0.8105694278399123
-0.7954077437412738
0.6133826808584257
-0.13977431052412248
-0.7683984150707501
-0.8683883935652597
-0.9400237053533385
-0.9582521621081256
-0.2698531868127425
0.5213984751428187
0.444050228182278
-0.7982459501906377
-0.272849649104674
-0.7784383558744621
0.39011518845012993
0.6258832026976642
0.7102928766203711
0.591421826951412
-0.10450125139842403
-0.6833076753370201
0.14054451177839788
0.6821631351979751
-0.6925299561920858
-0.8281981771986716
-0.8867431497591847
-0.8806222205123393
0.27934168464429865
0.6160021219353911
0.8068876387894766
0.7918230949825362
-0.4679030363964538
0.7189562514898489
0.27080644633892637
0.5241189352433464
0.2984639882056468
0.6220726223796342
-0.761739447491069
-0.8857514638345522
-0.9228722054869051
-0.9475355554750743
-0.9339651606097329
0.44237353533842727
-0.737785322935
-0.2448764416387038
0.7460363078366492
0.7977323851418472
0.9034051024583576
-0.20252758126782766
0.5460019732773551
0.7154025755549287
0.7753641179242285
0.33461637214693085
-0.48674641205085756
-0.8151339373971875
-0.8809943260329205
-0.8567443134373418
-0.40943910806930617
-0.12379343538566512
0.7109977388054125
0.6605234653908849
-0.3850302487283098
0.8011905539312685
-0.6001841374299706
0.461581558319919
0.6457123626265711
-0.6848480892472419
-0.8348852949730499
-0.9156009635115855
-0.9360415859260249
-0.9116146732548838
-0.9444685749663293
0.1616911258601963
0.3110857608267774
0.6524176913107562
0.8559336549918077
0.8964644548602574
0.7367866958730884
-0.561354692475062
-0.8343918965296497
0.5416326221690817
0.6872860176233475
0.7438667885386878
-0.6837163647761522
-0.7660322521356531
-0.2448230313832166
0.6397803973248632
-0.6901694706921537
-0.30622768447296667
-0.5527299434089863
-0.833774285612194
-0.05438291455115252
-0.4899283918759647
0.5995447938593963
0.8586245632053624
0.847588629346733
0.8498052730078021
0.9245182778637777
-0.51217933107897
-0.6501119527611214
-0.3647791129400607
-0.7870348196057018
-0.8570849699052141
-0.9207735782994314
0.46617398852489145
-0.4989165468014246
-0.786531958878143
-0.8239928678500743
0.10111172481857245
-0.7572332814420766
-0.8751537971622046
-0.8823860211537377
-0.12171336199202987
-0.7756151646743452
-0.8147059840038722
-0.5081933290110388
-0.7467029817900537
-0.7854856344969201
-0.8479506336206395
-0.7963822437001961
0.5315522377682578
0.6813178515658362
0.7762069987982443
-0.6229307528255286
0.7755935934008509
0.8349775126214434
0.8608007775340616
0.8629878729471507
0.8628778679977351
-0.5164547329111031
0.4985029868177926
0.6641764036312083
0.37888572300879764
-0.7540162505719029
-0.848924766278201
-0.0012668041469841018
-0.785808760432833
0.632293335997278
0.7301010670722323
0.7935844186104057
0.9104550622454064
0.9113870434396234
0.7629456539137651
0.850323602097208
0.280469091703881
0.06144086316661013
0.6269997788259036
0.5191698419112201
0.6870633122538272
0.9218622232182563
-0.05166840620395874
-0.7717147431810252
-0.5791279788834255
-0.6092294811685753
-0.7052837937492169
0.21649563818283069
0.7387192320614666
-0.43108308949258356
-0.7420986868694346
0.5172346180604801
-0.3378974127118769
0.5266767366844674
0.34062110827085723
0.6571937443664286
0.8187478708178932
-0.1953516510936737
-0.7127625692904089
-0.5532392877687683
-0.8382056746483064
0.29651863742490603
0.7247445054612536
-0.5040055273869579
0.3991405590134187
0.7532478813213503
0.8619545204785202
0.8738228352667055
-0.4433951005811536
-0.718762361158791
-0.8387432255175102
0.07106363584543351
0.6140741015465396
0.7568787849735763
0.8446888952478959
0.9280478928671001
-0.37377539070403565
-0.7045693693871035
-0.8279605822985905
-0.433202030150157
0.8703361489027035
0.8457461386082537
0.6272921088996768
0.7366312450467374
0.8046078414310134
-0.17072878152576454
0.811764307132183
0.4569674584047996
0.6666903314747101
0.7952960887163407
0.6019293267386956
0.22016672006496418
0.5573363581422992
0.9037597351593503
-0.5596678152999421
-0.6817486327266626
-0.8290769924914314
-0.9039365477310333
-0.12443031003337912
-0.6518813616293437
-0.7145868615995445
-0.19172875652460286
-0.5242919249549874
-0.8187125544838794
0.13531026572537752
0.018091397895555028
-0.7429816327654113
-0.8258973473030589
-0.8576501055449012
0.05450253288311169
-0.29647117566115067
-0.6880815486475604
-0.8485582975669119
-0.9127198988508235
-0.9402365652723261
-0.9267911652491018
-0.7277691280991782
-0.8428527611166416
0.026673255926126904
0.7678867959465958
0.9038587385782488
0.8657653023912455
0.912206197351181
0.8714189581088316
0.8647433604135382
-0.025318709919779137
-0.7534380183038234
-0.8136702914328221
-0.8312994466776686
-0.9102535971956618
-0.9054573847489753
-0.9251353978328104
-0.9402047385853545
-0.9235731738501127
-0.8019300656737438
-0.9102366312708055
-0.8187895003837171
-0.9060475947335597
-0.9275713651799584
-0.9471651937503123
-0.9555731882873555
0.3091131623764347
0.6487561736881056
0.8739093908006912
-0.5538073528114599
-0.12352312013412625
-0.7652188280322904
-0.7747189329725861
0.3809347902041462
0.6260840188481975
0.7483424430946843
-0.4548173314687429
-0.634311561608714
-0.7078435256170663
0.052055404326623256
0.774502896917804
-0.32095542469386984
0.8042797630069543
0.8918408127131996
0.86174132915812
0.8642477585920414
0.9256773022186393
0.9048562346142801
0.875888536334418
0.8855500277471822
0.593643464610409
-0.7076665353689706
0.07423108257238109
0.7100539819964415
-0.3421441174962121
-0.7026955553060986
0.34285804758131966
-0.861574870957891
-0.9150429560281919
-0.5114987165199734
0.7825892125528999
0.8853703180934098
0.8626748611066155
0.9262868620981974
-0.5368662306998261
-0.05600112358762255
-0.46880072330004663
-0.6117228396523223
-0.7354643736505617
0.5023380360158456
-0.834042777023932
-0.901375644065028
0.48350371331421793
0.6627829144631572
0.9241870217276587
-0.5338666675141436
0.3730087274838447
0.6231913439854118
-0.2790805921770204
0.6540872798204331
0.8684071216329685
-0.3775495383614649
0.015323123309553655
0.6310462994342092
0.7954438966059871
-0.4481735699653224
0.7876511934927048
-0.5252619268138259
-0.6876886495928223
0.6333562274785478
0.949235876807295
0.86937718606496
0.8640209310817419
-0.5344002958180717
0.3227990496556761
-0.7180408284014559
-0.8527026743532419
-0.533156655137437
-0.015689954524062744
0.6750789815674048
0.7457413630036172
0.8099511057571482
0.9141864407324687
0.8132705291795652
0.8253465326088867
0.8459640113630313
0.8593075107335726
0.8943208741942108
0.8899043042854204
-0.32850614215564766
0.8019888419864913
0.8321135930948003
0.1343068586248124
-0.7899916598714531
-0.8105644915387925
0.10840367696078146
-0.6954502084298029
-0.7671337488672147
0.5790684795017091
0.8585796868205555
0.8488670093780399
0.21578944720934423
0.6337965120931341
0.7246489089674828
0.7676087669599627
-0.6252486743935878
-0.7165941848549877
0.23073604485924015
-0.2237061718717953
-0.7231305947331598
-0.3739980678909556
-0.6452410590298796
0.35042403058606886
0.61446784624689
0.9481509940006156
0.7441487094054202
-0.057185128070861735
0.7809826291285977
-0.6197477491834864
0.6046732044767329
0.81449591977709
0.789488199830592
0.8293078959466256
0.8487586990965581
0.8435647871878107
0.2862102898985075
-0.7648144948162414
-0.3889346489903813
-0.7138754182720815
-0.3390119759512157
0.8037817873169673
0.40842294638330157
0.06115555134609352
-0.7742498550499004
-0.8935396501355245
0.48515843430956784
-0.5606524987889446
0.7444054681476555
0.889776635493372
0.8909390253006513
0.31020293064334736
-0.6945851539391479
0.15819415955212657
-0.42410470181458604
-0.611998066218654
-0.5594122529988474
-0.6838480033968932
-0.8489139582333503
-0.9204383651237654
-0.9571957342195538
-0.9505149777363284
0.34506024554774095
-0.7809058470843286
-0.897021574774771
-0.8926992850302748
0.4291128849793675
0.21839850068592037
-0.18746612139379615
-0.7701169297344332
-0.8221911933928716
-0.8389453762427836
0.5565432392495948
-0.7779552566163499
0.6316353930604381
0.726671239542171
-0.402598947969807
0.5756710374782077
0.6908945366144652
0.7447029484142869
-0.6747661838002104
-0.7452842026427461
-0.8773417945441421
-0.9359485521419854
-0.9588319807099319
-0.012024742552346979
-0.6802077620098907
-0.020880355216019275
-0.6103110319035269
0.745432712407303
0.8056240708942695
0.882083270696022
0.8832087819457555
0.8554864731263505
0.879072567944974
-0.35821352918157967
-0.5866846537450912
-0.6896285461696847
-0.7960725849600114
0.47456646667870306
-0.606334105889281
-0.6518265704155215
-0.8691155998813132
-0.9093791386740611
-0.9102486882556159
-0.9028574453136078
-0.9353408904060406
0.44528297247824433
-0.31243837587011825
0.617344033426142
0.9115609967108225
0.09229157717072911
-0.7640902043337073
0.27133334796141484
0.6114839997154349
0.9223391909162473
0.28907914270330326
0.05394968421576629
0.6118774608251583
0.8241185829998898
-0.18327029573399256
0.7858805554734991
0.818947107350458
-0.15463080073555824
-0.6611302153135679
-0.7230985824899855
-0.7666174732743922
-0.6373004462893703
0.6719091583602259
0.9163603895517776
-0.5920330069772369
-0.8396533878045257
-0.9188516429114186
-0.9265615725092124
-0.9499609770589377
0.43132459049676286
-0.29018547152570895
-0.6568151489774868
0.7339278365685165
0.7767177436212704
0.08223293137284804
-0.6265334390746593
-0.838665241133576
-0.4070260097854955
-0.6267801346281561
-0.8583760698748183
-0.885828245813916
-0.9134402492856845
0.4493265090326013
-0.7403092148798627
-0.8720082742306895
-0.9302357869718483
-0.2630466949507445
0.10020630822001952
-0.679215901284588
-0.8717357420080996
0.4629824568746832
0.6504253819372601
0.7259504730113249
-0.2732787158362293
-0.6046168397299732
-0.7149840421879265
-0.5829934889151888
0.6458017205456981
0.785392897086574
0.8226715388452923
0.8590157744681006
-0.46067050037635693
-0.612653825714327
-0.7621018723077699
-0.8127587524645723
-0.8515260098766108
-0.8656954622741292
-0.9069567180552217
0.03008328970668317
-0.659795427107357
-0.4817435587554929
-0.3989227206353807
0.8877432696816085
0.9253338285971147
0.9061296415180289
0.8962200552723614
-0.5530511384117675
0.7864059651427229
0.8102691635494077
0.8271785037331507
0.8952048712115017
0.7797023574162643
0.8884843535051425
0.35114518524721383
0.5397443703178257
-0.3560276757704446
0.8170802059804652
0.8434534068915198
-0.07118778688140082
0.7156939157771094
-0.5583194301856625
-0.6704417998667062
-0.7320013124699489
-0.8108858855564701
-0.08063771343862558
-0.7335956154381289
0.582265715001719
-0.7657020127972758
-0.4334075958767867
-0.41217767330742205
-0.6189137122476309
-0.713249351365741
-0.8576887958044297
0.4856416331578477
0.6582058706731007
0.9140840681149038
-0.03314832187467309
-0.785758080985358
-0.8484045855250808
-0.8940371989326683
-0.888048580561518
-0.8904587715240037
-0.27090413931397583
-0.7297489414031375
-0.7466030085671465
0.3926755245533975
0.7128251506489929
-0.4316142910470757
-0.6272839145570237
-0.794570759350337
0.4460632570859626
-0.6492455639951293
-0.14709225410440407
0.7590391208009879
0.8150054377887346
0.4393007864779519
0.6658228420996426
-0.3302882647047438
-0.6915767349234714
0.5685499077297584
0.7331377137314101
0.7715191939741965
0.7852357062862296
0.8928912115729255
-0.461504049288993
0.8132587223084635
0.3434301623436129
-0.7299540937422435
0.3862953548590824
0.6568963619706343
0.7865760737701522
0.9023381710812735
0.9342381078712498
0.292342998590698
0.6825465429245086
0.8280716961179595
0.8445300582682251
0.9126780577488165
-0.07426586777016153
-0.5981456895857694
-0.20008587989633153
0.37909069577058396
-0.24274863181845519
-0.7720806965020617
-0.8569812748004757
0.5106299672558667
0.12988817147560172
-0.7750895956971964
-0.8052743487514613
-0.6052233256289037
0.5358252755100001
0.910353177154513
0.8948249398960391
0.8873206076102775
0.887431710839234
0.0639990250131981
-0.7612591469341651
-0.8325926960117013
0.36978622040662734
0.6398343477924546
0.7264304463393205
0.881175664197398
0.013068810105488327
-0.7414371342036084
0.639644955893736
0.729922621290338
0.8228205489164495
-0.3647715281208693
0.10680984791975545
-0.7841605828437466
-0.8071319757138178
0.43540460419045357
0.813605473908058
0.8479795756173361
0.8597760856737329
0.9277316231379666
-0.04807200195267658
-0.7815259799856279
0.5982459879188902
0.7811149527975549
0.8922425692971685
-0.12678172042672708
0.7400537833051812
0.8126343024148635
0.38805689373881114
-0.8603043479130521
-0.9045061388017996
-0.9247807450263927
-0.9050913275601582
-0.9295554973532206
-0.15738364738004773
-0.7729659405770315
-0.7901080431065208
-0.8243407820098518
-0.8374728288074367
-0.844449731059227
-0.8251780455394012
-0.7961064112800796
0.5689796505575526
0.8271896878445082
0.8298264811362115
-0.5235422971986133
-0.2473360312048739
-0.6431393198084212
0.7689978736344396
0.7880538947866651
-0.2258148860750544
-0.633807072269336
-0.8534726621770106
0.4424743636280759
-0.7657415137629022
-0.21465588603728625
0.7956072787984294
0.2813802528035463
0.6343962740048734
-0.5938004156172901
-0.6399820589811769
0.7120720528499509
-0.6288470444722081
-0.76366753068982
-0.8648456706978722
-0.8800605681375577
0.06167027924489932
0.714066568020437
0.9283516274734667
0.2584322976254445
-0.5378380079668506
-0.4350484702705899
0.22446353244868522
0.7333793842380631
0.47358020541818324
-0.7122240622070908
-0.8488119239710508
-0.47947068682082006
-0.7635517739998762
-0.8807704838815398
0.3664933334365468
0.705956205187507
-0.670598576667842
0.2894208385960264
0.6080632080160777
0.8461980508668716
0.8420757653541742
0.896886952088447
0.9373575185888114
-0.44590639657191733
0.6696876921552233
0.7297150337996807
0.8920412502895676
0.9266894404282278
0.9045078310087513
0.9334417904983576
0.9383974229224052
0.9062509771236194
0.9024714580338897
0.9307154215879043
0.9051104183280909
0.17902147693918735
0.6391078969348525
0.7239177089929194
-0.6476827598518013
0.1711608355969121
0.1008464321916438
-0.2766341366585482
-0.6939343278756596
0.4381630046671485
0.21121673717570077
0.6052469951989321
0.8414366797315813
-0.4786192380427101
-0.7108426064676479
-0.8660667453362288
0.4055646663575123
0.7167239973582951
0.8265737635064732
0.8486023740378945
0.8714308347664617
0.654419053819614
0.8979405289674434
0.8496690717352153
0.9289356689171466
0.9059290968761835
-0.44316512937366737
-0.6495326182697048
-0.857035951407557
0.5370235093730973
-0.1973360633857446
-0.7042859095399683
0.7565923621918877
0.19333126991403304
-0.7912420617791943
-0.8338572310345203
-0.913960523131085
-0.9005419246818422
0.4999708114103656
0.8771627379693565
0.4175856697133673
0.7612864313192647
-0.502138960033398
0.7720313170508135
0.8101359982604004
-0.14456382181921246
0.7373807596679969
-0.03613694273782264
-0.46535898823889865
0.38483093772097043
0.7627067932331666
0.8304571059474815
-0.4667497639761571
-0.6180235690158474
-0.20722045090949648
0.31562744904731654
-0.7252118991596544
-0.8012626494911117
-0.8176389381374898
0.2386053522456031
0.7420133741329971
0.8295498923526756
0.8391993007634413
0.8835608351801469
0.8608992158413733
0.8043764416863499
-0.30362583817941313
-0.7837328891667319
-0.886189266507726
0.48378139290459043
0.6942409798961384
0.8114164576608043
0.836199736440602
0.35781977531944764
-0.21353910231166695
-0.7389412141523461
-0.7981992307749602
0.595347000439657
0.7051031142426578
0.9045498411204367
-0.35633192882915954
0.8471107134950091
0.8832190468084575
0.8818224072719483
0.8647283953850906
0.8539988901173496
0.7067711186298702
0.7664088384264094
0.8886075412775205
0.7616633751884092
0.7950328240182827
-0.021186630794674643
-0.17788531453379086
-0.7486057054121229
-0.5061519462239004
0.5402594383492816
0.6728408973221309
-0.5684462805703748
-0.8359029749899324
-0.9001679576821854
-0.7639215003734319
-0.8237697021689091
-0.8461119384440383
0.15792872139036018
-0.8295432226378059
-0.8982007094140806
-0.9462360568159661
0.3142231662679438
-0.8614901048648578
0.5119824777970836
0.6706617924273839
-0.5134718788679741
-0.6744866943227634
-0.8628892014927318
-0.8961927019861569
-0.9036948514566464
-0.8162251291257707
-0.8777199932255609
-0.8744924505176975
-0.8778046737341726
0.4773872896042348
0.6574841006042271
0.9319749778594484
-0.26856667833954784
-0.58927838117012
-0.6862731270490601
-0.844826427170791
-0.9224054317615152
-0.7599695873294217
-0.3614306964531774
0.7608100245817546
0.7819823780877775
0.7203180405110978
-0.2795843319568776
0.7742053651138783
-0.16494007923911258
0.515511294894434
0.7457191485351182
0.752430294771667
0.14771087058977495
0.3628042237096132
0.6328268995694752
0.7770774379127863
0.9254771252341585
-0.2613283358741728
-0.6146451416969105
-0.7175718482515729
-0.7945895710048319
-0.7270742877119892
-0.6446079155105118
-0.8626594751980625
-0.9362578003887565
0.4085620337079521
0.6554268659192299
-0.43134523430944804
-0.6646381482060434
0.6611689234038056
-0.2713005517026643
-0.41278751729061525
-0.8081656593408277
-0.9025005114913028
-0.9478276219753266
0.36022219216551354
0.5459025842383989
-0.7387761671794355
-0.4122885160577149
0.8590770664489547
-0.6212750342083868
-0.20863871863933547
0.7328407501174292
0.7956547414277022
0.8218293915342039
0.8655277060174191
-0.08686855475437794
-0.7126563739159756
-0.8400330738771721
-0.7421547719757786
0.46256955857381166
-0.787679747390474
0.6503284776795091
-0.616078147683218
0.6783073826088533
-0.36084002728227815
0.7742028522841324
0.8861610065357173
0.16375270916614482
0.5282370770402065
0.7589794327721597
0.9068853050291903
-0.4473442107225305
-0.7276960096823597
-0.7507662018964993
0.27474481505658455
0.6359379573673694
0.7354200232273689
0.8690355531619045
0.8603112652804787
-0.07636129459775587
0.6897740583696534
-0.574125959597687
-0.6654687385660815
-0.8071619282592344
0.10539380758132788
0.7608503189414189
0.8127118130092699
0.29634538879190897
0.7310338789297262
0.4349900042130046
-0.6381528850954854
-0.6194593804159192
-0.716052722640121
-0.8103274928552386
0.006899433805980237
-0.7840888635220973
-0.8091262061070617
-0.8257751207870301
-0.339597968372537
-0.7835211759582346
-0.8303709058186381
-0.856939713708922
-0.8698683490273
-0.933148496982047
-0.9207780645335899
-0.6092864431157669
0.6564563679503297
0.42477440601988325
-0.7751525823757954
-0.849150294775586
0.12820803867934982
0.7186431246770679
0.9316436379620749
0.8073069554974099
0.8202904703491702
0.8407891181674305
0.8524200715660775
0.8611917023286251
0.6499769921233984
0.9336400132379863
0.8587590403416496
0.8607067543827689
-0.051109554442964056
-0.6780319092002505
-0.7442080666412765
-0.8878990875296657
0.41882281610099437
0.7512634444066206
0.8158962043604687
-0.5219713247303279
-0.8131016950355325
-0.9241096468564484
-0.5565781856269734
-0.7912164345890276
-0.12135924334313897
0.5975553305354888
-0.4509807688940731
0.8001313694577796
0.8246789238288328
0.839759274932742
0.8538036548891359
-0.49643674818908734
-0.7112888143940763
0.5238682876183276
0.6783038271962702
0.7526494726345547
0.8329213779146534
0.7588386981243049
-0.6386638771431028
-0.8531106170373808
0.0924519029129165
0.640523007544773
0.790029493380612
0.3152758118505956
0.6147901384090211
0.7187468003838917
0.8636382766360007
-0.13390998901651663
-0.509793743503533
0.7697098985468278
0.5295951399337682
0.7021662240952016
0.8458289875826652
-0.1202611705525456
0.741255808956776
0.8143514447616857
0.8485172031834434
0.8879395958989345
0.6582032229446229
0.7340890054601068
-0.4525392876123878
-0.642924519241644
-0.7280165910423874
-0.8842751998768709
-0.8886944770174907
-0.9370373087452304
0.10449409723521574
0.492614721230604
0.9341155682691222
0.8541082338451602
0.9134978563934926
0.9024055347898172
0.8658277715057461
0.8845482596599041
0.8346047313409157
0.834481725349288
0.49844286315212005
-0.8227237118953135
-0.830436139188615
-0.8319166674202116
0.5426797751545873
0.8012849323423905
-0.0535171066771869
-0.636118077401131
-0.7573006555016333
-0.07289313930692165
0.7325594041456163
0.0845258895096006
-0.7340276315387226
-0.2420394176337225
0.8016887951143232
-0.11270114979310097
0.7050424095523131
0.7832158298743379
0.3601124712033277
-0.8766407559843534
0.530884416136918
-0.5674787739027699
-0.8307839091360277
-0.926672936930893
0.43571477260921654
-0.8280076013839683
-0.9058678389515467
-0.6600155030601682
-0.7299970531057343
-0.845563686228774
0.5438791214979584
-0.5925959076809305
-0.6955609649399481
-0.8495403551557456
-0.4605715901883989
-0.811534744947057
-0.8432362709752116
-0.5336320081227582
-0.657574738001433
0.6396611123916698
0.8846942686162922
0.8624495616424157
-0.29232987811346733
-0.2866075032041667
-0.6590299539220084
-0.7397684610157469
-0.8454991508710505
-0.8724049399687228
0.5387252037137207
-0.48111881590310845
-0.6613167825191923
-0.7215448868861436
-0.7827211820386032
-0.24347234389905492
-0.29040101039785937
0.7993962091911104
0.2962933060657629
0.6569313993470502
0.7615723509119179
0.7613427398689971
0.8752526565015282
-0.1964340059768689
0.7738685876489544
0.8212661493291742
0.8615443995189884
0.8840141683343381
-0.0642486275629579
-0.6990561310007543
-0.8524194698896459
-0.9117162960192313
-0.2673094427793399
0.11943890463517226
0.6223220003295138
0.9471339730421513
0.5152231520416302
0.7256292794300923
0.9084243412486517
-0.5858334707572725
0.5282970160212093
0.6825952871689835
0.769707753286546
0.7981378248054876
0.9210220643881266
-0.5335086467710033
-0.7968787886179076
0.3971972743940744
0.7646402437304831
-0.342499903681194
-0.6385625172282287
-0.8177205217229173
-0.8506911140091156
-0.9136765971592987
-0.9447160188636595
-0.9580461362001559
-0.5754152424971529
-0.839963573927131
0.5321557762588234
0.6931211034568372
-0.6084033285392927
0.10030259587603996
-0.7764607158745424
-0.8673106472448908
-0.9300011667529038
-0.9138036700547194
-0.8980649110123115
-0.9132450525651099
0.4559551402520783
0.8059588619691573
0.8292711733140503
0.0583970288314668
-0.40958573379090346
0.808469439268346
-0.007962555087332568
0.7921515549864346
0.923913451419335
-0.4794645099735442
-0.6924181721594143
-0.7364246590056598
-0.8027861164439023
-0.8502764833337186
-0.8880705805094431
0.20938930097092068
0.6579440269660264
0.03083624113438166
-0.7724517623616229
-0.1130897584461863
0.4153102246328275
0.7615471536295695
0.9172267367748237
0.4711664024651874
0.662317503667389
0.7350805962485334
0.7361243486323095
0.7759878360108627
0.11934404559330569
-0.7734169259240489
-0.8004822962151104
-0.11870492477043448
-0.6966765555997522
0.608175976258009
0.7149732784723759
0.8809265683069085
0.8421108962481141
0.3883176519074061
-0.8409045396183668
-0.9074572377537187
-0.14231926845316079
-0.6273515024950553
0.5240693820923878
-0.42089356056089067
0.8978024052481173
0.9007808828184687
0.3352148206013543
-0.7005641559436191
-0.12841546051035524
0.7351082054935911
0.8228012885131328
-0.1946343188830525
-0.7757765142811199
-0.816086442767519
-0.8361192490168474
-0.901010129049657
-0.8885759532089029
-0.9167852701939841
0.44356978518790635
-0.7549898210349717
-0.8780731162518459
-0.8830716130238975
-0.38140914454913744
-0.7504069234936119
-0.7733121394101685
-0.8363875908738172
0.5623335768693078
0.01825870314530742
-0.003296925328459155
-0.09861451282016187
0.6594170121769207
0.7973731052555142
0.35218662469145356
0.641647474943879
0.8101339248114121
0.8792428788221069
0.1795081800834153
-0.7742132217321865
-0.8467226538235235
0.4385782910468421
-0.861905683470493
0.35313722936629666
0.6729911920374969
-0.21272978076790083
-0.6658472687350319
-0.7114018995235126
0.42148766523691106
0.6619349074673586
0.12421088814182357
-0.7770287562309895
-0.8027626412289333
-0.37736609854838754
-0.781231836972513
-0.837593247372712
0.5407873416351694
-0.6860633368238449
-0.8704936521808859
-0.799315789148985
0.5660045733120957
0.701249662006507
0.7394576671306745
-0.47167397626020713
0.7378764459916032
-0.33356906344398685
0.010680916683883268
-0.761245104457289
0.05450665596494342
-0.7341951916491313
-0.8121983963500643
0.43682777165022424
0.6409537601127067
0.09186897053028198
0.483338926246226
0.712229269215773
0.8934690409840438
-0.5403457996469513
0.7437533847291244
-0.6489644751674499
0.17428258929714002
-0.7804957426410548
-0.13789458111331465
0.8122203559996515
0.8908532549192278
-0.064560961320407
0.6854071045753773
0.8599250103750631
0.8604404361969236
-0.48385679453624064
0.20598163829487404
-0.5938467859520581
-0.7621277409156102
-0.2960944691245164
-0.164923811073876
-0.7534416028586934
0.61587702774404
0.8366142136580985
-0.6288186742234382
-0.8465388932962647
-0.39759345560331183
-0.7009270544661212
0.5412314099902569
-0.42575082403667686
-0.6617864974234047
-0.8595908914961674
-0.8630775052989346
-0.8847166156472788
-0.8752214113432075
-0.9324789683950286
0.2661887086179222
-0.8441979413764948
-0.8587152903400297
-0.16527503165719226
0.38159828193319223
0.6683398225142145
0.7967082158584196
-0.686554503605249
0.7417089622827107
0.7793096849234098
-0.1769026993432491
-0.6770808369568515
-0.3498625223556121
-0.7177860570885229
-0.8840606428110902
0.17904505934367343
0.6503788755498363
-0.6183080424725753
-0.6896869984032918
0.31094075813385325
-0.07427999072010527
0.6453215818765257
-0.6442740578268333
-0.8516373478562358
-0.912069200365501
-0.3110791930273782
-0.718522304421511
-0.73218592880152
-0.7868656754248464
0.5054902489236093
0.6659649917500001
0.7693532302860999
0.810757112423061
0.6327853771706766
0.006214748420002136
0.5583350462107508
0.88174273145401
0.8569035615448914
0.8541368638582214
-0.2894441057030025
-0.7858809686565765
0.6009296131975592
0.7143532209622034
-0.5769193479159647
-0.06092238522408833
0.7100206675339333
0.25638432655541976
-0.8323527857285795
-0.12820082797728616
-0.011624035349525164
0.6123192773519088
0.7292386480733488
-0.3888615974613805
0.3392649080231953
-0.7591441967010513
0.6295330654197728
-0.7665772599525509
0.3876825661183547
-0.8067971288062313
0.4967265402690635
0.7266191666971273
-0.14918956585747267
-0.7900307955740424
-0.8145137602716696
-0.5033146199806672
0.7108193598243187
0.8135406840866051
-0.29133858240232324
-0.16318374404876745
0.5326322339852341
0.9226712892632531
0.8643249790616467
0.7083554641108001
0.7631996632468234
0.6220378347773023
-0.734495483710567
-0.4129322719704195
-0.6185915208827695
-0.760335151151841
-0.8624442251061015
-0.8638821511063633
-0.801698672732684
-0.9129605218876576
-0.9257400546206183
-0.6094638549642633
-0.7621828051930859
-0.9080714399907812
-0.9372736927265959
0.42587612324934776
-0.6965321962362717
-0.750239914426572
0.2294778008739864
-0.8276389170498037
-0.8964952606248093
-0.2883235738616734
-0.7563354338712529
0.5166048713044473
0.794245566481653
-0.07058083352388622
-0.7611670609923906
-0.6273151589081402
-0.6069228330610055
0.6534474662726701
-0.693530669459498
0.3201430578160651
-0.8169455242390662
-0.8355483765314784
0.2994168181101047
0.6107667544836983
0.7264791625907157
-0.1959413699762006
0.7711512570686401
-0.5706429796895978
0.7182343464608054
0.7973298645471221
0.8360479142818125
-0.5578509674495824
-0.6701827896063695
-0.7280814112445952
0.36209576412592526
-0.5652658625910175
-0.7960702206247825
-0.32701161459222894
-0.6873132587477391
0.4921549044077984
-0.2954141008045771
-0.7587849346470741
0.4563123646139362
0.7349597758877509
0.9289415523121538
0.6633506380258338
-0.1031480022743676
0.23254893769685503
0.6471851164131106
-0.3673726737890416
-0.6198189246524911
0.5844773423025436
0.8261292889502245
0.43752227419483547
-0.8337368202536695
0.1398123205784867
0.6781609742894634
0.3802415856088024
-0.7781964864449566
0.5164678996438159
0.12560339406263732
-0.35422424618672677
0.3223244446503337
0.6355688102817518
0.7216868217469379
0.3378110213817367
0.27781034153346873
0.6297389031336822
0.8941925475258179
0.764507037303638
0.8872562040467638
0.8576725614872114
0.8490009012134572
0.5081951873934918
0.9006000445384696
-0.4718579445012675
-0.4087049111112262
-0.7270057653964729
-0.640075495312307
-0.013255135267041362
0.7910760448783487
0.8664320110745458
-0.5815819293302412
-0.35186290037228674
0.6010363616890306
-0.38768622499957794
0.8065053412654857
-0.18049438431771536
0.7983763923557616
0.1499940817953498
0.07487142966470595
0.6023336558887322
0.7591303865077064
0.6173190094355951
0.7177159874701471
0.9373546038711771
-0.5250908725504024
0.3525487803312686
-0.7680730397266149
0.6270964850405889
0.7227778034828016
-0.6084653481663707
-0.7866987508496068
-0.8595423247644065
-0.8553294909588818
-0.44738829633754207
-0.7131734332024092
-0.06361456715728786
0.7498350101270876
0.29617547485870266
-0.8424462663899719
0.2411823047901709
0.6048115650653978
0.8848992610497182
0.21942675847419113
0.6029140516787306
-0.1508024980224466
-0.43532640647341947
-0.7229460396013208
-0.8288008379949039
-0.019065223403925913
0.767814194426248
0.8972853264206182
0.8895306188511451
0.8104756446033443
-0.5427307748118282
-0.7713597463653493
-0.761895675541189
0.39145592346572244
0.6279355465495782
0.949089338992334
0.9167891314614134
-0.2326665771616705
0.4229603396375119
-0.44097409560848566
-0.6092139014579647
0.5454189973064272
-0.8096032023660475
-0.6515877895695107
-0.8629123682036555
-0.9058471753273206
-0.4024742044026881
-0.06201300584095226
-0.6645470598115715
-0.8055570705800387
-0.822555367036181
-0.8652899777525705
0.09724841827785058
0.7668685707929905
-0.1210827983568954
0.5833439703878598
0.7184146907891726
-0.23420580103741417
-0.7884421556791505
-0.8835000183686339
-0.21613914676118318
-0.7896728440423377
0.26639147012819087
0.6005133268170209
0.1577419697079232
0.22306692621497426
0.6382714831183938
-0.17108014648071257
-0.6723043231969945
-0.7144353733782411
-0.860315389997096
-0.92988314348548
0.39963360422389727
-0.6153436979329054
0.7897178053289953
0.7951033802230314
0.8159698956186854
0.9175984308575518
0.5992047475881943
0.7140910188780876
-0.6555063883278736
-0.3550249294331749
-0.8001539155872319
-0.9176066211061928
-0.9564566743044369
0.15429633141598842
-0.7744943585357996
-0.8620840803485945
0.433487039714197
0.19096455011956803
-0.7992719318812664
-0.8619427581815047
0.1754172605347315
-0.7752383612344587
-0.5473527693416214
-0.7005833035808949
0.4236193479315802
0.6363957898724202
-0.7730806486436772
-0.8631788287751112
-0.9229770576067502
-0.3851789098121794
0.8160756714950688
0.44652200670355136
-0.852215169030557
0.07751805414707724
0.7588999739802957
0.5584744566238837
-0.7941675792428879
-0.6412047608133361
0.570128257663763
-0.6475988489779967
-0.8447845826868438
-0.9069225918365731
0.45352358968068107
0.7111629972127482
-0.2544195684451954
-0.3347583492827969
-0.6789465416844066
0.04594536049590148
0.7479769695266865
0.8127937473675655
0.5083404934867743
-0.28309157558252196
0.8101222759611595
-0.29835946667639246
-0.6166915096016179
-0.5251648376099415
0.8126100783503829
0.42650467263864233
0.833463980931735
0.8538445193042394
0.8779714696902183
0.7158179507239759
0.787716834233241
0.8283951069181272
0.7544962436790079
-0.6449391926782466
-0.7089948121166694
-0.7800721397738488
-0.8321116840643777
0.15084627528949013
0.6191590881570275
0.7611890507793391
0.8420180290085733
0.005724364338172361
-0.7444478331466063
-0.8407141941924746
-0.87591856189706
-0.9259086250246461
-0.9501946788947566
-0.9598300263230688
-0.9274242144040802
-0.9106436467487423
0.3878786558301526
-0.4385466978324384
0.7762557601295159
0.04780536525913193
0.654160333548115
0.7547577028163792
0.8291881546631712
-0.6399733694347822
-0.699926231244147
0.41961691327797723
-0.8711803636030664
-0.8502031856423036
-0.7257599490251219
-0.8814224545214853
0.44584496393941286
-0.8490005435742145
-0.879280841777839
-0.92901633440046
-0.9468531232685831
0.43103227679478784
0.6840736255351159
-0.516516805522378
-0.7252214841262588
-0.8158165404901254
-0.8308686359324285
-0.9008941704745439
-0.6281972872941851
0.002246366069279082
0.6735661245383842
-0.6607309503862826
-0.7621519973495263
-0.8748932676814016
-0.006182987312841615
-0.6377139362026004
-0.727348979634159
-0.7732618252244476
-0.8163626551307992
0.09303340440458707
0.8087296533502097
-0.31247186905660873
0.805154781086197
0.8697297977893059
0.8019480604257612
-0.2839007902298418
-0.7486358039705585
0.5563251407956211
0.9013655470539996
0.6670061426308374
0.56219928794249
0.29569794836648344
0.6081142553896097
0.9172281965032534
0.8499769226221232
-0.4112118185665298
0.7951058786206469
0.8462057797498499
0.8759626876598352
0.8631256704148784
-0.5890920862799147
-0.7661109499465136
-0.02759760411797263
0.6773388870704411
0.7780483902823594
-0.5447231335553935
-0.7856172468122027
-0.4373824655705725
-0.7145696128478449
-0.7421239284371743
0.5150695528769409
-0.1478500738369216
-0.6731572628488877
-0.7152259576801354
-0.7595582377723782
-0.21988369005205743
-0.6118627380617289
-0.7550471421769476
-0.87136370511908
-0.6224144674658658
0.32602503768346414
-0.3162403953323516
-0.6374319900618619
0.6147186854723861
0.9001973311578411
0.8729306235632854
0.9245938235240518
0.8897781432796017
0.8873649470876126
-0.4717329088677009
-0.69859485448515
-0.3492887740413
-0.6201594298405604
-0.849788933238854
-0.5320727336063316
-0.700788656112066
-0.8278519179985644
-0.904208573331526
-0.941352690899046
-0.006214708572714001
-0.7883367090838298
-0.8160360269279718
-0.9025379303463841
-0.28617239296616526
-0.6093739790063696
-0.3709652274541376
-0.6238663547818981
-0.8517628952765008
0.1723993613833552
0.6071319502433727
0.33818730306260747
0.6339124599599713
0.7249120973436476
-0.1484280494044512
-0.7785035469496696
0.5174516094323842
-0.756166540727438
0.5740602199806439
-0.7321223883384151
-0.8526568347658714
-0.9254692699376839
0.41146527416369394
0.0858037658802242
-0.7678451602190401
0.33292116747198564
-0.8482528050988876
0.37667310426545986
-0.10803985995028675
-0.7795982760941893
0.669050261827759
0.9452729704287997
0.9275832943266678
0.906072185558894
0.11795987412023434
-0.7878794847990068
-0.7814644007362798
0.4164491616390906
0.6394647958141735
0.8912314418338245
0.9272268782316138
-0.016462361794520763
0.7966893054294264
0.6290913524758721
0.9499360155536394
-0.539178501138311
-0.7205076003073942
-0.8346867265921547
-0.9279523562764392
0.3120132015495187
0.7062607687770119
0.8351262305910763
0.8286265952982785
-0.2912275149924636
-0.5297457404759518
0.15607389753623613
0.6164900846552628
0.7296634788339471
-0.6855893324555395
-0.42741118658256283
-0.00811938227870801
-0.7688909542510581
0.6444159412509711
-0.5691318612761752
0.7170794321120215
0.7773376170743729
-0.6072963226819298
-0.6952183365558664
-0.8565955317325609
-0.8558930074327367
-0.5389070936530654
0.5522767371806738
0.9166920744977771
-0.005311330133339398
-0.7344266484056927
-0.6659269395452478
-0.8018523448664634
-0.8233083122453404
-0.8752217888382485
-0.6352630011543912
-0.8536167177994909
0.47592207214793647
0.6595834276230093
0.8202367739793957
0.2801904896072962
-0.7476162221801133
-0.7796382659999133
-0.9055487898230103
-0.9451957681967188
-0.2535139446279365
-0.6078018730015716
-0.6228460350325952
-0.6101788940730173
-0.85089319332705
-0.9034039490840191
-0.07628437201966198
-0.6548538160940411
0.6146490123561372
-0.7596933181591987
0.4796760948282546
-0.5488454498096819
-0.7571040629407921
-0.7714433172235866
-0.8711612693027863
-0.8961037468043406
-0.9198395193761604
0.40422118389424067
0.6305508107361482
0.9015575296560758
0.8577425587502647
-0.019562743031411145
0.6796074562667003
0.9082440395887983
0.02214163313531592
0.7476581215454425
-0.41380851954275
-0.06424080877624472
-0.6959993000240492
-0.7337691659672034
-0.8803364374921835
0.03175031074631862
-0.7537616573978212
-0.8934886197075116
-0.8964413169246745
-0.9365914713334561
-0.903166950462575
-0.4672678877908677
-0.46935532836635274
0.6790759851649044
0.7362563542815381
-0.14642308264796056
0.1771508623287068
0.6453542154143612
0.947858921121143
0.8767077014790412
0.923991524692461
-0.02898636208374339
0.6708279121544536
0.7669132204647426
0.4710859739771276
0.8787343251083508
-0.5472337112334377
0.743907928206188
-0.19387357887257628
-0.7745657058267486
-0.7850976130390614
-0.7011058226320704
-0.7591236412773035
-0.8951360376747242
-0.9020005475946763
0.3337621344405859
-0.5075908576976752
-0.6386367304805605
-0.44444361078519756
-0.7384571481027495
-0.10822564132712964
0.704967597682238
0.7832241214725941
0.8110726906484003
0.8400430804004082
-0.43004080957028457
0.044399379381061754
0.6343620787016269
0.7232837867203485
-0.7089441167132566
-0.8690766953310032
0.40820469491886446
0.6598460829472457
0.23958268989566656
0.4262360086456938
0.7158648468666662
-0.6817125906020165
0.7548737044715839
0.8082854328084261
-0.16804813461181134
-0.7894729426015012
-0.22897107891831991
-0.7855544260414173
-0.8478409049347346
-0.8759251157992509
-0.7224335711464357
-0.8621779908367115
0.5223395286803869
-0.6440318710888507
-0.7505342804074187
-0.864999456174572
-0.8832429221870874
-0.9102741288347495
-0.9389704854456222
-0.9467764460517561
-0.3835905069494884
0.6311332498151123
0.7110271178070526
0.763078571173267
0.8539635717256406
0.2810626905821618
0.6061189504388256
0.9160788873619627
-0.5856226919394675
0.42004978251935077
0.631524275263132
-0.4869000345040292
-0.6729317666315804
0.26637029784961785
-0.6356349492300144
0.5592486935559096
-0.20343759297429354
0.7702563100937825
-0.3726689009787427
-0.6191520002927853
-0.8114270357599238
0.44747924901240177
0.6733454695641767
-0.24583921234986916
0.7771765976210643
0.8160936677060866
0.1301715657380258
-0.5906945910204718
0.7509613083599929
0.06438820284458191
-0.7620959123801836
-0.07595105681145942
0.7073566551818931
0.9060069287749131
0.9244688051636154
0.9117499056687648
-0.5364541047780961
0.27347864690082524
0.6663190307497735
0.9247809476990878
0.9323618958629041
-0.1602065081383761
-0.6445806647099729
0.7906909707475762
0.8446927420168604
-0.580322287194308
0.21972314334067033
-0.8551955275386043
0.41495015442788996
-0.7169705066482204
0.15813587470629265
-0.7741290371955949
-0.8590518544436638
-0.8853824443973547
-0.884833930985022
0.47729863182868804
0.6687044061047089
0.7339689522605672
0.8069412142703065
-0.001128981105639859
0.715314935700309
-0.43401540965104624
0.7648164935297492
0.7899378510435004
0.914663156270993
0.7917340942132896
-0.0036130081500886924
-0.7182683929161452
-0.8579423291119209
-0.9106878117183033
-0.7823866690390199
-0.9036020045791382
-0.33018778156944806
-0.6030004956766563
-0.8399490326568979
0.01107689068353257
-0.7473488164657607
-0.801018622849733
0.21482011355269415
0.6555034566746298
0.7349549395177952
-0.6491772370808104
-0.6874985891251071
-0.8771791979099062
-0.9385026775376818
0.3612219535711194
0.6174107873211048
0.29771269393510646
0.6480195227021566
0.791329617633852
0.9258830766753325
0.8987660804794397
0.029690276933298065
0.735530967835476
-0.5230190378519727
-0.8241311943591365
-0.8605296315728722
-0.8465644774648489
-0.9271396243012391
0.28576515186658247
0.6230564340322258
0.7383864066140062
0.9132835154706376
0.8595089541912977
0.8686845576347684
0.8613476109028584
0.49264937702185563
0.683504496221512
0.10227032909083267
-0.774032028014201
-0.8009118279439786
-0.8765710955941481
-0.893452248598256
0.17843637577674287
0.6042965045649262
0.9196055535704466
0.9295673341348758
0.8977693059282656
0.9065616300035484
0.42310266740249625
0.8144276471731013
0.8493609501989001
0.649337816297529
-0.6917525046455915
0.24490567056555768
0.06545409674181357
0.5998661554119564
0.7094404191495816
0.3316348755265943
0.6225694690493455
0.7596211649787212
0.8030573180857139
-0.5869060008907855
-0.7027706333603233
-0.7773594089805149
0.5930403312626669
0.032547644530476205
-0.7727537209116733
-0.895290554193134
-0.9178430606741868
-0.658870199703987
0.3027179758996972
-0.3212761728929645
0.5154846807843338
0.9032910291642868
0.9218115967999094
0.8781480915236555
0.8694993461556548
-0.36884127175113546
-0.6113946131831077
-0.7034447576108271
0.31950087392144355
-0.7635442177761897
-0.8875298471963596
0.23419349125879685
0.024535064071536716
0.596392527679674
0.6119129920281114
0.021866901732537913
0.6337763009718846
0.8699295787730708
0.857919386915019
-0.39819130608849096
-0.6134345608549301
0.5395683771615254
0.6774781467130857
0.5275861834864555
-0.7836211469900943
0.6073273753678132
-0.745791885529137
-0.8004252096776656
0.40402062090947566
-0.6433853574914823
-0.8591778173470526
0.30497292169421053
-0.8123736038284893
-0.21930914457452333
0.2818927698808602
0.653987256453503
0.5083536313828132
-0.7674434137665237
0.042682251599712284
-0.800294281796345
-0.8300078765868868
-0.9092428160740658
-0.8921221633602433
-0.9266609054799875
-0.5663639317940176
0.8192347408803735
0.86397755429853
0.9293628892684684
0.9383253526162916
0.9179686176660069
0.9001328925087067
-0.5280229586141877
-0.6659795537052586
0.30967612216841855
-0.8711274412954235
-0.16379667726238512
-0.6871359435234277
0.4612390731116247
0.6497930740473268
0.7823261249425939
0.7714123901986403
0.8351936282027079
-0.5383863306254474
-0.0034369663111715187
-0.7220872081581259
0.5716173786723966
0.6307551602008781
0.8773396007912311
0.8879333718093787
0.8873561268655528
0.21336674927962496
-0.18226978406406757
0.7258864567664025
-0.16529196027225235
0.7491502511056405
0.7324652712648185
0.8997138759121222
0.9051148856854434
0.922402627110821
0.23339715360294422
-0.8082074911579324
-0.9009950943610312
0.4965100764583763
0.6895698687959724
0.7530107025424737
0.8004527296931103
-0.4931378104509607
-0.655324419909904
-0.7102406842562394
0.6702073897843621
0.8163654088291608
-0.5672062492887406
0.6413970431189016
-0.677230116093422
0.5321152544309962
0.8316724297534583
0.00038087837784006595
-0.7531868532699295
-0.7014822952192725
-0.7982688550238282
0.05994033551730382
-0.6454851425548735
-0.7202884124002054
-0.7929782980555364
-0.8833101368274807
-0.2579516079040729
-0.6369850238199211
-0.8003318335497804
-0.883472270042851
0.4317586012855472
0.6581892929245539
-0.662301771935395
-0.3183685011568804
-0.6129582824168025
-0.4506158215767391
-0.48416271006861966
0.3333167285997305
0.6227763440189942
-0.702854325343106
0.4052133898457677
0.6725408595128919
-0.5246902781327416
-0.6434970860672881
-0.19389834026873187
-0.6367104176757924
-0.43744840011665287
0.7660591169133948
-0.024727731163739497
-0.7069970476377931
-0.738345691404616
-0.7948280699319136
-0.8792429071957486
-0.9156712582562482
0.4651532304635282
0.6937476162476073
0.8392613946831196
-0.41535567077273283
-0.22896153070425918
0.7935764867070345
0.8967877722922859
0.8830513502150386
0.8782068913677439
0.2934760853364211
-0.8579992374131685
-0.859396497018369
-0.3682935025280649
-0.6824358226030186
-0.7445761449751065
-0.8029988081254174
-0.29154942242050574
0.8047122566012004
-0.07916843721317757
0.7282889089337159
0.779645662277519
0.09298166373732886
-0.17801597447736384
0.6680162726429673
0.7757439185746102
-0.35809909487580427
-0.3604577664644756
-0.6156829098161559
-0.7145149770413097
0.35203944321456593
-0.8627264390413261
-0.617982963484532
0.41027041504910833
0.46132074878915463
0.5381758887254713
0.8365044565006792
0.0024340222058027994
0.642164284978558
-0.4601992002643416
0.5061711758926428
0.6665647740394676
0.16550311854735522
0.730902805465139
0.9238842960735112
0.6776137349498785
-0.7299485015354846
-0.7917989154911914
0.13851933671960315
0.2177645572768232
-0.8389671370330152
0.4362671169081729
-0.21630083204437034
-0.7978362149609828
0.11143550269152569
-0.8009397017787467
-0.8909334613326572
-0.8668822865490116
-0.932338605165658
-0.9572525037337511
-0.9582919640983572
0.3198972902023003
0.6066960641569765
0.7081814263820494
0.5340271803221412
0.5492171407171975
-0.5935789484600562
0.4197119716642277
-0.6825094751304355
0.664652272019451
0.7414978269697352
-0.37940284270691715
-0.7945034150831072
-0.5295689500363024
0.7449019789327187
0.8818336771249113
0.926657084173272
0.9175285984365127
-0.29369201109802734
-0.7632204130678355
-0.7719905462074111
-0.6495437502940999
-0.0222195260069864
0.6715267424605684
0.7723506238858524
0.07728045020927121
-0.7566159791762697
0.4235256200436983
-0.8344178330349199
-0.15883762553570246
-0.7964923315939461
-0.8383020569452753
-0.862033756132937
0.4367417519569716
0.13173927700929156
0.6006832215688136
0.7251403625985138
-0.25823478154609203
-0.6908569807293161
-0.858434431555138
-0.9025468466224148
-0.8918656934588725
-0.8881424108264424
0.2906465535244809
0.6841294617290439
0.783554614144347
0.7121240276872687
0.9387443296069149
-0.469310919626022
-0.0902881007917582
-0.6714421080704827
-0.8559321053898359
-0.9156914518862288
-0.8971763942735307
-0.8848642365377255
-0.5685909463496144
-0.7503982260183034
-0.8321174639167823
-0.9273346272349112
0.43866076145202526
0.6510916518426992
0.725607507701846
0.7180030984541386
-0.6337371252201833
-0.574836557585647
-0.8435484629043127
-0.9179162972635165
-0.9407327555480115
0.37370820754300405
0.4367024631410066
0.9055102950274114
0.8660660079592379
0.6647004832268892
0.7414792154128838
-0.03027563173329817
-0.6861974259250779
-0.42172483802318084
-0.4212426096595321
0.7358106440244911
0.9391695087565823
0.33509583168215595
-0.8142368643860085
-0.8237618757415902
0.39203617236566246
-0.5332389555257397
-0.6991979132465496
-0.8101607580056227
0.29154962256131767
-0.15860490033536312
-0.7567028315651271
0.003932803857871869
-0.7381731332246146
-0.7593913279548854
-0.8356276725730711
-0.06991423794443774
-0.7886187691659033
-0.8396572208420747
-0.8695039675163401
-0.8665630722227058
-0.3518909036933794
-0.631346209643464
0.7762130117627495
0.833877368676847
-0.0069446760080842385
0.7778426330003239
-0.6345026144862346
-0.7436380789873427
-0.03549598139452481
0.7684609680980901
0.7920355595994111
0.1508128565500777
-0.7894054590068522
-0.3080047391026971
-0.6211987460715543
-0.7364578420502776
-0.8302297854065313
-0.5093677407368868
-0.8188767519957206
-0.8590221563192495
-0.8676955869476524
-0.865743656397163
0.41085318167903906
-0.7521243885257731
-0.6760758799279172
-0.30254171284805054
-0.7982350019382394
0.5717979115613256
-0.6026033868448495
-0.3881835748223271
-0.7738524667280835
0.10462994950023274
0.6272534559375107
0.9241813404058745
0.8586030411423355
0.8914500829246821
0.9143306356737924
-0.5072551397610608
-0.8110867357482912
-0.5820705345749518
-0.7783617820911479
-0.8711105152397061
-0.9220578249691063
-0.9543534028312315
-0.952529555158071
-0.9460673379413456
-0.7943311636443118
-0.8214324838685321
0.602372260507654
0.7407095898937197
0.9336797700465107
0.3892879476576965
0.6483788947403832
0.8772606302783219
0.70471868224413
-0.6400321922878225
-0.7382624733055045
-0.30376389660434455
-0.750425772400972
-0.7491043696416426
-0.8783754057160122
0.3445001428160166
-0.7282685528899631
-0.8184058749300607
-0.4316604111245722
0.8393934133463534
-0.1292978293521967
-0.6473892051985796
0.6749417371399391
0.24401142140407295
0.6055321113629297
-0.6917735665087373
-0.7527778374195926
0.2151112454499382
0.6509019676906358
0.7608800541398963
-0.22034091467769834
-0.6183624880393462
0.4166270443990614
0.6370503406765378
-0.32865371639381324
-0.6571291194333504
-0.2523154945577374
0.23434470933963825
0.6241393626349558
0.2925707217407718
0.19922696898862147
0.010535702100694211
-0.025228906744560575
0.7877399249452908
0.7166899860197122
0.9319891601776229
-0.5711132622460996
0.616946727456364
0.9480512033157131
0.8611143837632262
0.8651344880803749
-0.45441056958996273
0.10244048458787591
0.6728684092313695
-0.2623097253083977
0.8009849310859853
0.8265408998551718
0.8478156377858876
-0.3880781627713227
0.7604156142184171
0.6300375451681193
0.7885621623886916
-0.3188327298207716
0.8038853039591038
0.9171178771438839
0.8996658037928933
0.9117393554515392
0.9128042448709057
0.9072101605335661
0.379643323569824
0.6317989337774663
0.7276289028812979
0.7745122748115971
0.8066629612850442
-0.33868464336604687
-0.6276054298729501
-0.1971529332729629
0.31551404195757726
0.6708273878957434
-0.22941153881991339
-0.7816678091041481
-0.8707045413551663
-0.6687963436981853
-0.7879924809351231
-0.12850395388720748
0.756397255035044
0.5466636395502475
0.6873658894059054
0.8096827946148177
0.7934405726753102
-0.17055586336642714
-0.7164446706968788
-0.75514443077768
0.5202905678159493
-0.6808736784326974
-0.7369994955824621
-0.883184201888888
-0.020927959909521787
0.5736244160291455
0.7015148738734287
0.5093748649338499
0.815085611950549
0.8160968548901995
0.03452077676764498
-0.696619444302975
0.6462293958108272
-0.7317395556159536
-0.3797593549498074
-0.8025495685986844
-0.9034865420542197
0.2614624099762528
-0.5977932396997903
-0.8027030538111004
-0.8617838390788499
-0.7201972424888257
-0.8238421462371914
-0.8369284284117209
-0.8444285875710507
-0.6453373315277495
-0.7808529700471198
-0.5156602097678685
-0.7776161649940264
-0.8187148897706938
0.07174629473935568
-0.752480653803445
-0.7709657026937065
-0.85043132538919
0.4599648083304497
0.6464333966510354
-0.7605832970015856
0.32415561838525275
0.6108956316057781
0.7222024559198039
0.643619292347448
-0.7186590068428949
-0.8721829619248083
-0.9370889443263652
-0.7960511936176685
0.588197380083979
0.7273362047074605
-0.5308684581095352
-0.6456053277694742
-0.7666953658800101
-0.8719749454154466
0.037750396177690604
-0.7751698492795573
0.4001033735286046
0.7806385678129633
0.7313124102176944
-0.6178536088981368
-0.6936153930747151
-0.7837160657179816
0.20072322409600885
-0.680063099113779
-0.19863814637319133
-0.7143347011955491
-0.7375194944948281
0.3748924063156913
0.7571219253974957
0.5867883182982998
0.5112736323880154
0.6698527220101225
-0.059131656941855626
-0.33546800859829606
0.6820568516442496
0.8973725295837078
0.8805493964854259
0.8071671097875379
0.9255718179565564
-0.5120749003862968
-0.6962160320934072
0.30541628928271547
0.6367030882497835
-0.755587803960555
-0.2674997993798054
-0.6045440398910813
0.5263924862012008
0.6779477275053192
0.9255293690720294
0.897562101492269
-0.5511789957183028
-0.8037750382417834
-0.8570621859356837
0.15499018187791558
-0.7676246733660497
-0.3540607819555843
-0.6735571522929997
-0.8033788493317561
-0.013527544212248888
-0.7236123996259483
-0.8301436309009714
0.5582444493606771
0.7972865845802466
0.8973678712529987
0.8594958641588386
0.8782949353969347
0.15785449089333303
-0.06585761616940511
-0.624524791410052
-0.8307471374255744
-0.9105422401648258
0.38618609199018117
0.7265693820379402
0.7315220909689046
-0.6522529553685272
-0.7690464619453374
0.6651349161446938
0.7441366158783509
-0.5342663276571429
-0.6731047901454985
-0.78709406471119
0.49328240646374244
-0.34001403158719923
-0.7451047294715316
-0.86160382827305
-0.8858687167416244
-0.8703588972017663
0.4546387163853962
0.647552572545145
-0.6113251605082378
0.38875276509920376
0.7477091372631288
-0.6122361122856859
0.4448935706822357
0.6504509576806667
0.9346432378378147
-0.10198737249456347
0.7236811178337221
0.80350735423463
0.37773714452680873
0.6740088027992139
0.8185599975912607
0.8396285339457428
-0.3871701846239155
-0.7973326693978526
-0.369149294302748
0.2129655859069619
-0.7922447959349259
0.3418047344466415
-0.6908679483974987
-0.30953267319121325
0.8816774316634075
0.8475802067582354
0.8736944943371394
-0.009346906609355887
0.5623110844540895
-0.6408184527066052
-0.8559662334548896
-0.9310364665811952
-0.9222195441626543
-0.007649331659916436
0.6780018487592419
-0.5601363979345662
-0.4049376658858165
-0.6964352717992655
-0.723007623663103
-0.7916580688977837
-0.784296753709582
0.5228685013617964
0.6691593334542096
-0.749064446704477
-0.8871118273543473
0.4632439139767759
0.6635817493015883
0.9344783552865898
0.859818016123125
0.8969968188597681
0.8658153743387342
0.13864456705238992
-0.7788512782988619
-0.895427247354277
-0.7368760542856875
-0.883807997994098
-0.9447693187598378
-0.6374517389877874
0.7283350608431851
0.5570997393823562
-0.7661477577965918
-0.25718540403002466
-0.7812456708993405
0.6558478960649361
0.03129167189756776
0.6340336752880285
0.7512529308568228
0.7926058181988997
0.08415729660582838
-0.6490165473598414
-0.7334381842296377
-0.7814966228364919
-0.9009498134691719
-0.9444868865601078
-0.9319620798071174
-0.4983937366422587
-0.19929356612531246
0.75317059977887
0.5562495602909969
-0.6145392215905556
-0.7045595585932654
-0.8405488813803882
0.3125317887661898
-0.5496489634030177
-0.8336129802321774
-0.9139509380699474
-0.9265756609190461
-0.6271325643435509
0.708333127794776
0.7688508648899499
-0.1844342199180522
0.7793562282319848
-0.4011576249185629
-0.6875927113293806
-0.7867945673821277
-0.5531060343701781
-0.6656796799487525
-0.7329428978158543
0.5817015775079135
0.6990649885774354
0.7683833761540313
0.40635750940003623
-0.8665266668488413
0.25737909422697736
0.7038890129838111
0.8015646792040254
0.8289815209794704
0.5215644691434993
-0.82631161948675
-0.8246882603777276
-0.8825127894173045
-0.9301353366982883
0.4474982242933476
0.6727730719694041
-0.6487862402475715
0.4801226125360585
0.656904324806048
0.7402078775150971
0.12162208879017378
-0.03463100097808991
-0.8149809135472661
-0.799184302354057
-0.8916669427986603
0.40820968376882316
0.6340320644249051
0.7198850498355056
0.7001773625876617
0.7940261110041353
0.8774791192371232
0.8571265145619273
0.08666634736634315
0.6606527598965393
0.9345740121981736
0.9271884923747078
0.9108535283095605
0.9046071336850394
-0.0828658259066124
0.7587665166206827
0.8174142488955207
0.7197000881053348
0.7713391193474477
0.8972578007493368
0.8824558951480574
0.8804418598378743
0.6594359514809891
-0.149093070454844
-0.7012729017491557
0.3137503935928825
0.7307714078948249
0.9149675136401645
0.9234167740732522
-0.4104250772245711
-0.5693785222478331
-0.7462142686626689
-0.7716533162748898
-0.8507571945821255
-0.2041352586174111
0.7392711351855437
0.9260233508075895
0.10143732398254968
0.6947698280866352
-0.4478776701288839
-0.6166609231669096
-0.40304889783260356
0.7535053576147821
0.8717259747748096
-0.17712489222486794
0.7562820676977531
-0.5853746535716224
-0.7624067998906388
-0.3417374183934897
0.746685909480534
0.23821821735573034
0.536653112763444
-0.36657041639221977
-0.49221042484152233
-0.492098176166901
-0.47495535915577036
-0.3667294504368953
-0.6338625197073711
-0.7987003539840661
-0.8747559638170013
0.4957963477235199
-0.3992622360550113
0.7762309603963948
0.9143607679323908
0.8711868101016018
0.6597138796878581
0.9027647615672789
-0.39828314879874305
-0.6267998683663134
0.7133128936755868
-0.24178638339606373
-0.6123638788894599
-0.6891118349935816
0.5217748564807858
0.8680243914697146
0.9262893104899343
0.8998802148730434
-0.23711315897138907
0.7754616423610277
0.8674157072204685
0.919827150086665
0.17674104716902472
0.7360593756539704
0.8616057037619163
-0.44919920513352996
-0.6355782052140864
-0.18415234389515012
-0.6663774382709237
-0.45157145381594443
-0.7825372625798053
0.5329470107945582
-0.3793591858947526
-0.623908546360069
-0.7201926421111553
-0.8468689130225688
-0.8433543485389907
-0.10784376314295407
0.7311200538963605
0.9288628277550592
0.3222881886940119
-0.8267451223343828
0.3689011377864926
0.6285354778377223
0.03683589400789988
0.6347731133970087
0.8380692345742202
0.31590000147632114
-0.34655627453631455
-0.6431403548145411
0.6844887283903744
0.43253597536478594
-0.832042072221828
0.6033702199499069
-0.6489229009669784
-0.8115896215936385
-0.5745985483680354
-0.6913126016709752
-0.6900703525851998
-0.7551318518859946
-0.08319114539274652
0.6996450627787758
0.3359955350035828
-0.003229317378371066
0.6824702343034945
-0.2619007029370203
0.6524026122646276
-0.46434283734503956
-0.7723756905865606
0.3452788219920906
-0.7696303518886987
0.5932199805412623
0.7092168002723418
0.8453798557351655
0.9235299266143926
-0.19610144261512263
0.7538303519413048
0.8104320329391796
0.8320384271357248
-0.2573712027788869
-0.7662478086858265
-0.8815257348250148
-0.9310108970746183
-0.9467852171719703
-0.8165064923787733
0.4631235336895325
-0.7747010364582712
0.5212008786785551
-0.3952234167160642
-0.6167791587272211
-0.6930872799448271
0.4834551205999318
-0.7139623749914938
-0.7601150386684775
-0.8082697344667265
0.6160505587078366
0.7260230280033517
0.8048771799402179
-0.3771278495280288
0.8534923212682235
0.9031065134856959
-0.38028348694288117
-0.601046385001764
0.405723126388301
0.030493892548399293
0.6690278155489693
0.7704369739661101
-0.2227295991933228
-0.0670655927606083
-0.7834122349750727
0.6271032695970193
0.9241855356125277
0.7477449907042122
-0.6906432600654501
0.488718736867116
-0.755441185349728
-0.4790273048533532
0.7223763796461646
0.9320583678118539
0.9317637171281157
0.7752213441150524
-0.20346257559631753
-0.7051239554277651
-0.7300923216859891
-0.884201447128913
-0.8921618751193738
-0.3933009161434049
-0.7209971573032614
-0.7396240598938559
0.4625557746553908
0.8504465992786521
0.9219920526196743
0.8541400733319293
-0.007906912735553329
0.4121765433161315
-0.7391378039309702
0.6301548426899453
0.9055237945627668
-0.517381672542875
-0.40626064437497444
-0.7390258131694278
-0.10364944600189396
-0.6536400777746112
-0.48249081661055393
-0.6444967324345965
-0.010570269667172782
-0.39708428720740774
-0.5775006810441508
-0.3159965143158445
-0.7341313633516809
-0.7879258625774372
0.059252489075931614
0.6816607061896061
-0.5681147217014573
-0.6915744118271692
-0.8506562899142522
-0.9306257554129833
-0.9225400755409846
-0.9380134936272818
-0.9393470535282394
-0.953705954906589
-0.9604406654713122
-0.9164315416814198
-0.9506990370538162
-0.15012113386228543
0.761738968726789
0.8130190120518619
-0.3802116247983014
-0.6311703456053656
-0.8243447891134811
0.3911505332684184
0.7069149781155275
-0.4890968485012267
-0.7849752455292054
-0.9093414758029161
0.42351179842985975
0.6726957240581974
-0.3468751445952164
0.6645562018724283
-0.6414078314190489
0.39273668067071643
0.635896543146715
0.7290268964566649
-0.6493248480418379
-0.8499249478934787
-0.890508668162528
-0.850656429108163
-0.8918600512858975
0.4474696426358207
-0.7625814584194046
-0.8516827282939348
-0.5198931813036106
-0.7076972638308464
0.4860840125442243
0.7118021660090528
0.8050566981823644
0.9256622874138278
-0.08008708511815743
0.46682963005009825
0.6626252585176193
-0.6007370957847672
-0.7668598695370336
0.43737262916572517
0.7176890869522985
0.8300447455699713
0.9216458404075918
-0.5513334545972073
-0.6932637533440997
-0.85242727393369
-0.8964764714265396
0.20488835582013332
0.7400407971879441
-0.21257029634820002
0.8562843016811974
0.8304574632558954
0.19235287250422428
0.6986098075819815
0.32831947129135086
0.6178894075110279
0.9482103747287938
-0.5279193702264342
0.7622809862790476
-0.4186538432253988
0.7541445804486229
-0.6887257027843198
-0.8459558936259335
-0.9185131298200402
-0.061758933957242634
0.7217206987442248
0.7967686482623066
-0.46983283214450355
0.8627628666773408
-0.6295745329216986
-0.7438410781582134
-0.8525645695499471
-0.9125792618693509
-0.9513837878828321
-0.9241315174652934
-0.9350086817390673
-0.9292742410064523
-0.9468505199074806
-0.9252672580561014
-0.8182298172424869
0.008084092730096248
0.660279300560741
0.22905434657342139
0.7072693730563762
0.05947922694833885
-0.7167154161913466
-0.8455921866479363
-0.7388712140792342
-0.3389046473585413
-0.7592541236206825
-0.8700344007697896
-0.8865903209954619
-0.882946464524487
-0.5559744985225004
0.7619643732184549
-0.09547193152975542
-0.7021347061617089
-0.7599303914603042
0.48487051893416555
-0.7182123255872866
-0.8109099112511626
-0.8997240593454944
0.4825637614420366
0.87617107198135
0.849094112889613
0.781593081753061
-0.2696412315890918
-0.05770268963688663
-0.7403894623848863
0.09278629287250006
0.7355902196752204
-0.5994674565064662
-0.7831393317635654
-0.8500953574035941
-0.8131502828886794
-0.9006481987673144
-0.08376972036963526
0.6584231200078543
0.7578248912737608
0.812476249382349
0.839999617640176
-0.34657601719688824
-0.08723885102020379
0.6717128629919216
0.7713553319096969
0.09119188594348238
-0.7694068060084092
0.4294673487096843
0.7817620015056259
0.2999601096845399
0.6840735047167286
0.788989747398601
-0.4070130258812358
0.8014228596414235
0.8320093583164563
0.854172721493885
0.8569172467468296
0.8605750332662181
-0.3172040737091866
-0.6888384962754878
-0.7930097636711912
0.5913425129116179
0.7042727887882436
0.9226313561128148
0.4574487883819365
0.8203788105524557
0.49813986018142886
0.8506341374256119
