0.0
-0.7356438166037629
-0.4952597759662948
-0.5882920789019301
-0.5781045452533169
-0.3554086466214139
0.3020238129244086
-0.32306739733064493
-0.5987379889057047
-0.5283384963180111
-0.9081083009504612
-0.688693948753488
-0.5144641908328773
-0.35602036433888584
-0.5115099850511426
0.03277890990546037
-0.03452667071365456
-0.15184644348584714
-0.4387691209040812
-0.19178357527182172
0.6298401629852658
0.14659591510352377
0.2326074116969683
-0.20931887996192294
-0.3343065723836657
-0.7550239496603509
-0.8855561106388347
-0.748591464619302
-0.7303498146847213
-0.4231266610583435
-0.8026556744873914
-0.688321815735324
0.07624779269049775
0.7588037752414233
-0.014374477807330317
0.5678067471953526
-0.1868336148200646
-0.4616644439181996
0.08357805479952303
0.23525814692163582
0.5364485911133317
1.1213441189987998
0.695732736849985
0.04084083193403998
0.15377587785727978
-0.23763970327084694
0.5948164342690768
0.6477094135185145
0.8490507788669496
0.836567963956548
0.20283158201384816
0.9343390555282386
0.19860176260451354
0.16131866820867266
0.006957673142168441
0.015186552661547226
0.4547282613549942
0.2775688681829081
0.7665435935282514
0.9899431763144678
0.49675011199336855
0.3366933694734943
0.5986011747591986
0.9643471021931597
0.872534527659455
-0.0380587663965728
0.2373512708133588
0.788128968522688
0.7984424723804541
0.7315423047943257
0.7820823332415969
0.8053449295112893
-0.1001290222190181
0.5855738410238331
0.7674507940458953
0.8559306172366798
-0.12573970936377926
-0.125073434640945
-0.9998765355391591
-0.7663027901020516
-0.6937325431363343
-0.7509400733450666
0.20125718392827688
-0.6571369644807697
-0.5043144548296948
-0.9326683320318528
-0.6933278140033068
-0.8996006558857625
-0.9956571919912782
-0.954983845275733
-0.9194952428010187
-0.892007023062094
-0.9479328623649429
0.12790934034971488
-0.057574976588794416
-0.08415490949590576
-0.9317562960544414
-0.26481935090854203
-0.3922199836565211
-0.6517452991938338
-0.7623661426436542
0.1380548319341827
0.44358658090664305
0.6779964983303606
1.0175442717300047
0.4464359865687732
-0.2138979786448133
0.06647635913472047
0.9589700942692629
0.8133647437772914
0.36061597975806986
0.6393765684685161
0.6358727105665039
0.9663783378912566
0.8482991522907334
-0.11980561943280127
-0.08807672606211575
-0.44446708600488344
0.03291421041361106
-0.34628153075951296
-1.0335618513455727
-0.8259776019906789
-0.7347432208770042
-0.675994877828438
-0.8702833240777931
0.07071449336908191
0.21787970806945392
0.013679094773331148
0.5034418376606182
0.1523911642509752
0.8854518936268162
0.3082289119795377
-0.18100934580768727
-0.8957743324925181
0.8151447375621077
-0.43942769913985236
0.04031691250123129
0.5789328867014996
0.3439746699615188
-0.5794247418120854
-0.8107090527054186
-0.8209587923919548
-0.7014314549280772
-0.11657955478574754
0.54950995908583
-0.3872867171671278
-0.770249370058518
-0.7244699975362345
-0.799274734962825
-0.8032806098965628
-0.8765284666187261
-0.7758367464045802
-0.8881152998093383
-0.4910366058432008
0.9322037554111047
-0.4421525263917019
-0.8136461427477847
-0.7828618122751886
0.5764096844404352
-0.6819870032577378
0.44851425848911747
-0.13947119758407456
-0.2669575613628231
0.654303739533859
-0.47216298246685323
-0.2422716026167675
0.256198476522994
0.16429056288326058
0.0477981397798499
-0.3286713089422548
-0.9482450750546962
0.17983657899824784
-0.06080938330516509
-0.5264387747522924
-0.321943820063116
0.7449490457073507
0.3901144097967605
-0.4337967733413819
-0.8006925774254617
-0.6595654466476633
0.3710384353976066
-0.6414780414978376
-0.39799186480305104
-0.1448607678332714
-0.6603169137492159
-0.7757926793044704
-0.7726582542930739
-0.8825653119980703
-0.9189198156447204
-0.9366968961409842
-0.11436523139716132
0.8240835868541329
1.3205811985233329
-0.9038883619283742
0.9124599468590268
-0.6588936450804668
-0.828012449012915
-0.9056490345164551
0.2887493613004928
-0.2161647166387218
-0.6656096651256169
-0.8641856884955481
0.061147104638598376
0.5478485770267228
-0.2925555410886955
-0.6752604494885329
-0.8312028985065439
0.292736799598515
0.20329861191022952
-0.08320096418469118
-0.782128047082468
0.6787651041973973
-0.3433615684708199
-0.002184999211780553
0.21955911557782581
-0.3116015783052863
-0.9565224384809156
-0.522195591441063
-0.8354274972061096
0.6271500655420781
0.8247551917485568
-0.3687301893697381
-0.5342536920996727
0.0999823311563153
-0.42618867436251967
-0.6080824983215081
0.2788005759943392
-0.8020976629114731
0.57064975248506
-0.6420230225621685
0.6984481429233895
-0.5650146840003623
-0.3699463636262581
0.7506859514109931
-0.4570434112096571
-0.817103998992947
-0.5083192445595264
-0.8480760734503492
-0.6770372344506485
-0.7069157798471566
-0.6976532445887432
-0.8434601257168532
-0.56504787069415
-0.8244106140967817
-0.8201841746263635
0.4485103745494861
-0.6213940566518735
-0.10588706760282142
-0.8896884557290333
0.7450830979023505
-0.648751409030408
0.6314553644456804
0.3158835158084716
-0.5770055301899909
-0.8400047702668931
-0.8692335424357194
-0.702161532581359
0.44980682309719344
0.8325169422446796
-0.1681841672374511
0.11476884776213955
0.8993632604102189
0.05010060325800985
0.34191626941950476
0.8676196762043367
-0.025176362283728125
-0.6851023405806422
-0.71799561880464
0.6425612846889945
-0.5296763514283285
-0.10654412881324526
0.48915877269263974
-0.5892127725180135
0.7225166337142497
0.11114015275246136
0.5708181675856713
0.6927359427920278
0.2959604448523911
0.856025021852644
0.3595016161739622
0.960337920595534
-0.1872041183872973
-0.4869657289449164
-0.08651827700704781
-0.8155831818475542
-0.7981422011773207
-0.6559689108148135
-0.8899684813329908
-0.5103981314243987
-0.8232075897618434
0.7219807572914834
0.8979372141468354
0.9554130804905169
0.5583235174174149
0.08446095703800949
-0.411410917837078
0.24169280466400456
-0.8911393372892373
-0.8672822184261186
0.12209937448688929
0.5311489573728094
-0.24346165596375055
-0.834579388541866
-0.6995003393113747
-0.6978433778776343
-0.7516710366316954
-0.7540328980915505
-0.41130672409587443
-0.7325979387826015
0.061603839268744444
-0.6524871955922515
-0.3396775566820779
-0.6733401337025424
0.7569974519005166
0.5056639172518236
0.3452317383733321
0.7236855275351058
-0.1318200772145656
0.9370707660252222
0.8593001364285863
0.6744220310312425
0.7121008442046556
-0.18183492838779008
-0.6625291766306041
-0.7138529568887343
-0.9068170122184749
0.0915275968254705
0.6834587280603819
0.2629324287439617
-0.5331784906446355
0.022611923286648655
-0.22221088984676893
-0.43037723274826456
-0.8065489428466187
-0.9052434766698938
0.49593256902469934
0.8388502062121918
-0.5718093368310205
0.27878485816559967
0.882367891446972
0.868759802990199
0.8191315184307403
0.9497341534966078
0.7622634251141829
-0.6452045015220035
0.5176744498132958
-0.741072459381011
-0.940589355482298
-0.7650264176473531
0.20018734904089483
-0.5884576522297783
0.1340459900008465
-0.8354085457865427
-0.8708750203162162
0.5053759783214509
-0.6485872416703333
0.7280155182428322
0.75422229572412
0.41662323074139884
1.1162085599709928
0.04976200346622135
-0.8046414709523808
-0.8128782759903862
0.03512136392426893
-0.737157189068131
0.22030366342571617
-0.4556571341539776
-0.7715368910472047
0.2539958561698838
0.706291169862508
-0.6073163034474546
-0.7350919720953492
0.31751102776346496
-0.7624025925224283
-0.10419485536882882
0.2575526950578165
0.3295311483450609
0.9287275605709673
1.0474646494181632
0.8530155325400837
0.9266975655390064
0.12069003511446606
0.7743248950435059
0.5732449233790715
-0.2927461663103874
0.4715125093479696
-0.5829386260527915
-0.6493784968105032
-0.18900782336358324
-0.11871258655044872
-0.7917762430225551
0.3847579058925391
0.7161617834758603
0.7981292646495343
-0.04142536508357553
0.8254982154820296
0.8519165822318789
0.5925903888876256
0.9675085151163618
-0.10047307958440778
-0.43422306574372604
-0.5008541341408219
0.9300557783509348
-0.5643827344150881
-0.7661650187590066
0.01712123072561278
-0.7823115051637619
-0.526957406739923
-0.357407005953996
-0.7039553092894103
-0.8906827831359514
0.19389156355067244
0.7261835867113346
0.36829616327811854
-0.37475956782412734
-0.6282352425096833
-0.6551335755219522
-0.7611556399343715
0.5514731334301706
0.623344668780703
0.23325196146031174
-0.7897197750138033
-0.8929596712757121
0.4756912028898433
0.7038829329024614
-0.5117577881662654
0.8302542622328678
0.9533416026417109
0.8169829673361949
0.8100341472917268
0.8289937042280405
0.9473122959166239
0.8119082541076266
0.8188139755197777
0.8993009950329627
0.023302026937536427
-0.769194324484025
-0.7034457464722234
0.2930428915555868
0.5042199812395038
0.9378859307467952
0.8004982194298471
0.9367899830525954
-0.49225412976363897
0.825874807976219
0.8913282844120625
0.8826549463054921
0.8656709966859879
0.6056022961418686
-0.5855027793689151
0.0786217197750742
-0.7358089463495694
-0.8338402183490028
-0.9045574412101594
-0.8263150163025235
-0.2359092960521787
-0.6789444430204565
-0.29213464556749713
0.3433982693171686
0.6376292673606737
-0.055459724773618505
0.8942197198681862
0.8829254277158344
0.7003690538535682
0.5995408734798863
0.8499216122819419
0.9017083964913049
0.655921804065856
-0.7006267994456759
-0.8222122095990734
0.09050849574555199
0.6415792836027074
0.9478377813803965
-0.5045800159273253
-0.32232400466002775
-0.47493833500534455
0.29722671172376863
-0.8042441023538988
-0.6178437798863488
-0.6976906501419473
-0.7133285010011933
-0.4160369179945284
0.7560762117258318
-0.21907247650409326
0.683240966773272
0.933375330375768
-0.13067297111778162
0.15408138961666623
0.7939142845902695
0.8104739841264997
0.8395296091631048
0.4323377706353962
0.621726647267859
0.8744360970977969
0.3887945833291324
0.7666503702939651
-0.3206103419003674
-0.5803369640871128
-0.8736247516095489
-0.8134555766683035
-0.9227626411523683
-0.8781706770841912
-0.8340020768681089
-0.9211923314987538
-0.006001775830092232
-0.7057192731601215
-0.6548661762427913
-0.7885361109788764
-0.8916591042641301
-0.8539325109628494
-0.9148926167578469
-0.9381525428194128
-0.9446153072669249
-0.9016638123533331
0.16204279545792954
0.48342981806007884
0.8388895191244449
-0.5488400022569806
-0.5810672524922013
0.33511208597339165
-0.8536036690515573
-0.9801711455587611
-0.9123019683899668
-0.9247959500751658
0.2504831150538964
-0.29458753706484786
0.7249417854762752
0.3613159019779278
-0.5317351168349118
-0.46785208045477666
0.6298145523007657
0.7871183546959906
-0.5846369732436729
-0.1950958951152941
-0.6813489565979369
-0.886045125936531
-0.8809043317885217
-0.876760077805183
-0.8740858069748272
-0.8972094875736847
-0.9025794626447573
-0.8840640129967513
-0.8480931366823502
-0.879028341783784
-0.9396673736915935
0.33424158467934023
0.6159645710089765
0.8197099959193795
0.10360207065813191
-0.8188270443598249
0.5679720671714648
0.721682928996661
0.7865468051118634
0.9040424020588129
0.8803163795453791
-0.11529610855355457
-0.7847527631853362
-0.9282590444145159
0.012424898012270272
0.7476603072146153
0.5376654206276756
-0.31527841079243846
0.19039741585663655
-0.32812990293339106
-0.6089020735393821
0.7361866271539631
0.8018887161915818
0.8489576356029715
0.6567467554038802
-0.04329238296805227
0.7186221038616835
0.32935145196382876
0.8270622646110597
-0.49491213870139517
-0.6438526427442426
0.531252828976841
-0.32964720107064915
0.6720716835815286
0.7854552427108438
-0.2533108374070633
-0.6211829530942106
-0.6923203195327576
-0.7878613192150727
0.3284044748657813
0.6877745051413449
0.7455703282028842
0.054321338227733384
-0.8081799334027385
-0.7805720038793271
-0.8048048625382297
-0.8598990690947241
-0.8539249662824155
0.34187103786929324
0.7170468771987293
0.7185133059878364
0.788057448626899
0.8201031491141214
0.9035742243449583
0.87279188498748
0.06389181352153897
0.28019348088285473
0.03096417975440874
0.8444271780882745
0.8039611608645624
0.26105771685210155
-0.5184904055329967
-0.701947203580717
-0.7942256774458227
-0.9108266389768359
0.3225652653237396
-0.8059067205161767
0.22185578210626059
0.6640830709971758
0.7474258179907544
-0.25718910896932656
-0.5786933264246491
0.1568616918730981
-0.8310808743354184
-0.4711916878696795
-0.5165999055474538
0.46324998601272327
0.7134113981913379
-0.6115390135988895
0.3247959020359503
0.7013790464871349
0.857892246515262
0.8399649665725025
0.8727747669301104
0.44256220161224835
-0.7420225619536199
0.5316849479109353
-0.6164854684012714
-0.7371601296128821
-0.85492566160006
-0.811507324797432
0.549255465082582
0.19297701196996664
0.6619203671115722
-0.5725770043424685
-0.04584688981749396
0.6894532644433702
0.7143329017140579
0.4789155005918521
0.7723486382173381
-0.6217466011441062
0.8596314838806076
0.7795967108831725
0.8725010165436978
-0.1313418942767389
0.0379948758152065
0.6220566618120378
-0.058302412125467135
-0.7086792209559584
-0.7095345672773997
-0.9045081002213688
-0.323463265193069
0.7155677501443465
-0.5710888479673889
0.803336227173467
0.8318289388531955
0.8299135567923103
0.8612898332252177
0.8558604731542344
-0.5322398747403767
-0.6813093647140107
-0.8136578808719325
0.4893189202435035
0.8067138218205036
0.7077877807961808
-0.542879913147841
0.6895962633057455
0.8216894293972846
0.8452335629613638
0.9109364143007259
0.8627915837519915
0.9236932849230842
-0.5320173265708227
-0.7162961780479763
-0.878844158864589
0.539123614059579
0.7099734287995036
0.7148116362705641
0.8371445730786211
-0.6053274450775746
0.3985682644075689
0.7772535713927586
0.4056747069148027
0.6180860257627926
0.8473333090067796
0.9429478179008175
0.8577695133659045
-0.46330278961671834
-0.6224659254706331
-0.8372990351606994
-0.8743296462909931
-0.8294296700584018
-0.8035127133229483
-0.8841410592369262
-0.832804407270008
-0.470062093440084
-0.6498667059447034
-0.8601292329380709
-0.8472844044321226
-0.19008878012177038
0.840647844578017
0.4213318142792886
-0.13518757666504283
-0.2691861494528021
-0.08167485885591583
-0.6747303315476356
-0.26847297601386083
-0.7325087554148718
-0.8894640760320578
-0.8725932019261872
-0.8837045350804992
-0.5014643562768434
-0.7131364736118769
-0.8437405053811923
-0.9795569804056526
-0.6427522803331016
-0.7009360355349024
-0.5180988955185385
-0.7070917101595676
-0.7281085350900591
0.5757497768142616
0.7258380797865669
0.7837700371317706
0.7951929601081887
0.3871420518376125
-0.6647420384782166
0.06566111827937843
0.4552507631464241
0.8464930046701058
0.8602409572346874
0.09699867492781934
-0.6882104895874399
-0.9041424160626395
-0.8464202915478731
-0.7919950282145107
-0.8290963961751971
-0.9385836624627643
-0.9201797338168556
-0.9380177381481019
-0.8769122281213257
-0.9119466397784295
-0.8961675777607823
-0.8945913003079201
0.38565151303267164
-0.40595835929590135
0.6790544517643018
0.756507294219248
-0.5533128240403071
0.8222168231127251
0.8107252112030174
0.8945467303241779
-0.24802032286392228
0.4824744802519717
0.7523477522302292
0.7828635903101775
-0.036374921212466826
-0.821696553987945
-0.7873410738503895
0.41748730741660023
-0.7391810966057532
0.3071679221908117
-0.7770873980091632
-0.8355072328708792
-0.8593090872503863
0.487165507325291
0.9410852385822731
0.503389639667977
0.6209778194187652
0.8294368318817805
0.8629916939206603
0.9220199029208299
0.8485686966370813
0.9231966245216917
0.9247435287062465
0.8946967446191516
-0.4907337213399493
0.6889729347621376
0.7760066115676171
0.8092565334633774
0.8179989043861448
-0.38404281984555455
-0.6560273574894151
-0.8254406698195706
-0.8416718781420394
0.5520463316843296
-0.7644701161583018
-0.5713632520247399
-0.043877427737208485
0.7513287999723723
0.38354815061028225
0.6663826751311898
0.6928486304693693
-0.2411426037107864
0.8811122275973569
0.025688662069016044
0.7467407015595972
0.7243096537396337
0.5791576212731654
0.7188942436059136
-0.6771333756414245
-0.7802581316719546
-0.7720315415449772
-0.6947934995030431
-0.7226416788086324
-0.8673392215554832
0.08712696193384865
0.7957452748772306
0.6237932018481703
0.6776579354148045
0.9127772689226906
0.11475401511629155
0.7100098979059882
0.3443722132432261
-0.8540183219000035
-0.861169648587554
-0.849777783329621
-0.8879225618396951
-0.8753489359254696
-0.6913755120609804
0.4487243957597844
0.6005290824756828
-0.6028237388004052
0.03496666556075645
0.819385115567268
0.8313469819554559
0.8340157446780609
0.9460590334500135
0.946297786662514
0.14545608626060993
0.6254765187440595
-0.7384579524466943
-0.49319714094945083
-0.7471210178472034
0.619710214075254
-0.6608658213474032
0.29483403711930956
0.8770713166106765
0.848154817658493
0.7971779012742244
0.8112595621200004
0.818499628715895
0.9329585618089803
0.8981253904801911
0.927749485244031
-0.1900615239936154
0.7586136098996906
0.2840215990507014
-0.5414428493306686
0.5444461111827237
-0.7864943945472511
-0.9336424812757336
0.15637124282097942
-0.35121284190807733
-0.6156607526266795
-0.753975366996827
-0.7811549576919369
-0.8925520188267092
0.47160531024918484
0.3735591040753047
0.2533719227852616
0.6577302156933251
0.7489562329169211
-0.6170088542315406
-0.8249359098850505
-0.938180942098929
-0.8992793128443191
0.1348956536478157
-0.739638190338153
0.37208376605169247
0.4605500503897564
-0.6294671489806011
-0.832469214232531
-0.04679179511109344
0.5825725906836001
-0.6360014713776927
-0.8179971998458262
-0.9941900394502233
0.044857923471903774
-0.9592515591702668
-0.8222359021304904
-0.42783108682273063
-0.5266478503334189
0.11872692582113291
0.8626056622684668
0.00961695902859791
-0.7435957909979809
0.6853855794529238
0.8742302516854821
0.8889179089279526
0.6440240368459035
-0.7141763429175216
0.4416313715466017
0.8639738786329778
0.9135237269566167
0.8917068263894865
0.09337883483240397
-0.7464458333498593
-0.8352236300264677
-0.8187503889061087
0.3863925542902857
0.6939569036368776
-0.3996154615242531
0.8333177169455062
0.9034021584866269
-0.39917649566217356
-0.8652606874565394
-0.6540932356818121
-0.35430215394092995
-0.5667071368773617
0.7099934011682244
-0.12502254137724111
-0.7856374065885159
-0.8786106257613236
-0.8753190941579517
0.3685973799527179
0.5287334192798454
0.15050360507528118
0.665700314469625
-0.2914104902776503
-0.72011848942396
-0.9171593363837677
0.12648934792993904
-0.6477147927248396
0.4858208590870556
-0.6531448898103126
-0.05259059943323155
-0.7809732499604403
-0.7492419466311966
-0.9404574482138248
0.40373534683343326
0.6370331761671107
0.9534653512960771
-0.2215335416421402
0.7051190049175952
0.5694236019150174
0.7289307403377978
0.7806160516474885
0.803618554729366
-0.5443118991369533
-0.6946327406720713
-0.8537511805817655
-0.9059989792196685
-0.9638478712809432
-0.8808064226341256
-0.8715856141671012
0.25073517636719467
0.6460246112297673
0.81566761086033
-0.01161895211098729
0.39669776710099525
0.7246087650495524
-0.6034042852681465
0.7860998148209069
-0.48449006642250725
-0.6899296113434369
-0.8722225661119196
-0.858754020334791
0.5009257975655939
0.8503918325260278
0.930477238195446
0.8650762325489336
0.13491402829898935
-0.41699814012109676
-0.7787109666576749
-0.008200105555462411
-0.8380370283222662
-0.8111463207416665
-0.8241589083347804
0.4811452186097433
0.7328054487804299
0.6996243383474854
0.8684512970279222
-0.33023718074339337
0.6138022158916079
0.8923251755364816
0.74352112066705
-0.6504846766231642
0.14495752054063243
-0.7312626088574585
0.36767794240140783
0.9363307661545734
0.6545751619955391
-0.5361052955540802
0.34285306870391963
0.7034803444004031
0.8438477672332348
0.9295150992287408
0.5312592049825028
0.6293777761431031
0.6964675900015893
0.8184861715780495
-0.5482071412755116
-0.42146323567359273
-0.8595368445822685
-0.8044429161320517
-0.5173270863466406
0.8867881075562558
0.7748361109028767
0.9523242014267947
-0.5267066400311835
0.7424314913060774
-0.11401572036227942
-0.7169457702320331
-0.7050116924938394
-0.9059436743945734
0.014642662723713618
0.798996978248848
-0.6903435585176272
-0.7924082760326341
-0.8121607798347391
-0.8876857620224674
-0.8304929874647603
-0.7422148289735774
-0.827314196179656
-0.9008505254707876
-0.8684743981804393
-0.936604328735769
-0.23012584220167367
-0.6719455385196427
-0.09196247025343013
-0.6445424176355008
-0.9029671355109855
-0.890238635739032
0.25286228845008807
0.9289893399654328
0.844804665464109
-0.5602902197309289
-0.4091501155012477
-0.8255018514224318
-0.9604549250822357
-0.21730820649911686
-0.7936211614010933
0.575469443158777
0.829734434431161
0.012717556270580244
0.6712902200414457
0.831150497761877
0.19368663120060362
-0.4545553050150647
-0.4547882961403835
-0.6068877081944126
-0.8017717843074158
-0.7989126396369809
-0.9114634129714522
-0.11692586655845759
0.5847824436830555
0.8736030905652569
-0.5090168261423755
0.8483052047511431
0.17871059496779002
-0.6634963003750163
0.595531942228503
0.8131201475801643
-0.25323601711889077
0.8610346845986333
0.9185965479788523
0.8305276514814055
0.030261773349116006
0.7063001817795814
0.7435562267318976
-0.6048739462540427
0.7127418654825536
0.8182688322593159
0.8360771354945771
0.8615217943131571
0.8603434950498846
0.8802821985246876
-0.37754094994963633
0.819366916182954
0.37229568679792635
0.5283184751765189
0.2937239189338105
0.6249214520140232
0.5121352792114704
0.7173698601124461
0.7690335639126019
0.9208805079096085
0.9343525155012304
0.9255280738825784
0.9497634387976319
0.8979621661749646
0.4565686425583232
0.8496775713436148
0.8564071501842103
0.9211320264378668
0.9011996161034566
0.9080676226127614
0.9329580488482768
0.93859224312387
0.9245437941867244
0.3885192136714493
0.8403980465933328
0.8804332516495791
0.9175113674318622
-0.26122392937227884
0.8393556146629049
0.8399274261805917
-0.06465628866516689
0.24358242272081676
-0.6926190990894976
-0.37466169648688796
-0.7206910414688418
0.2705524996183128
-0.5201530971866306
-0.7333228297589722
-0.8234015209262697
0.46050996311132397
-0.07534234152775661
-0.4610952735942274
-0.690419014348302
-0.7579813481070535
0.546832072361238
-0.5675071015653886
-0.6801696545897853
-0.8509806413122081
0.3746797014316117
0.586488656139151
-0.2673456940043954
0.2697964205314573
0.6322043388364698
0.7252992867536964
-0.6597360422828311
-0.8440785458503277
0.4575512657565074
0.6968346040118216
0.8512218335336347
-0.47324518143314775
-0.6794578060858318
-0.8987918614044688
-0.9626446119086737
-0.08104281876832278
0.8155021575425196
0.8516380837856536
-0.11544548420171066
-0.792769923580673
-0.8137887614891715
0.3299067868501143
0.7140606711517259
-0.7283504458616155
-0.9030491058356291
0.3157141343082641
-0.911166167652442
0.4133050567680754
0.830903255659103
-0.3021322858793271
0.3006230531656655
0.15758023087106274
0.6767776711832728
0.8628637282730817
0.8823315610965389
-0.48894610478106826
0.48063529885274275
-0.5211460738534814
-0.6155732022945924
-0.8346989987950781
-0.07002843420343535
0.33916545516319224
-0.44180538509983197
0.756463522649441
0.8588329389286744
0.31922012590965776
-0.8266928790097635
-0.7985479523692609
0.46663849250186296
-0.8138765042595778
-0.9637341393340743
-0.47064873396933776
-0.7167210477928705
-0.7516902706987957
0.5320849579984733
0.7955491093825463
0.8898995008431486
0.8571772889537891
0.8671998597458812
0.129560210710954
0.8339002152722627
0.4737958722536152
0.6449724935146633
0.25042464339048554
-0.7597522267301577
-0.7752343734552548
-0.8277131142761518
-0.7764123063957253
-0.8418141480115399
-0.4402977627647325
0.846256362197024
-0.41499054136330416
-0.684583022578995
0.4521393667256075
0.624873711315943
-0.38914320529107466
-0.623250035703449
-0.7891952897731012
-0.10323549298106895
-0.6281678202661254
0.5916016560159019
0.8220564635520613
0.8921487528132027
0.9413942830342141
0.9423796306825585
0.8788095739819632
0.9580087513356189
0.9061901215516609
-0.22131478212763495
-0.9251696678693883
-0.8777755503201587
-0.889708441127435
-0.8678537954359052
0.3841775027010934
-0.7923927043053303
0.5117879116310724
0.6994617147619843
0.7495649499195465
0.9117628320069673
0.7068930773310581
0.8484003644698307
0.9158882310838042
0.05972850062952054
0.664487466946732
0.766513982587855
0.7944338876201286
0.8240976039336658
0.8504477119795583
0.23410457960323422
-0.20185270665826457
-0.7842685562858039
-0.8896978697590034
-0.8917440475411755
0.09187815494079583
0.6925265058724417
0.7801425523008187
-0.18051502643725695
-0.5664376015251774
0.6531688323916277
-0.5627974008938372
-0.6792853269105763
-0.7961585575710171
-0.5077528507286249
-0.7866174601109335
-0.8802929710510624
-0.858800915215551
-0.8679578216280766
-0.23008552310504674
-0.6262286025468214
-0.8576812732190247
-0.817375279334284
-0.9311035277723191
-0.49604309153104303
-0.6961569098176648
-0.7936234537176788
0.21386943862024663
0.5203887289027793
-0.3473975217994805
-0.8010079309345475
-0.9226114292719009
-0.9272854986276711
-0.9112509223011005
-0.8973343239061095
-0.9080887688369571
-0.7819554263189658
-0.12321150475182517
-0.8679315096284977
-0.6988756941035856
0.6629469270240989
0.8216103749835129
0.6169464857620263
0.5581742042260306
0.6902186927116649
0.7572508924561053
0.7404057574287913
0.9290624571284362
0.895501549251027
0.8708701443188067
-0.05087096297961924
-0.7248249888129261
-0.7898415487804284
0.398746826013747
0.9043342544523076
0.900800250906546
0.8770965496965526
0.8369551346274043
-0.4073146987466796
0.8490494832941744
0.8756148758764463
0.9290134839328893
0.8929672057052925
0.9171324646823993
-0.5247354455612943
0.6269602258702297
-0.6952924479274577
-0.7426191547368645
-0.8141740007484819
0.023069601450135035
-0.7384110297491954
-0.7960483855162476
0.19033595769716774
0.3758578076819488
0.6243568351567288
0.782345629094969
0.5670451080128938
-0.17059627423323098
-0.6629514077915363
-0.6810367492538184
0.6050557976170202
-0.7570857164272019
-0.05795719588183698
-0.36661040442631865
0.26699140177478453
0.5867800428317281
0.8833213460853334
0.9264820063617646
-0.48551549174858694
0.2038185011806876
-0.810170942956459
-0.8741558289695743
0.4282988042140006
-0.781016874434564
-0.7886874349135562
0.3346417182388224
-0.7473053975627416
-0.916509843473119
-0.36801190358408237
0.7053055441586291
-0.5718911195978538
-0.7240336488873277
-0.15490807660423464
0.8553623841243824
-0.601861778716556
0.6635794007007174
-0.4355596829593374
-0.11093194688622586
0.8012237581227689
-0.41528005619918795
0.6043018579183616
0.17591980269761104
0.73676659891584
-0.593485781712762
-0.8410393223294257
-0.19969484600883067
0.8366736357605487
-0.47055517373340516
0.5778256013910654
0.6605183370657179
-0.6029901425120112
0.5914832914959649
0.23389867466945036
0.06871137276422624
0.7529804694081237
-0.4849870557624543
0.7988623470179564
0.011204645996633088
0.7770917389008651
0.4315756433900428
0.5329266970695025
0.7456535777608273
0.21322631192194375
0.851498548560596
0.806147811021447
0.8687051449077012
-0.49287328876420167
-0.7318937972233645
-0.9752674212025348
-0.8481220008055059
-0.9409258513697759
-0.8907573519967213
-0.9550631431411025
-0.12514123435268754
0.6303899092841824
0.7641605300431078
0.9354140174862761
0.7026467576698943
0.7852058457236089
0.8252124247904002
0.879349648618601
0.056619099866981444
-0.835454149514622
0.24572592835188115
0.8495840962583616
-0.3480290500691961
0.7608675357808836
0.8561925704784551
0.1281498898524983
0.7865715078398138
-0.5341464497772737
-0.667427801818539
-0.7721331384591998
-0.8022601303779169
0.2081911801924644
-0.8047341595946934
0.40963261142828045
0.6802417070806719
0.8510668293267882
-0.5270194092546407
0.7629476747766933
0.7413691319991957
-0.24806328419672746
-0.4604723859757298
-0.5267509316621749
-0.8127476694702712
0.20639709463594547
0.1751175408709491
0.579994238934393
-0.685059922934746
-0.8110881440908266
-0.5573117340098638
-0.759497453032741
-0.8322514481007944
-0.43110005800853707
-0.8217724607155941
0.5079325982360055
0.9012615494156929
-0.29377814466558005
0.4945817335773218
-0.30978088364783
-0.6188132434715382
0.4742310240581717
0.060170471798817654
0.44544522586655183
0.73293975665787
-0.5757561294542111
-0.6783290917466129
-0.854131358839568
0.5304036488321409
0.45939653885783027
0.799429404681411
0.778771878988744
-0.6198341993970589
-0.47249150534938633
-0.803565623809003
-0.8816164313074247
-0.9222877610358137
0.014905702453913719
-0.4205806344935134
0.6082846880068254
0.7710181898187239
0.8346297162337584
-0.41574293512509763
0.8573514056621161
0.3005161716639346
0.3844493560521098
-0.7458659202099464
-0.8698963271223654
-0.9281562216752548
-0.9027299202318834
-0.04412329534957345
0.8875690313814428
0.7725265919135391
0.8237372973388095
0.8709022837450359
-0.3731460216495225
-0.6423932985009126
-0.5859777903596226
-0.7810537281609694
0.5682620452826246
0.6701254949480918
0.7324093948105973
0.8260421393832412
0.8431556175158874
0.823669162485345
0.5109404275749432
-0.42937165406881117
-0.32157558675638387
-0.7985351840977741
-0.841749513239559
-0.842762993415604
0.5801758503110481
-0.688333189158894
0.6926018727678944
0.8430278631271361
-0.46285108169769085
0.7704645795278064
0.7474283492144358
-0.6410196353123171
-0.1559577449464994
-0.6810893590097331
-0.7881523728898765
0.028939215900753677
-0.7058967009045599
-0.9196695757803612
-0.8586150484637658
-0.906136355887813
0.45690312176115977
0.7812514120120976
0.8913329466015795
0.8386018102792285
0.3447934451671954
0.6153094428805406
0.872245835246024
-0.3315915786402435
-0.6157189212773556
0.6823137935842651
0.7411257840979881
-0.5067596872159335
0.667013507719165
0.8249209064857465
0.9134620418799172
0.21442144601879062
0.6761892889762356
-0.6811559662900165
-0.8391923808515527
-0.2915704471752485
0.5234986903871771
0.8242420393962608
-0.5788947037858808
-0.757097678366057
-0.6081515055968075
-0.7932477310680718
-0.2371103432837929
0.8867137750951077
0.7901308122843053
-0.3261365201659118
-0.39082047194554437
-0.8261893493690323
-0.27149703015584375
-0.8137175105472718
-0.8329810724360104
-0.933845133152497
-0.9342618377021809
0.3380075443427553
0.8397096960082673
0.5992293169471737
0.7363802334162156
-0.6523041759192569
0.6475792280637913
-0.4861767071829021
-0.5004797341066589
-0.8719756321009228
-0.8917122138912381
0.3268186499603712
-0.8511082163612435
-0.14951088692081158
0.7991882867883879
0.8632369241018076
0.8439662693026762
0.9325951270527657
0.8582997015025478
-0.5554768162665685
-0.39672422647323397
0.8573322958374078
0.9242340429117402
0.8635982366369778
0.8588306167307955
0.9189969040056979
0.39105894356063803
-0.8017313919893937
0.1887195019965659
-0.09991368113164817
-0.005304892853823065
0.6339774026123935
-0.45957002327910296
-0.6561785566229039
0.2744797044559325
-0.432148175471974
-0.6927470751326262
-0.7319707101466151
-0.8918101324782011
-0.9411466993808651
-0.7520638666921681
0.3888254068159527
0.5015445535311003
-0.6400836724601671
-0.6984967135144698
-0.8262085288689178
0.0946250197537229
-0.7872244593858765
0.5981022809759442
0.83221206856204
-0.5161597901974595
-0.6681585375501035
-0.7513738835536775
-0.9052185125928279
0.42355174837944387
0.5159592998861252
0.8573455130751898
-0.6034266456129265
-0.723423992605276
0.19166620181142394
-0.805680701279081
-0.8556293694262255
-0.19372349188046495
-0.6371837971428714
-0.7082966745669703
0.6416994893897245
-0.04991966675369753
-0.6371449006149734
-0.7144667336211709
0.6528161518844656
-0.3842164112076718
0.38236366896586294
-0.15601019987548295
-0.8523239080790648
-0.6988589465848125
-0.7449694278613708
0.04821326547758681
0.7156828575156963
-0.2949688723925757
-0.6966309755771621
-0.8699076557607883
0.23812866689441645
-0.6274826506982303
-0.520797211312366
-0.7367029225556119
-0.8027510167534396
-0.7605415827271393
-0.7996413539921154
-0.942585529078341
0.3989831849417229
0.7392294946942976
0.822116015118258
-0.2511226377064138
-0.770204275967465
-0.8295800677460643
0.5470450099290158
-0.5195008829015109
-0.6766381480999535
-0.8998492238470418
-0.9483598262307683
-0.8957992853315828
-0.8976077180056521
-0.4113992846408041
-0.831386873470939
-0.15803195392051161
0.84477949597059
0.8107255124236824
0.8582748972383731
0.9474522327261867
0.8621537758565633
-0.5878171672434699
-0.7893646344601516
-0.7827820797631981
-0.8183853232365098
-0.82498797836607
0.4218068136850466
0.6638306178503407
0.9112703230637897
-0.564525801975521
-0.7216373418550107
-0.9202756156833287
0.07830702786127564
0.6429893662972934
0.7367966266945165
0.8128217389801887
0.8937170211335799
0.9257182547846228
0.9319027006298756
0.871602600328525
-0.40883424340948654
-0.8373495895157202
-0.8574812607041683
0.01812958864186989
0.7863873454023186
0.8026966024605403
0.9187357295496846
-0.5403012332697986
0.3360602153678569
0.5814758028743661
0.7546872985042263
0.5546634822076412
-0.6939008174245253
-0.8808133361336052
0.2908522648805413
-0.7528337104125862
0.6029643288591425
-0.5337835406363908
-0.792863361438704
-0.8394400195017572
0.1976912991724659
0.512766047501235
0.12890050150547522
0.6854623332281454
-0.11356891412066698
-0.6836679114821971
-0.4686819754836586
-0.6580687791756439
-0.8689142584417919
-0.8928282009191268
-0.9264190424065559
-0.9387734183794026
-0.9306934473157259
0.22966557613349659
-0.2367654982839522
-0.8579794595494972
-0.40706670204130796
-0.7318040861593658
-0.8224337659358121
0.5541775950749389
0.8458745721057923
0.9496106285351771
0.8853162716070581
0.902065741425906
-0.41032331383697085
-0.8033300704554838
-0.4075130986414524
0.12888416844153042
-0.8257607742805964
-0.7021640106678566
-0.8855418461365743
0.4765365969383514
-0.17213758735621323
0.9315602915630781
0.03877243312630978
0.6828387183599752
0.6948274849055947
-0.2812021422152645
0.8931517123181923
0.8589192301953548
0.765066495054825
-0.5667027983155868
-0.7420669671661886
0.1839889588546848
0.5332607149530011
0.7802993866003057
0.7198351902438872
-0.43370344984912496
0.44918361054829437
0.8466541936524064
0.0008756909826156227
0.8356264930697841
0.8997633938386966
0.7571912608014264
-0.4198575047571293
-0.6948666992641322
-0.8501603420495749
-0.9436956376670665
0.4077471103910563
0.48266376668403155
0.674840016439295
0.46073247966842973
0.44745622015478365
-0.7163584607413723
-0.5955129643113348
-0.2802685542326265
0.8452874483999037
0.9324453347073938
-0.44049713000934543
-0.8229734149846829
-0.8801782695780739
0.21680394002608155
0.8564384046919574
-0.6053458959950637
-0.7258695407048122
-0.925927502260172
-0.9561321686260144
-0.9073058321644165
-0.9626439325947428
0.3959193799352124
0.6571022440609807
0.8509888471201146
0.9125676480044753
0.8742603717502992
0.8869890995329166
0.9059723611752213
0.8929652425778378
-0.12486188055110295
0.39666144586502167
-0.8147966706617417
-0.9013703958939446
0.5069328251488203
-0.4567769403524589
-0.8031307910431358
-0.8257024357848799
0.4785066329853554
0.5876074773068239
0.03572131084706043
-0.7099373863781646
-0.794437207775608
-0.10170787728621569
-0.6785671897005234
-0.5517742050548294
-0.47228266190118784
-0.7613692767288975
-0.8458188055880573
-0.8458339501306783
0.4203377318121558
0.6763898440981176
0.8240275890698153
0.8934347413093354
0.13701180129582033
0.6543808329869713
0.7764120829501464
0.6186201209434358
0.712905988339444
-0.6183351039893149
0.7585379561144401
0.8945655852504594
-0.08863728085086203
0.30805619868281625
-0.8337452910379198
-0.8430884365173555
0.5028872773418283
0.5775302041905186
0.2393930621172887
0.5660560338110966
-0.676460297575685
0.27789323032045116
0.6101218417362966
-0.3504771536843994
-0.6800216952273477
0.4133985274773154
0.6821947618563663
-0.4433231796059238
0.8483517686297725
0.8455133593147353
0.8655479415925452
-0.6127528983528314
0.35708196102624395
0.4015898225666788
0.6560946482162796
0.2010711181828646
0.8189039277707182
0.2103374203234884
0.6069980807333474
0.7361499419472171
0.8391610820764105
-0.5302515834714213
-0.2012721252191026
0.8528735697343226
0.8808412011980056
0.7901249096585928
0.8088054374995727
0.9271060458466169
0.9091909751695305
0.5846566023704511
0.35245518255044395
0.3102619331793137
0.554965173928667
0.8390994075180954
0.9082965276869743
0.454000396440883
0.6401417134591461
-0.22806774084579168
-0.6470569599665196
-0.45233625146808915
-0.3329592876771964
-0.8634360989114229
-0.8475754672378686
-0.817214405773695
-0.8416638581013197
0.39733807953270456
-0.8090110497168952
-0.9338661937409015
0.24290167310927735
-0.5734656897629102
-0.875470599693054
-0.500177530231141
0.7823779657907373
-0.5093872745997593
0.34043352141409433
-0.7567676847767232
-0.7928330545958884
-0.8792419226103622
0.4603240950586488
0.6550178307275821
-0.6397424795277383
-0.8084676607470259
-0.8991492385527641
-0.9196908475643485
-0.901908462812872
-0.932207891620291
0.4906977741459488
0.9265070267004203
-0.6214495381496066
0.5247804711364218
0.6830341789795034
0.9116413099689892
0.6664195570572553
0.8011586092797737
0.5989083541870648
0.2209081002788512
-0.7650031283321356
0.3014742438787801
-0.7301567506625771
-0.9264966173999459
0.33430034927782976
0.712011150931569
0.785916589487187
-0.29495930968091694
0.7893476362758869
0.8189113264607765
0.47334103897374924
0.6088982756938731
0.41677296295643124
-0.6808386124812638
0.36443430750504063
-0.7870810107494672
0.36529966456273816
-0.8131852251399163
-0.8867991460860338
-0.9069156282115292
0.37881826705335836
-0.7669244560009105
-0.7931203572604791
-0.8216092781630844
-0.8832924024693927
-0.9153732875557298
-0.16659487130874853
0.8388202384940816
0.847178160027941
0.82840666908948
0.9190424507567486
-0.5331794946834152
-0.6279654954598118
-0.7219363875049044
-0.41913413914734127
-0.6016765330256778
-0.6115933659449134
0.6680527358956093
0.7742811032429978
0.7874174256736726
0.9125014119025505
-0.35166888437337324
-0.6196382629591403
-0.8218119409724458
0.09186031187267864
-0.36647474434957483
-0.6811991583416527
-0.6569505219681628
0.136268644384252
0.7035489211155908
0.9162142295229658
0.8595676495693919
0.876598512770831
0.8767980673783802
-0.15117684394115055
-0.7007922123088006
-0.8727032019513699
-0.9132864123624045
0.5036673023742024
-0.7098175255064056
-0.8444837458525347
-0.9161445665292182
0.5175722644981545
0.7387445724806437
-0.4965948861445991
-0.6580052320541101
-0.757393070598729
-0.9233395195424868
-0.04982367957323666
0.7822624017486716
0.15221624300593128
-0.8747263149247221
-0.8191494318635693
0.566840768624241
0.8420009195040934
0.8252119414928605
0.8835568364735477
0.8855271729887769
0.7337181480180266
0.19317158585003463
-0.7866648196974888
-0.853755019607092
-0.8827810825826683
0.08380232684983348
0.20043255482521127
-0.7757159138380447
-0.7876034840129365
0.08366454057170239
0.8702495167326778
-0.3094659129165207
-0.8836696254443297
-0.16298016236121693
-0.7830110895260181
-0.8715400992378979
-0.9350534510261774
0.15636097252943187
-0.5974803967932237
0.6608492285759822
0.6525242776366131
0.883150279978931
0.8021384243743289
-0.5208620537852916
0.6599274222813104
0.7841329767366685
0.4646112152420294
0.023248713267191676
0.7928652093824933
-0.5010666791733456
0.8493693083824333
0.33434406134658695
-0.7883593561359105
-0.7854923872725824
-0.8609931729162009
-0.44880656140467756
0.8505904546040173
0.8506897448685423
0.11959691562527576
-0.6602818163523685
0.5736464605652128
-0.19447144884699627
0.7289166060618278
-0.5134738448786644
-0.8375678696674723
-0.43178927177335474
0.5087543069673423
0.850626741295602
0.9432581633717777
0.7921872300403119
0.0018759344931065514
-0.7311004905612031
-0.6235648144563943
-0.9229801357847774
-0.8628608855256119
-0.8699766937722049
-0.8808344256080387
-0.9649860412298482
-0.9236262087795462
-0.41275079780479895
-0.7901833392027099
-0.8786282711050666
0.4486547218750283
-0.7532320912772137
-0.8319766582694686
-0.866169886131479
-0.9422487007368636
0.30926537613634736
-0.1410298923170636
0.8235145692893578
0.8289842532723728
0.9314261469571085
0.37600579947479645
0.6956347984820866
0.796551298849266
0.8436966360610126
-0.2706801602726266
-0.6145360203959133
0.7102493104274235
0.5220771367537729
-0.5244850443635412
-0.7255088420326106
-0.8442360610281904
-0.615499107365481
-0.6939251096092476
-0.7596606744731506
0.6142301437465217
0.6865362129368547
0.1804031153837334
0.7091260110041101
-0.5064088856724288
-0.704741630036929
-0.36766109971556665
-0.5939229531751339
-0.8626373114324397
-0.8312606933143397
-0.8801724503387041
-0.8646915722679772
0.060013244362843186
-0.7595187968211212
-0.824396757866647
-0.8699420091470224
-0.8781595421309256
-0.8168603364402882
-0.8598949139467431
-0.7026748446805097
-0.29437704434673523
0.5107323828264397
0.759828745581849
0.7846376869709485
0.8381582346306965
0.834897985773196
0.901808139557167
0.8714402640919413
0.9393419474099162
0.9319722631497124
0.8763407824865888
0.919160595222327
0.9071199452301595
0.9383430730545534
0.937477197252964
0.8988452988014523
-0.08576227656014067
0.7739610975864057
0.844814342945242
0.8504947171860967
0.9169784820055565
-0.6091760368775537
0.41519470653881907
0.57320515002244
0.6733982213483914
0.22664154824653612
-0.33825898236485735
0.8705086184596178
0.887153648295731
0.9378670642114415
0.4219763269103214
0.7683519690650582
0.921859810906277
0.8756203941014945
0.8814947240274296
0.4923501257733422
-0.050163883536996016
0.8364596099398424
0.25858281499535074
-0.8404814421346205
-0.6910357717058364
0.2592528700221733
-0.5349936603073647
0.16075405386080382
0.5782587143270167
0.7795628796471415
0.8116471007966719
0.8195632034133739
0.8667491616591754
0.8987410552845604
0.9271255794737555
-0.37444420398314626
0.6391715238967054
-0.6255274888364192
0.2708349087429838
0.7082597429073569
-0.30882879830368903
0.22499769946534245
-0.5840585721985555
0.13615685339281824
0.5145656192042141
0.8152642747760499
-0.2503847080589342
-0.7852137294848842
0.18584262916301364
-0.6771296735157388
-0.3784664511843443
0.4026330007149911
0.8414467686965957
0.9533039518517819
-0.13673696427941961
0.8452064163262387
0.831591750847088
0.8378488160943388
0.11140038883627389
0.6748289853035397
0.7699600428363088
0.8357291483896916
0.25088693080457314
-0.5897533694107298
0.7171051158513375
0.7753068323459769
-0.041280531864499426
-0.5180399942219255
0.7995065185739783
-0.5946735623360081
0.4993693902871844
-0.7528511864824299
0.26502288647266936
0.5450890250953991
0.7637415530173287
0.02105314628366558
-0.7312926574684065
-0.18265243512613732
0.7540527428002851
0.8043561982850848
0.850303127759826
0.8030763795248871
0.8734038418879729
0.2877508851484064
0.59248975975952
0.801518553152757
0.785880074427844
0.8193387613565325
0.3456931399058172
0.7772353866035865
0.8464848119771089
0.8498981858285048
0.3073904150815585
-0.7969479883924538
-0.8818123816930016
-0.78338083869059
0.5331387732473676
0.7206943593486874
0.5033917412573672
0.4401644025803598
-0.30541460834435874
0.6870333110710484
0.8031969134694509
-0.0892630760263954
0.6556423247854117
-0.7376436841819964
0.3434615351835432
-0.06802779594943087
-0.8566181352801762
-0.8126802007119818
-0.8265593470063554
-0.8450344246007466
-0.9538678700634982
-0.9405163613116694
-0.9058157149932216
0.33149668501114143
-0.8586384483933018
-0.8792137696977481
-0.7715152832579004
0.124642179890834
0.8114115003801403
0.869240199445685
-0.503187243620042
0.5292623025966915
0.843356584712414
0.9165937343304852
0.5632160852001259
-0.7251618464373795
0.45437087706692636
-0.807491798415136
-0.8309854141659008
-0.8426697678737018
-0.9297399839770439
0.2024778526573845
-0.8059598941684913
-0.16103963666157942
0.8324751396834573
0.7716130115424779
-0.6376523147891638
-0.744367541391596
-0.894690524863625
-0.9522567865770437
-0.9437500794161484
0.3645999756054525
-0.23039873917286752
0.7710858687126788
0.8842683978592063
0.8352629428133501
0.28071057887271145
0.5418014549456796
0.7327377781132598
0.7977119754627743
0.8466830960734949
0.8223823705515818
0.9293249393568929
0.9020100755673615
0.8931752298355001
-0.37380662420881683
-0.8345171744289263
-0.9020361020472517
-0.878603576492918
0.12718208434364378
0.6798411932575078
0.36633762811009085
0.767557116011336
0.8294133387540499
0.13019907179688253
0.7121783839125487
-0.458806849913435
-0.7140145182747716
-0.7788260424348719
-0.5052756479856887
0.7292630965358452
0.8046400064117406
-0.2926726252879997
-0.7981483502191796
0.4064467421374303
-0.7271085972408295
0.5535094543663711
0.796263933741054
0.8495925297281034
0.9321059505123002
0.8835255155447168
0.9312659571133732
0.683066609642905
0.8817274957049246
0.8813466357587862
0.884024434100879
-0.050797111494548505
-0.6944585040883311
-0.13183944282520513
0.25286512868806993
0.7836626458568937
-0.6479212140785228
0.6113591316102436
0.5388742345289265
0.7716319683199715
-0.13892350504739778
-0.6602275746101138
0.4525442856446744
0.848454465252838
0.3402628795771414
0.2372755631779052
-0.8089161680406067
-0.46450457378310556
0.8090224407078066
-0.09363497803843261
-0.22942498786264956
0.8292823401654291
0.5194121538289582
-0.6835351179675444
-0.7851334793272053
-0.8719304989773373
-0.8960589030540381
0.4621565366901119
0.6164793576508864
0.7753638537542571
-0.2454296204897426
0.3983971811928029
-0.6369021665151112
-0.7283293304123348
0.4285030175169875
-0.6232891388772809
0.6771484481509069
-0.5499128459029509
-0.7153202107519004
-0.7777194388280878
-0.8565427793851587
-0.9391020581787645
-0.8826158287334418
0.4847036146186162
0.6577324125713396
0.6134116647136685
0.8628055114909073
0.8570367753541359
0.8708877042414126
0.8899729537450091
-0.3326740111729292
-0.6484545794689349
-0.49435252453946044
-0.8182318241679893
-0.9626073662599354
-0.8949691906935384
0.05043037458107926
-0.7024879259154184
-0.8611798836939595
-0.8767660796055131
0.47739375335972567
-0.7791283109110375
0.09256753804717682
0.6694607194694555
0.12379817890230527
0.7204314712635844
0.9434123076665958
-0.04582026341759453
-0.04346798058542511
0.7999748576158614
-0.5434899888203439
0.7022902306740304
-0.4500558759683728
-0.5605785480696293
-0.7452262249105586
-0.7851457519096302
-0.6954752421815801
0.5775920975548661
0.7493016385583807
0.8688464876160573
0.9210427638298188
0.9141140064738306
0.7536549488085643
0.8128198737965335
0.8110924933571179
0.9219654726707418
-0.23398344196570717
0.8481052000484409
-0.2709619228520507
-0.6856576319977199
-0.7038299859795402
-0.7728838067705289
0.47749163932364674
0.5894190859114233
-0.6045415214020469
-0.7359845174208779
-0.8022947868397454
-0.7517926484997235
-0.7988352002321708
-0.9167007297208742
0.22571357347596133
-0.7984102081693292
-0.8340887831578582
-0.8703018202854498
-0.9341837386918074
-0.9175448217981177
-0.9191253433039079
-0.9032583753712683
0.5017339786021898
-0.08332762610942346
-0.731234262669636
0.01565677477343256
0.1061331973938905
-0.7452360824977123
-0.9067632368651621
-0.9165023815510971
0.48167692847483373
0.634449850596581
0.8404273602382791
0.870904813563984
-0.3365087175565553
0.46798383899731116
0.7045058183398457
0.14755633058486212
0.7213515797651397
0.8612323847891116
0.039323962375784276
0.2592942067996391
-0.20936915947965526
-0.7495481625355991
-0.6826348933656788
-0.22751020640560268
-0.6949795241838672
-0.7489700059459451
0.13951134744195265
-0.8023696871033907
-0.8589071351912368
-0.7330340174885579
-0.8144203475521808
-0.9382369489590132
-0.8759524500896521
-0.8804078975522354
-0.8919152139747447
-0.8804206841364546
-0.3863263185653484
-0.5567801412498535
-0.18532527370191365
0.5997128528191009
0.8874583156980778
0.877047605338459
0.8847997297559251
0.6966115911032754
0.9009635229485162
0.9299724967297324
0.0714667776183415
-0.7775039465901408
0.13021830161776957
0.6884799898564237
-0.2814677023982388
-0.36379772088170503
-0.6691401380410823
0.6495359075820312
0.8551979711968407
0.9446864876428808
0.9066031766881641
0.8112083794890297
0.9437944038479908
0.8949419591862695
0.8927938232635027
-0.09455954041208486
-0.7061614827245014
-0.4030208070447869
0.8071080438713222
0.9188366135172592
0.8947664916645528
0.8855338744006612
0.8998433341380437
-0.4742620812778029
0.12075881953032891
0.628982633235154
-0.5627279331483206
0.6426839478859387
0.7293061406796717
-0.48428000059488713
-0.6141521718578896
-0.03633446703599857
-0.8345439429081254
0.34719533687316245
0.6427177783577128
-0.658581277548654
-0.8933309815356941
-0.07966001718893409
-0.6722393717598919
0.7240739349601254
0.8131088637599487
0.7977462022456401
0.8622950900474164
0.8976668350819557
-0.5655192015205438
-0.822669942995858
-0.13915086768195592
0.8306328641529359
0.8184119568697088
0.8667443443020586
0.925952803150607
0.4360130331084755
0.8443784948019902
0.8520150763050245
0.6777382486977848
-0.2740367597426719
-0.37857850520631003
-0.678680782830223
-0.2815277080584262
0.7010345949606881
-0.603240200794869
0.6954110813094367
0.7743205678409103
0.009162094500839102
-0.48595363571555167
-0.7962917604901507
-0.10022685549692259
-0.6870398171015469
0.45739712612745115
0.6222693464482187
-0.41546805415447324
-0.6314777253362923
-0.4792055102493395
-0.8247727555482921
-0.36354845533838126
-0.6223480435953872
0.2407696284739082
0.6766950455329246
-0.5970153703771531
-0.7788655870845879
-0.49109615261031253
0.8163586047098175
0.09407584684114303
-0.74962194771242
0.34817446977532696
-0.822711140606884
0.4227831634635376
-0.8292039734669722
0.027518646450029452
0.7251017116764829
-0.6217281112549676
-0.18261141211479337
-0.6820293810159638
-0.6746416931879747
-0.7543543218750488
0.5527482437866531
0.7380633620545557
0.7707733907485412
0.24909872772527253
-0.7897736690942577
-0.9529769474703436
-0.8802548712283332
-0.8948516478697759
-0.5054788898055588
0.7763601184758179
0.9141023199514934
0.8956805551227214
0.880825165549715
0.8917482879233635
0.9406045967309358
0.9497854951508028
0.28364636004880245
0.4644923436769879
0.1594596603998029
0.6781007660446288
-0.017700190290349128
0.8456300977031258
0.9320291085255372
0.8950563466303476
0.9175924647874443
0.8410376242276776
0.8760208465619007
0.6187636064677309
0.7147189977560755
0.7778007783342474
0.8095702813558422
-0.5388010739006089
-0.7459755374667062
0.66913026130301
0.8096397205267678
0.9219434497027613
0.8800673458901441
0.9473532609827217
-0.10884657071328088
-0.7495221302871261
-0.029909308860792405
-0.6647132298070162
0.34325003687852473
-0.7590820088941067
-0.07433409513333422
-0.6994354622577081
-0.735868579409861
0.3775561498939966
0.666620139980974
0.906683066661355
-0.5810428271907673
-0.358668830032001
0.791714571633189
-0.5204959181253263
0.7791741324300484
0.018595473413360798
0.6444689986470578
-0.5032131581242292
0.6892590951206751
-0.6645811146766896
-0.8733436049652705
0.3137369766130248
0.7903723304470193
-0.43758332463791766
-0.6373907200077331
-0.7807618795769904
-0.8234857537105592
-0.8551239572596738
-0.8782864815239817
-0.8867073338301004
-0.9040573332499211
-0.9210101723664648
-0.9249600475182168
-0.8869680371682981
0.49089356516638377
0.6722583586708397
0.8880770143941372
0.5760185124068966
-0.4369605583770049
0.3380053045934186
-0.8360996126509849
0.5915093272802152
0.8666186809653236
0.8453081436957022
0.9100149863552207
0.8936767759466535
-0.36330077948796635
-0.8655496337148498
-0.664012953110519
-0.7677648888873175
0.17097617600865267
0.6927861683052073
0.8785117064368037
-0.039762969442411526
-0.5474251405629527
-0.827508601811353
-0.8553279453088319
0.38999348777838855
0.6892440431652979
-0.5856328745820383
-0.7401667948285771
-0.7728927368833084
0.2919627269902306
-0.8384420535671754
0.10343129016145491
0.6790565491918171
0.7402985695507768
0.7989127472045183
0.8952954820382022
-0.2078282686937718
-0.5543675004938998
-0.729675497485604
-0.879812552283719
-0.863257632404121
-0.875887266999765
0.23359513734744627
-0.7129774375305932
0.6489804447762323
-0.6902903588961045
-0.9081181880122697
-0.7702575611941385
-0.814232451739192
-0.5179969585559842
-0.713858887874198
0.5230259337809527
-0.7804567288583693
-0.7954855211307745
0.21075428037689334
-0.5372165136320702
0.772591569068334
-0.6146088736013111
-0.6254706331230198
-0.8383856324477363
-0.8612995908116784
0.22916994456626733
0.7897907604763962
-0.27061166468023357
0.8157427157441127
0.8550122557736508
0.8713756630552597
0.8655525504595447
0.6141685378183437
0.7282295129126352
0.8331907119049682
0.9507352033824895
0.5480279643566771
-0.7739979711161133
0.3785779282413699
0.6092790194789949
-0.4790805488608229
-0.6743100134333548
-0.8792515531800227
0.4056561617554699
0.8792276646552173
0.2541985718108861
-0.40580408285344827
-0.6503514345197947
0.09478683275624536
-0.7004779213467732
-0.7119883514525822
0.3607355731795681
0.3185055818182368
-0.2373987697910562
0.8129101553606899
0.9310815114396456
0.8987563411665019
-0.5611289703014772
0.7749927573979165
0.030979768937211685
-0.7526868397796596
-0.762039463854361
-0.8906964774713776
0.4172563878733716
-0.8054346411209372
-0.868195316487781
0.4557250325422668
-0.5638358169363773
-0.6554878164537297
-0.8933046462504897
0.3984609442572701
0.14605766417631272
0.7264715209983883
0.8438624448511802
0.85577397192765
-0.17058292402925615
0.6378704253007682
0.8977190287649592
0.8920924021722658
0.8756644588607795
-0.505814381003415
0.4044445221143327
0.49174164688774047
-0.04891854649936006
-0.6777451889114862
-0.845666691202497
0.48248423634757714
-0.7776566285655413
0.592959213487135
0.6727098592132745
0.8991965874282182
0.920839708572687
0.7892678446353643
-0.2745687680623338
-0.6469296735908311
-0.8029067586999441
-0.9031225383551305
0.49406882904530974
-0.6016230813561365
-0.8938028264345778
0.4534367509613133
0.685467637565404
-0.5406339754553647
0.016628110582297528
0.8151053390607558
-0.617641621926552
-0.8497067188854774
0.11619169377101513
-0.397433762231426
0.20249497750478918
-0.3605382136123126
0.6878896415566779
-0.2625908552206569
0.12573741690764223
0.7199987882624905
0.8536327142592872
0.8674351159865706
-0.4250338420126911
-0.6163804606577997
-0.7267300266131596
0.5735203715543602
0.7068737481871152
0.9012797259558921
0.8719218239713652
0.625048503371734
-0.7202396715445791
-0.7882667234954769
-0.8152527709614019
0.2105540979011971
0.7097698628069866
-0.17067069408755872
0.05547154986116453
0.7782395580007928
0.5993911518351913
-0.5067334166474983
-0.22192970829780592
-0.8577467305928584
0.5011063232454823
0.7450089192356573
0.8842370690907315
0.2211760131992329
-0.8124294796083558
-0.8438472457478735
-0.2766907425396894
-0.570151937215027
-0.9252753526332281
-0.9387616118444817
-0.9178987779478754
0.33815409551479714
-0.8210282031163442
-0.11191331907722965
-0.8227062259895835
0.1979262075608064
0.6872772789863439
0.8330231933972614
0.5856873374750665
0.7212821292222358
0.7742568542517764
0.8126684528411405
0.297489180469036
-0.8318574877443683
0.560621258089661
0.8988680745959107
0.91676511968193
-0.5823811627798227
-0.5281007691387158
-0.8695387653638075
-0.8601035609416748
-0.20752813669396908
0.65345155529124
0.9071392586336113
-0.48025988662199354
-0.3692159606452386
0.6621699048055272
0.7672037842320126
0.8456335076669357
0.5050164827358806
0.8308867035932619
0.8638843350492682
0.9076041662478405
0.0352954514882961
-0.7105432073636813
-0.8121080221474961
-0.8235673678969396
0.49088600116300124
0.8472867782187617
0.7195118607785459
-0.014104142274826564
-0.7146073705426191
-0.9048211734706425
-0.8950101520784423
-0.9097059280561104
0.43121034520678236
0.5890865734483952
-0.2711008483084026
0.8720934934314694
0.3254248785545568
-0.8399512657599825
-0.4546543801588408
-0.656774260461205
0.28814606422858646
0.6721657428572358
-0.5671030949247831
-0.21884857767259724
-0.6121206529609816
0.11073406886907582
-0.5596336185345918
0.062312695516047095
0.376450308602666
0.6308920949412546
0.13371019839478293
-0.7929372584960596
0.20572004702974425
0.7663946484421429
0.46892050960417875
0.5747208674484395
0.7574999874298122
0.8788681061747357
0.9362160044277547
-0.2167641367968651
-0.9218336866070925
-0.8428086056621737
-0.870949278129485
-0.8736856446877946
-0.8440981755831217
-0.6832103941028352
0.6185603071310833
0.8981496169921063
0.8618497927865841
0.9135759188709096
-0.48833774346006903
0.6010930576444762
-0.25266007305628985
-0.775978364980561
-0.8622274102327336
-0.8706674636975082
-0.929304932918949
-0.8390670580974173
-0.9407146005626038
0.3654040552827033
0.5852794118997372
0.030395744131171878
-0.47641344828920607
-0.27921564837135804
0.8202626580034829
0.8571048137725238
0.12080585317646303
0.6522827667064942
0.7650970211478045
0.8102908700223798
0.9234638470837386
0.9402218552655386
0.9289837446573098
0.9091346024858901
-0.42807881108194157
-0.60186609854375
-0.7586541206958755
-0.3649379921697182
-0.849536417311935
-0.8032302093244845
-0.005254874629987887
-0.7456658809367701
-0.19380892975960695
0.8479845667506583
-0.38756715131595154
0.7931447054569111
0.8471746852444705
0.7591351516171493
0.4153065317172265
-0.7757845910219944
-0.8325808075106186
-0.8397072556119877
-0.8547730504048916
-0.8636809715278473
0.3337086798301351
-0.8040221465159895
-0.9218737866719424
-0.8982306563832076
0.29121971387093415
0.5909023640516365
0.1810764277474409
0.6442518631117888
0.7014249798674552
0.7898344250874965
0.22097288416791624
0.6418342791276768
0.7842051093390132
0.8239708918092307
-0.492666066525977
-0.1281509657056405
0.7967682110006231
-0.12256413856472201
0.6912423786858204
0.8286756223229658
0.8531387577319458
0.8677573881310833
0.9187646658668931
0.9382709805498115
-0.5239511423326372
0.766435506333947
-0.6188282827507904
-0.3371576973135035
-0.6042625677382282
0.6645451666036414
0.7289387457457127
0.8146026798743127
-0.5141825576584468
-0.7737709304453622
-0.8421543823153235
-0.8455499316850057
-0.928959894366836
-0.8009987875472399
-0.86376593633395
-0.17928365157111917
0.5677245319085877
-0.6439801128092726
0.06548819642928468
0.24401125996751005
-0.42874002570321973
-0.8331532361147521
-0.7995874926738203
0.25062412362681014
0.6702001239155747
0.8680303469147626
-0.344851205892975
-0.619934825825934
-0.8475380677724167
-0.9356791570337084
-0.9276712410487656
-0.26366742826027273
-0.3774829219126277
0.49117519176934826
0.7017523460304209
0.7378477738264366
0.8414629150038799
0.9018282580745925
0.9437610965738166
0.9308047896957607
-0.19274867022901304
0.7808775652442885
0.5284767276378866
0.7267537316080626
-0.5434479092230304
-0.36439125929145455
0.7497024304510992
-0.4491822571457795
-0.9063142805466435
-0.4533714016527159
0.14997944386984843
-0.7779719471559565
-0.22964312870685166
-0.6362486793884269
-0.705820275944371
-0.9051500716448517
0.45165482674093804
0.6538723699888662
0.7172135811322797
0.6591461575835844
-0.6577049688418933
-0.27819276124130593
-0.5818104690976887
-0.8745667166809669
-0.8913787605236047
-0.040308744475727326
0.7622361251995079
0.7063234952009373
-0.30282379155122313
0.823410133807284
0.8175774901381306
0.8450370968751226
0.9226519832263353
0.9009750704660393
-0.4208992012309322
0.7825014258533247
0.5245257116270619
0.09021700321798382
-0.8323490761646039
-0.2055951940572338
-0.30858933540309186
-0.6650616451477994
-0.8098042639120778
-0.0959667567588909
0.7571319972850632
0.8272679876503402
0.33037082958546227
0.5689000636012096
0.7529166960380148
0.8336362047115686
0.8643320432111807
0.8949693396124175
-0.06875493853701899
-0.7169483415309763
-0.8571949675446582
-0.3857517511987707
-0.8544455170755784
-0.8554902084535451
-0.9135894421434078
-0.9188839251994693
0.15914559535137782
-0.778518256773807
-0.8529116269155542
-0.8480035320796924
-0.859587901190785
0.5678435506560519
-0.3192372956308155
-0.8060262894901231
-0.8198517444750784
-0.9082035683800189
0.5161282385963726
0.9282836560563771
0.8456952717108913
-0.4005685576119121
0.7487787174775498
-0.614449874316617
0.19687429050236996
0.6582156751639301
0.207172233039429
0.784217983694876
0.8344274184686579
0.8993872622914834
0.930223400395439
0.21353427200600167
0.640400343285454
-0.7469398028498418
-0.9134044930003766
-0.23589007720749341
0.8131107092901704
0.8823071594985662
-0.03847164763272558
0.7417682558042751
0.8279497271119743
0.2348294360333997
0.7084203496870368
0.5137975927191802
-0.8117914074415757
-0.8477437985579486
-0.8861968527732841
-0.5840851526009897
-0.8260216368631392
-0.8611896943399161
-0.9126849718069792
0.04512224590127224
-0.5420606908032414
0.36578234662235254
-0.4657519132920992
0.6871861738614357
0.009958064752018464
-0.7493949969595232
0.6410818173654966
-0.18172331333950176
0.5877967382494657
0.17230688335237831
-0.5754639310454163
-0.827758092679771
0.15481569823434013
-0.5341951085681956
-0.18949295662728
0.7526957824369219
0.14472710412725745
-0.834591863933199
-0.8067779432414025
-0.9397328247977715
0.2696151189060642
-0.24542202399227026
0.7918681578391358
-0.6591103233717674
-0.7398215349333951
-0.40030123741703927
-0.7425706556247558
-0.2370821202894684
0.8202633587179187
0.9232424924252176
0.916425579905493
0.9460176828960773
0.9524876410841802
0.8700310170258437
0.9008086687264796
0.7735185378825725
0.8009921661264631
-0.6422811174500238
0.29927944774047693
-0.8154057938637966
-0.4401531155253543
0.7913819797689771
-0.12771116281294453
-0.824540551849273
-0.8179543425990631
-0.8466771657805326
0.2857465090306035
-0.8009515515068505
0.5302755030968301
-0.5578606703136112
-0.6598331342040662
-0.8974352809385783
-0.9180482939992382
-0.9351946285827384
-0.8636183178899991
-0.8813559689716102
-0.8727719305882554
-0.5130645982661518
-0.7034272244951101
-0.8127572586077358
-0.0888319526988892
-0.6773502916668679
-0.7591632124239471
0.46965663311276373
0.5854706890778606
-0.7549514488688605
0.609228920546205
0.5150240545916523
0.6758863685542879
0.8122073175556601
-0.604273327690896
-0.6967625833071875
0.6896374580886738
-0.12977414280060345
-0.7017860887698905
-0.7941735200418574
-0.6897260701196313
0.1329714686881897
-0.7658987786660812
-0.8254814697989737
-0.8786945606114921
-0.9199465611499017
-0.1261653985691074
-0.627946435498689
-0.7846142596680163
-0.8976798521241593
-0.9414079361638673
-0.7789611550879825
-0.6436835118621702
-0.7765825671287202
-0.17325810798668734
0.788111487646281
0.7814961729576063
0.9412465927350037
-0.13510147836984224
-0.7205197871346556
0.29703460993881303
-0.7613824827797756
0.5831529487734989
-0.7284221716364825
0.6392465829856256
0.49113382735124195
0.6696893826029875
0.7399238886266867
0.09215077463662436
0.7352669838391823
0.8871377408732875
0.8977256169513597
0.8749328576714366
0.8932455270344974
0.024417822579392835
0.7037260350968195
0.76018138714926
0.12381177882590655
-0.7817738635484549
-0.8181741662444308
-0.6769575916893512
-0.879595335532723
-0.9344677959368953
-0.09689948787544114
0.7641431752575674
0.8192561347777894
0.037952009935415865
0.698979986396221
-0.08330820234187275
0.7439141476848374
-0.6305908615079172
0.4947130798124465
0.8120664175180469
0.8712956703578814
0.9363103100801099
0.9398605531397461
0.7820887615543374
-0.43125089509278647
-0.31262787528219366
-0.7424319829898544
-0.7305151269677533
0.6826211425820632
-0.6730858392521721
-0.7835782181484162
0.6479703099742306
0.8471459722156186
0.9435708571759849
0.8307888001840905
0.29889872916624033
0.5872948722907142
0.7263178369546752
0.8076026310812437
0.48684001067441507
0.8586637713683554
0.4102391902900851
0.661831435309697
0.8798985139315321
-0.13330187184365722
0.7832861255137037
-0.6079599318912886
-0.7399730837908026
-0.8060692055566347
-0.8644055614404379
-0.9349460078139624
-0.032945865104162385
0.7284150466604389
0.7886709287563264
0.9111440756008238
0.2629031114332792
0.7713783160637442
0.8099594960071608
-0.0360695203457449
-0.1903277918411177
0.3226996111767144
0.5826514506394633
0.7515958075298077
0.7966170680550049
0.8335174626292238
0.9258128466720681
-0.057596531570531885
0.4285623386081057
0.676554693419771
0.7580157576099388
-0.5836929476082997
-0.7992410752936555
0.31965163513867534
0.41863461279566816
0.8364462034723474
0.8979429413421941
0.5367191158785632
0.689435362067086
0.7934256352952305
0.3159081803573036
0.8550784342745846
0.7785324789450891
0.8128008633367024
0.7433531285642949
0.7839333831456766
0.8276085556854709
-0.10928106845813233
-0.6294289819538884
0.25972677973536046
-0.8134343080726973
-0.4501923172737444
-0.7178410289929517
-0.8204885100823678
-0.5201428425673432
-0.6965575523170137
0.33631999746309954
0.7882777397935508
0.8659195050650901
0.8903444137704287
0.25724938903176686
-0.7081611603436874
-0.9364580112070612
-0.9182601636819923
-0.9111811654043377
0.06466447682423124
-0.7650330454989047
-0.23218406246898482
-0.8608683926789528
-0.835443050489008
-0.9174147545970703
-0.9418044825593409
-0.9495364824381803
-0.9475236411889555
-0.9496440344435296
-0.7752161020427164
-0.7371647612338377
0.42670120801741296
0.6200659627627724
0.6158601831083547
0.8785939012552054
0.9274724057887082
0.5276949630321548
-0.7424792289975379
-0.6685029273068649
-0.914421368206621
0.48529136171409426
0.639732717428363
-0.5479042714651219
-0.722934203396781
-0.837067520344478
-0.935287490866271
-0.9465580623361047
-0.9319900217672371
-0.7383511261260387
0.6037912065424874
0.7602876220674241
-0.1004678485158737
0.7695939680455078
0.13675338940799353
0.10378696941120488
-0.7349067901663837
0.5213695231377437
0.8301560319405449
-0.13582543409335054
-0.2932842442714584
-0.6844164982497523
-0.8002478623927364
-0.8406196414852593
-0.9284472509068594
-0.9098132463900065
-0.9093724984778461
-0.17770121870833094
-0.8215450663669528
-0.8778627114320043
-0.8973274171050386
-0.9010215596822444
-0.9137478176487308
-0.8969533346670504
-0.889163392120083
-0.887058664306522
-0.8931488664826661
-0.9472740818241496
-0.27745340850566824
-0.22824513218490095
0.5072099540498867
0.5292776344110164
0.6782890272305436
0.8234564105962545
0.8498504077429663
-0.07041563369512197
0.7637658463001911
-0.4225937058081989
-0.1578993068448439
-0.6470840633899936
-0.7716488873635625
-0.8033514697829479
-0.8266664957282265
0.3434023807536566
0.5250987513260438
-0.629462493666013
-0.7126033814926832
-0.785671270755157
-0.8358494614297909
-0.891277820953846
-0.8887502882722484
-0.5347136449495539
-0.669534082657264
-0.7379713256806327
-0.7920568336773609
-0.9161387799757154
0.36137011055614154
-0.8109489797856868
-0.8295219966414249
-0.8544119691628589
0.48492574487183254
0.8141542158538232
-0.6194834114951812
0.43370885486569083
0.8590616720649581
-0.6286254766485234
-0.7467063442170563
-0.4450608541883772
-0.5165015081151318
-0.7645443070672768
-0.809967374858368
-0.12670424897044189
-0.6394174706251641
-0.8819038382110675
-0.8674465359541079
-0.8871002878407311
-0.9002665536219449
-0.9052722660020236
-0.751180385688137
-0.871247048889641
-0.9117487968171107
-0.9319024047149171
-0.7552015891427784
0.636433483185316
-0.6785262843075213
-0.901141368380424
-0.8897853331007048
-0.9176131616811191
-0.3405373549067253
-0.7023929419967782
-0.3275995682268218
0.7900728021054484
0.8994555083034366
0.8498876399505327
0.9336566390467722
0.8550364303033603
0.13412672696386813
0.4452428076734719
-0.5566383204041772
-0.869410179279951
-0.8675409186557627
-0.9289646518724052
-0.9435363257527996
-0.9227698837416063
0.3710867633427616
-0.8270476326274372
-0.015119030289725905
-0.4869587765355542
-0.8651303693050976
-0.15089219029882772
0.7925726372352244
-0.4300136888102276
0.7944450520543764
-0.4611213767702875
-0.8604247895361837
-0.852793865228322
-0.931791327509493
-0.9184273887884679
-0.10256078164481931
-0.658017817799136
-0.5715227870202682
-0.24529645711578138
-0.5631978042000875
-0.6494842669595174
-0.8589655423056324
-0.9246778248894998
-0.9176437830111791
0.2752399956732227
0.8136940028931765
0.25966185600212266
-0.8134870002304722
-0.9335308136521276
0.2403563226308359
-0.623198575406113
-0.8909673174711933
0.2962968768181292
-0.8165230553983205
-0.48863921484465606
-0.6405181158815902
-0.8226733962117422
-0.7918254697433095
-0.867857110635647
0.0894126729763037
-0.7650852503018981
-0.5184070352345959
0.772302868819671
0.7824151697743977
0.028634907243856277
0.8265693110424766
0.8142458984476509
0.288024786941404
-0.8281639056946059
-0.8649093582076148
-0.9318899549151869
-0.9085401538653533
0.5242123377466413
0.6849144137277892
0.3604978802547621
0.6931052875116454
-0.4689904936471407
-0.6202308106262272
0.3595001935284112
-0.8346705513440772
0.5553314375791463
-0.7468381855803551
-0.10724664908842414
-0.6683997456628119
0.637841010841745
0.45379619425004214
-0.47468696691883927
-0.36948875726840924
0.7976291713558269
0.8063229783733984
0.13326693705629428
-0.7794961655791712
-0.9194062261402258
0.00016238751186678155
0.796779488806219
0.8199170399595946
0.2658515384557956
-0.7901285734711354
-0.6055050868636515
-0.14268012094396756
0.7790696313159406
-0.6342210902602533
-0.7391918287303566
0.32297885111792524
0.8045963876083734
0.5870304990196663
-0.6248717814103049
0.6239565832317936
0.8435093126772304
0.8284554366010964
0.8424099668932102
0.8987929298004956
-0.3396505232597222
-0.18407624710096335
-0.7528885672387845
-0.6483864332152173
0.38922427470139914
-0.7721614881906023
0.47440637752009035
0.8194385281624192
-0.41328671717115034
-0.6913392898386121
-0.916944191786387
-0.898318318056247
-0.9310776238021947
-0.9215039417257591
-0.9195523971513645
-0.9364343787202718
-0.9253132010548714
0.2684130563348947
0.6310286788082607
0.7570574930571694
0.020701895249043045
0.6876488488988814
0.8729485236421451
0.9362181141242437
0.20751823113739343
0.30289741964651107
-0.7960897722935567
-0.9310829407136949
-0.4188167906969381
0.7716456086339473
0.8225641259131444
-0.0735881406850732
0.6934606591127306
0.8421346860893574
-0.22510880588388382
0.8075778659955174
0.9327859787498733
0.9334654803911396
0.9279415642094733
0.13609903310136773
-0.7121208471764192
-0.8236149403652725
-0.8872577439377295
-0.9117392032835139
-0.900019686505673
-0.9350186351661682
-0.9496977588845081
-0.9216844596511885
0.238015931127846
-0.8168674769275128
-0.8377712253826171
-0.9089640164783549
0.4980074915468349
-0.7266937681355863
-0.770283755455604
-0.8990211445708425
0.13492133177069893
0.8322271656486326
0.8355205897133362
0.8564838104893759
0.8609260476049218
0.8666668012784539
0.9303029681353843
0.9348468236337754
0.06981009783165879
0.348765507354287
0.8008122340864949
0.8551064787772585
0.8790728125225377
-0.3663168992886259
-0.7545549397377623
-0.8080446629754529
0.4686229488551711
0.6440583233978255
0.7864123632199397
0.2810820496590156
-0.5711019483895688
-0.8502610646469462
-0.8591791094213979
0.43784525973015315
-0.6961762711131125
0.027354132703013533
-0.7308007706870897
-0.38361233719503696
-0.6285021269713162
0.7561898208331079
-0.6179313080265082
-0.7277184191726905
-0.49950471666405394
0.6169368156400712
0.12275943463357832
0.7231317058189513
0.15286490176887862
0.8494662827131366
0.6922860451197249
-0.5830396185969065
-0.14665715214609534
-0.6760371231132507
-0.8588008853217833
-0.8641151317858436
-0.8821999877835461
0.476514293710949
0.8553768804717674
0.2048446705316739
0.7082037702838211
0.8760119217126678
-0.2558776672428401
0.5925890053768126
0.014365176214239949
-0.8059020260175941
-0.02526490325390847
-0.7082901233180756
0.5561572613952916
0.6393097864301246
-0.18342902031624583
0.8250214208083507
0.8453978455881509
0.901490580214718
0.8921931254528443
-0.4124359432815635
0.8116555041375246
0.8400212275640434
-0.1675232406745292
-0.6130458616364861
-0.7069690863388579
0.18521710296212035
-0.7795719901786579
-0.8363713669152046
-0.8906654738874504
-0.8870065339457356
0.3735028520509836
-0.7799816295152292
0.1335815053715839
0.7658298060520526
0.08368556067144928
-0.36470347232210354
-0.5865325600081643
-0.9068890813430055
-0.9098870625542879
-0.36686882777854446
-0.8716308750350314
-0.8556020350230816
-0.8991283703347744
0.46879101226533176
0.6239409965500722
0.7284840466362323
0.8267833556861041
0.10130539052346099
0.6745962737121957
0.05620304613744183
0.7080848873045534
0.2741499185710088
0.6755739660157206
0.7490373059264231
0.8077839877897582
0.8279910906077469
0.9272092492981512
0.8919934010818826
-0.23889515562577102
-0.8341230920775456
-0.8138652937643265
-0.8360685326696764
-0.037617800281872144
-0.5327256465992464
-0.7489994531927405
0.532244540214174
0.7716148562804012
-0.11422257550568468
-0.8060730817827311
-0.8770318223765864
0.2678589761349725
-0.7965996644512762
0.6087391845761679
0.4009647551692205
0.35202795512905555
0.8013405730587039
-0.15286794557570527
0.7860548523850501
0.8358471617854422
0.4112195723376843
-0.47808338527466815
0.25570091109586973
-0.22892781331069412
-0.8151160298414121
-0.8493001904429166
-0.9003327079868368
-0.9254896364232981
-0.9506751438323513
0.15606390951359972
-0.7883027240693514
0.5403714496000275
0.6762990141802397
0.8048077441847701
-0.4889975895049139
-0.707208041803506
-0.7319553500699073
-0.11526691682067979
-0.7279359590888644
-0.25363569587279683
-0.6020175112056491
0.6734694478705497
-0.7180724268769586
-0.7979095233387916
-0.3038262307000373
-0.6430504879829965
-0.5631993374881317
-0.8371388964374386
-0.923728586984377
-0.061104011926471795
-0.19514144029925073
-0.5896829862884235
0.5710049745756949
0.7533451307091906
-0.12284783077709877
-0.6514649515960963
-0.6749753718212881
-0.07294902968021016
0.776238597855818
0.7733559989920524
-0.4333810697810847
-0.6868004541831032
-0.878887068383397
-0.7502924070517356
0.4439087607416288
-0.8177170264361502
-0.8432304484867224
0.04119086674071582
0.7971575003980506
0.857280030650439
0.9428002760906616
-0.5921047352969545
-0.6632483221566071
0.7281234848473003
0.7727472280658327
0.8091580387145141
0.9278038801190369
-0.30326300358862035
0.7305435479004494
0.6010232239787422
0.7148384912299435
0.20533575370916715
0.6640419754704351
0.6276607018673119
0.29099646059595874
0.42585132085352334
-0.6033643156415937
-0.7764623344665202
-0.8491664851903896
-0.8929092785162556
-0.912220017273104
-0.9237626658381145
-0.6150882553457905
0.2739354076223732
0.5629891440072234
0.7065076541236397
0.7966245220881906
0.8892733779432074
0.03499760686274943
-0.7780344759312813
-0.18246802326118733
0.8193786383305292
0.5888104661587251
0.8831250725992393
0.23581792393596493
-0.7727861369456759
-0.8709151120215883
-0.8622280438289521
0.22891433223948948
0.6856258821466318
-0.16544972348008397
0.7371087032324017
0.23103912794678763
-0.8086478492192904
-0.8219739245755497
-0.8312002777431438
-0.9341443453696143
0.5032179657931313
-0.7753405051125009
-0.923714669102642
-0.3628445173074459
0.8316873357202745
0.8305900581856271
0.8840924319450079
0.9117503029883862
0.9095380268511607
0.16558787467628666
0.607521986335467
0.7699530431206938
0.8159173745981115
-0.07724231330499172
-0.7501662286331561
0.5798113674687655
0.6782085981856424
-0.6847405503337912
-0.8715019754827986
-0.6088158023482689
0.7346596703915385
0.802031785037424
0.8251394147010438
0.8673496867729813
0.8690707719808708
0.8892926087040822
0.03400158180106546
-0.7215337643938277
0.17444754967081028
-0.08531481310224276
-0.6239049749338442
-0.7471863598142631
-0.4509088727998794
-0.7938559258959579
0.4887008455292941
0.6216201648648616
-0.7137777522647826
-0.9116651851309473
-0.8830384204174085
-0.9088696203425098
-0.8824723376962379
0.19896992486423626
-0.7796801971415287
-0.9215705146416795
-0.9362704986327994
0.45457935180459935
0.742529155265344
0.8161975175282182
0.8412738951222761
0.8479909428504763
0.8838229124444368
0.876822782273073
0.921547266448136
0.9062691753272618
-0.15844685074653703
-0.24677246960952332
0.8036194313044961
0.8487705361029984
0.8903349703974767
-0.40026576752175486
0.37379287225610297
-0.832321939991932
0.6225119032282516
0.8631279137027011
-0.5710085560220312
0.776698575588222
-0.0638878896557161
-0.03462083315901888
0.8229738504391357
-0.5413946831092153
0.5962946367869459
0.7584081598329109
0.9109228409695562
0.9228575000775204
0.9391805428911221
0.9354150040770881
0.9459828805611914
-0.0589951070293193
-0.6777942839125558
0.2307449169224262
0.6613021234356644
-0.7121734318499823
0.44181757231626045
0.6217893737537901
0.7818566979778284
0.8429906054759507
-0.5702246928005923
-0.6887451400395899
-0.5309930708652485
0.17390936109899766
0.682578527926197
-0.23319762774305688
-0.6393512047751027
-0.7336880237466938
0.4171945986785221
0.8391638087644337
0.9334739453817364
0.8903313826909934
0.8877404688157884
0.05742690553857446
-0.726925980721251
-0.8114982963993674
-0.20957294310033578
0.7932527169461698
0.7602649796678805
0.8049687067098878
0.6701384071393158
0.6321570691667037
0.7733822800420869
0.8198724851466394
0.9293216914047501
0.9148407377447954
0.5005698184273423
0.7208350075299238
0.5841691950454572
-0.7588815113957665
0.5272854148314892
0.6924100419960174
0.895192636612694
-0.31125433654759893
-0.6712255917691073
-0.3443014376825135
0.8262089355874578
-0.49583487134197163
-0.7083943106960973
0.6850456728980298
0.8792531938463286
0.15520930980910794
0.6186399632665518
-0.6428437922209653
-0.7384344902773565
-0.8040786294845695
-0.08810272609904189
-0.7342657423907062
-0.7100773954811248
-0.9159500690106585
-0.59806992141021
0.7403489312710204
0.0511776949740916
-0.5352645538706178
-0.7454898316985803
0.5367005848740317
-0.4555124745920486
0.7144791722957027
0.4311239509656605
0.1910250848230342
-0.7809402013283531
-0.8334527829660395
-0.5694909492942718
0.2394231566070248
0.5945235902861573
0.7712278082956037
0.8084403004805809
0.8645787425658139
0.8722157665054809
-0.30340638216229043
0.6753795039964535
0.89863253361534
0.8726192672700279
0.04449505366028907
0.8203293441174906
0.12387470502893146
0.6908147214044421
-0.6700463554114685
-0.7553934386285117
-0.8011803950113118
0.3309421432369881
-0.42207394753545513
0.7989414445075952
0.4158832144273709
-0.8288860078701507
-0.8971932923453726
0.23115637447600731
0.33129717591865343
0.7949854331867479
0.9088740561224485
0.8812958001117247
0.9216275457835825
-0.009044870459594068
0.7048535688996715
0.8501655931632853
0.8672075572125553
-0.29743048776391684
-0.8443545157937685
-0.7102013652771783
-0.711965864840463
-0.7976766866315117
-0.9149517612950759
-0.8831069210973058
0.5398156586848798
0.6677927005848795
0.4395648504479565
0.6569827899248806
0.0024997273468930475
-0.7154590646533654
0.3426498022881158
0.7522752398743173
0.8291449077397011
-0.3261594767988823
0.7655441239492585
0.8210958800999358
0.8599444622620463
0.9207112268949333
0.9177114286940878
0.865064790136802
0.14376984376443305
-0.7731057960376392
0.602152413483341
0.702810856925513
0.8922174051862205
0.8694887064146766
0.8782044922359566
0.9220362337996201
-0.04486319028557305
-0.7745689992534447
-0.4595258445861534
-0.19326639454338834
0.34076923887695926
0.30320622449893414
0.3917701339122582
0.5613634564985475
0.7772233353337318
0.930720216457568
-0.12239509920740653
-0.6715325697174277
-0.8678028483868763
0.6030963754870521
0.7223558615183844
0.7680010205821775
-0.6220689784840491
-0.7116113375102421
-0.9110505256017698
-0.003949842820648023
0.7699455905087476
0.8218307829898801
0.36802316134710433
0.6712095024401428
-0.03567205124060874
0.7406025764909661
-0.2404573631008072
-0.614322484458621
-0.5353083086665077
-0.8429327829951289
-0.900411765426736
-0.574483151374808
-0.8815750943444034
-0.8740656025628519
-0.2859878479812406
-0.8310163310605281
0.08695153731102903
0.664705561983369
-0.13961435961706353
0.17929159532819766
0.7659376433057696
-0.5146265420494626
-0.6575744521129543
-0.23099349160751853
-0.5441668461146584
-0.710188800077407
-0.8828517776303999
0.2745765064951086
-0.8167814171285535
0.5426714072264929
-0.8136675133086841
-0.8935213579661109
0.20081187575441692
0.8320933503487237
0.5424358776247657
-0.4028678895121864
-0.07768404912536192
-0.7541072641662379
-0.7872950167027578
-0.8064524373030006
0.5671650707198492
0.33043564674062137
0.5537554854274399
0.7387883220507538
0.13106085938176543
-0.7691281645491449
-0.8070163321757351
-0.74265087130111
-0.8099521829677473
-0.8603488147590767
-0.925908754222136
-0.91705635318437
0.07786768230989843
0.6750031223003096
-0.5215135316532309
0.7983963449721795
0.3040781187012906
0.7142219872818244
0.13592829362343373
0.7797251320169888
-0.614542002395122
-0.7188680304901844
0.5532329320657231
0.6761158583187453
-0.45285369279666754
0.5491617450039611
0.7664891439980375
0.78653671844516
0.8493781089400391
-0.3344971320493426
-0.6275714001751622
-0.8278928326819419
-0.927671223557405
0.08515769761190786
-0.716384976489321
0.23048050578829488
0.5977650857208018
0.7320109990404242
0.8381463068120066
0.8457029208827582
0.862776998043368
0.8946362644343844
0.915884863322241
0.33907273297541535
0.6834763214774489
-0.6642693862280938
-0.7335715073828974
-0.9115247689601867
-0.902509416798623
-0.8876159298614259
-0.5763697475868607
-0.7622626614342819
-0.04245410499849831
-0.6977662440933086
-0.7601103996948283
-0.59141555393294
0.1440873087097314
0.6799354206273368
-0.7321111310667018
0.6119875198102055
0.7020320884380129
0.8735001776210083
0.925391030471966
0.914589520682479
0.8906924242204044
0.9144929222218855
0.9086199488221878
0.7677460666730845
0.8178576530579712
0.19501346953961343
-0.34666700333870365
-0.6813058682923521
-0.772194592538949
0.5844720944253932
0.7422951667713126
-0.5893649168736094
-0.8337347540732379
-0.8805234479513241
0.3645741822826083
0.8459106326979833
-0.2531054430960972
0.810582754437081
0.2714633893239789
-0.5003904213184244
-0.702573371231329
-0.7944788717518734
-0.29225704653582874
0.7033098024295065
0.42493117814710857
-0.7285052289132071
-0.844701893861069
-0.8575750972553262
-0.8948657698293309
-0.9496946841041912
0.10475719454980684
0.7771814965806751
0.4065759844759119
-0.37276269740989887
0.5055561408091932
0.5275025977851995
-0.6473633762807691
-0.7533137554877629
0.6657981306840726
-0.4068600012583872
0.7753497488929848
0.7422605046971025
0.7790368900306683
0.37583219767446496
0.6351975956602781
0.7220196776292572
-0.6229173021590568
-0.7763303343095199
0.061758985979541575
-0.7599614293715679
-0.8641616244305682
-0.799879902850224
-0.36010669681304464
-0.6042947491674933
-0.8430636768173037
-0.23183435533637176
0.804988168109262
0.8964591448003723
-0.3235065208625961
-0.8309201429934236
0.41833660843813136
0.6122209589949542
0.6788686052495195
0.7686669764557146
-0.5475582834081235
-0.701255929841826
-0.7425406861487736
0.6322017992002198
-0.4815081742252352
-0.6244406177927645
0.2933977224536321
-0.6624180849972603
-0.7594312351660009
-0.8339262528682985
0.5747522514824365
0.45763227765924963
-0.6805740047114537
-0.7601746523838686
-0.8553544171495313
0.4953831688153821
0.6445810093440293
0.8545672663555869
0.9306532994733634
0.08350476583929628
0.8213592934029919
0.6565887155488661
0.8093379254409073
0.8484406693191419
0.9117039678599623
0.45163605298305853
0.6474305795136198
0.8707607523856877
0.8764627537303517
-0.2924800475346553
-0.6605149126251854
0.7050812395457594
-0.03951968944405732
-0.7001212958895348
-0.41985426269709597
-0.6468226592572373
-0.7862591652107708
-0.8388153350434409
0.5817346812659917
-0.02724682563342838
-0.6754220224843093
-0.8501633576162057
-0.07136369681652457
0.6101342519339251
0.8677945884429024
0.883549757941266
0.8834354453637346
0.8951157294362936
0.9111511749806048
0.9198261556644522
0.7472789549279606
0.4088674785694225
-0.275108365265457
0.8166558150028075
0.8874771046447865
-0.04451947679679237
-0.4941579494719664
-0.6313100958597835
-0.8879435089239845
0.16522167948775082
0.6632348296835605
0.7187265921595626
0.11018595706707143
0.6908203510625276
-0.6237127746316272
-0.40412760680454873
-0.6550324799951696
-0.7248563174248736
-0.8353152634582067
-0.8413133229986668
-0.2519035674451054
-0.05808852431727077
-0.8226412590524405
-0.8803551451332191
0.5350658229721732
-0.7853652270506948
0.48615021838794087
0.6132719558245742
0.731140858582195
0.9252414212483487
0.05941741606506956
0.6694357761458749
-0.36433953352053217
0.31662864271984265
0.6820911843202991
0.288420175773793
-0.8053318606407663
-0.9177442628985963
0.17653177350325985
0.3234667338483164
-0.7833782780113452
-0.8520799332159293
-0.9320527276410644
-0.43732872835039427
0.6262451939975212
0.7746137425461216
0.8037737667648099
-0.3599428963700396
-0.6897850432550103
-0.7777241163770067
-0.8450413229419304
-0.6721250560562257
0.7046713444561131
0.5708359507925764
0.15672856031676338
0.818803751964177
0.9115661328231003
-0.18780117733580626
-0.6788639979531775
0.048778776620452526
0.7253713493002542
0.7870009636275437
0.9053371259288967
0.8965714816539121
0.8923627600164512
0.8985205574618627
-0.0030596588301285326
0.7408308206875737
0.8131397118037009
-0.14046300242551515
0.7944665320470593
0.917003462602247
0.9307534302878862
0.4520182957209997
-0.7406476007381754
-0.4972122080887847
-0.7052214644863798
0.11701209653521845
-0.5630354513017102
0.48634605816214665
-0.2638129121947269
-0.7422655950327421
0.6467302809091918
0.21103386445211691
0.4558135324273605
0.7059107207441438
0.7690430532060579
0.884387320633981
-0.2360437353033149
0.44565699482695553
-0.786556589826845
0.02515513431153355
-0.7395316922626427
-0.8577566427816311
-0.8764688402661204
0.2980724239421893
0.8545043669531104
0.836713642675636
0.8551454388982315
0.7344067210604447
0.7779112666508403
0.8379081922817748
0.5101474686597396
0.8160186613161708
0.8391769187910487
0.8637773419194381
-0.5616245060042044
0.4911446310915402
-0.6378943814740955
-0.8855203618917403
-0.9228309011091401
-0.9379472444339537
0.3343877073921805
0.5919821039582204
-0.5681514183656498
-0.7243773202105376
-0.810205799298629
-0.8080446393857958
-0.8349938215866094
-0.8792140467071379
-0.40130940637404117
-0.6620936602570214
0.7131038693676032
0.8292614303483433
0.5064606464818514
0.6567183897941099
-0.25415787632471554
-0.65643669843195
0.1427330668677398
-0.7809819671821534
-0.8134335243901261
-0.13305572806989602
0.7856330042060071
-0.2608187337925865
0.7801579524073774
-0.6482191121157422
0.7417484374245524
0.8312315747263985
0.9295695380379683
-0.3710425790389187
-0.6098165782624941
0.7369756262254915
0.7693139145026504
0.3786499420382994
0.6056016266010773
0.2374182180019908
-0.7778532016426886
-0.6832335898870567
0.5415826737756195
0.22183729451912307
0.650556814334314
0.4732726095541531
0.8581306950342998
0.9227650579885083
0.9234742893381794
-0.5714823383685782
-0.7322416817532801
-0.7762245531659873
0.6060028955774535
0.8483428514027277
0.9234842579605758
0.6812824609351127
0.041099142879090014
0.7035696057811509
0.8545557673852388
0.5279376553183088
0.6403038456793995
0.7873825339352896
-0.5840298970222381
-0.9042189129012865
-0.9369291538771006
0.07945694544716952
-0.7597129295630923
-0.9166659812186599
-0.6418689181467269
0.3171369386121854
0.6281802448484564
0.7384470428178794
-0.5544394361876989
0.4539446198462819
-0.8212126736310046
-0.8323073387498943
-0.9163282830079419
-0.7863118444399376
-0.19657977885533812
0.8009719486137108
0.865600877371835
-0.4758360392698085
0.7918792654754985
0.8154131603573707
0.8756978635996954
0.9158255461521525
0.02584941971556119
-0.8145616287336013
0.29659558935999975
-0.49960546933812755
-0.7280144065237719
-0.8984586883323555
-0.9107731637104295
-0.11795363992139482
0.7584480504710635
0.9091169577556206
0.898906073766649
0.6288612638782821
0.27333911235422
0.5775129088246166
0.4658860117633826
0.8621940161285883
0.8882001158686579
0.9249063362381482
0.406075485742905
0.6115579391407431
0.7789755001035479
0.8950759823712587
-0.5568788040168122
0.6624839377365548
-0.6404690808754113
0.6843815316875583
0.7330758480905696
0.09803712884381939
0.7432939522264543
-0.5296986679700836
-0.8286434534337775
-0.6930078726665763
-0.8895904291676159
-0.5962130265254095
-0.8358984192492459
-0.5445811352729589
0.6600241535905267
0.7492958507805481
-0.3951940367444388
-0.08311527383957784
-0.6669065408730532
-0.40655298178475063
0.8075456839168873
0.9213554657355624
0.5612208720397056
-0.7378419232538649
-0.9088227338655746
-0.23355613349480692
0.8157226766187272
0.3720719973723937
-0.6050898127997958
-0.8591630779152799
-0.6076370883498627
-0.8835600280729755
-0.732821085480238
0.44688200975302966
0.7168705925975769
0.7794011417007083
0.332470335980835
0.6341785084111593
-0.2062412437307184
-0.6299279976101735
0.18208369505504438
-0.788547152199501
-0.894216885819198
-0.11187423441246425
-0.7723486546120413
-0.8035595035222087
-0.365792560238733
-0.6603997909994938
-0.039271950484245706
0.7377413906786549
0.8066198646766496
-0.3922937688009602
-0.6652558978187277
-0.8942590784279343
-0.9304153046945884
-0.94674814946381
0.3882198937794944
0.6450487202295776
0.7668381346975437
0.8135511003601764
0.9215495018665864
0.880300566125389
0.8863081909342096
0.34615714272869497
-0.15868153617475497
0.7743216351334651
0.7944118714043626
0.4500446800604548
0.6501738812872586
-0.5291069358602306
-0.655207027376931
-0.5233818025155729
0.777549081250583
0.7213406064173306
-0.6806818921643083
-0.9073871651208193
-0.9397252889050349
-0.9242444728368875
-0.9202690605152147
-0.9227605808150176
-0.8936209715207455
0.496693923476767
0.5215934534482595
0.9022882721478801
-0.553880284404882
-0.6803698800064256
-0.8857508659573349
-0.21889497240883266
-0.7162419896211882
-0.35650899259450963
-0.8385740727824175
0.5107646378032134
0.6530743468186091
0.7653829838132323
0.9038197520979208
0.8815998498378089
0.880192515331596
0.36164870694529355
0.6028015073135845
0.18638197179707544
-0.7052714319558867
-0.8150503188615791
0.45643038521231843
0.5484677869963038
0.6898835359836364
0.07161308209862431
-0.7885012984384908
-0.7860150151902601
-0.8329718882296829
-0.5867852852679385
0.44834634099571824
-0.7923014014536695
-0.8147224878951957
-0.43107485611633006
-0.6156271324142445
0.5170186164349938
-0.03902981780813926
0.7485653456462307
0.7767918604062167
-0.6575776359965176
-0.8549714800146828
-0.8785673611360758
-0.38173266827587793
-0.7426522492101703
-0.6251462824513958
-0.1590819761775042
-0.5840847126897778
-0.4908208647152142
0.6965491082966087
0.874829430424004
0.874179428678622
0.9314694322984755
0.7987489514178441
0.9318007642224496
0.9265327478752431
0.2775033528152055
0.6005234402563793
0.8154570340020001
-0.5140437751890661
0.39616178692396165
0.3448913875508724
-0.8130443771879029
-0.31362753771752666
0.7938342019200431
0.297412744237013
-0.8236975594287558
-0.8373386543632273
-0.899400685649385
-0.03337332033684657
-0.7901055064944554
-0.6734167722684777
0.7145888904330581
-0.668321247136371
-0.6322220087497095
-0.7409078239327298
-0.7928603312106375
-0.8297775558607665
-0.8467981241559326
-0.8720943845420878
-0.4692546541283751
-0.010735627383762776
-0.7368323568887747
-0.9063342891221666
-0.1488569743078318
-0.6939196858035264
0.5661521705465736
-0.34259502867567926
0.32239533064414694
-0.7454119779169575
-0.9123015572474075
0.5000224085842127
-0.032218620068050256
-0.6812727472870347
-0.6059003212849534
-0.023847517949531414
0.7225260359038091
0.7944134807614751
0.9165675046819568
0.9028486170784336
0.9073686168664628
0.8952865613281396
0.936367097086003
0.6379720760544623
0.7134386060084166
0.9158622850320033
-0.415345714502164
-0.6495772684567299
0.3587910012938018
-0.16229722353595138
-0.6438111939851923
0.40907465694157863
0.6209486068827197
-0.20750401483539546
0.8079502468436119
-0.6226275911714222
-0.8114523192819094
0.5966852354606551
0.7796710778039307
0.8310912494068301
-0.6282881904579153
0.6929805330369039
0.7528724739796566
0.8281520757164139
0.8865494862638691
0.9241133106527686
0.9178207729853699
-0.48601774194811137
-0.6921141246750646
-0.441111307946261
-0.7801514874835522
0.5802986971696749
0.6870043371088432
-0.06503435449293662
-0.835632217156589
-0.628566980369041
-0.7583585684855743
-0.8038526510374044
-0.9182078898445176
-0.9225710507009063
-0.8888935344139094
0.463866807620193
-0.21923931410708683
0.7867125138210579
0.8740013708394532
0.9368954500929323
0.9431164136132771
0.6898836494246492
-0.1966122419755867
0.8107231704624998
0.8926397413364288
-0.5133861951405101
-0.2854764034576159
-0.6372295525965447
-0.8714047401127962
-0.8832298775360423
-0.929126137100018
-0.27710207813234367
0.7317225002984333
0.919804934907877
0.9290989566424015
0.9150355814776749
0.9007005454394782
0.9247898216385216
0.9248625556225414
0.9137123374789359
0.9100117716606182
0.9320760072668037
0.11811700932038627
0.6896021759582581
0.893349047995953
-0.2864696986483095
0.34420125590006434
-0.8253929854147871
-0.9063461348037636
0.44183538602040523
-0.8000123678297658
-0.8246561372420262
0.5964292240591843
0.8481180379573284
-0.617311904106149
-0.7264450693619654
-0.7666382939775922
0.361612722201847
0.6812443801412207
-0.6912195228659946
-0.7974199198981045
-0.3386768502793284
0.8273328387767086
0.9124835416905676
0.2239631957735393
-0.7917936494985648
0.49833566884321
0.7602136799510901
-0.5224473422904536
-0.7109333789374483
-0.7797664028508386
-0.052841408283392864
-0.14267175664425039
-0.8137370365768641
-0.7231769048588373
-0.8828223551823927
-0.02150092626736711
-0.6907317128522723
-0.8431251068131957
0.5968436701632492
0.8681172788095597
-0.2540215712583606
-0.6808675731826981
0.05517258375200804
-0.3566663553191341
0.7852265109647216
-0.0709257899384293
0.503297903267148
0.7794913684997982
0.38644418209739906
0.6187628986672797
-0.7820178255009667
-0.8979742330801561
-0.15197553489657184
-0.33742490217001675
-0.6619427479463738
-0.7565702135138571
-0.8898372918998554
-0.8854040045655917
0.08465185802653713
0.6576921418302479
0.7522187102818936
0.20275684505058378
-0.7824216612686061
-0.8474630381405148
-0.879666442048564
0.15241067741325265
0.8784207802714259
0.7121377761051162
-0.460559094720267
-0.6755086325416411
-0.7359539490881175
-0.39965973983372544
-0.2998173462757805
-0.7377423549988048
-0.8106831132045895
0.4624932075082079
0.8288152759055586
0.8430664994110425
0.8631606189109186
0.8755239007387199
0.8710081043221513
-0.2866362551418348
0.7424887528856818
0.8834605373791986
0.8910848188556063
-0.5095697888664603
0.7973790823679112
0.90777089313879
0.27565295191945927
-0.48165901152708646
-0.6826474328754119
-0.7406060967899482
-0.7902249648532986
-0.8457035503380633
0.34291019434824516
0.8077240048181727
0.13283554328109384
0.6790405254722341
0.7243587209621488
0.6149448135009894
0.7481732602605597
0.8202989861290058
0.8635713070581517
0.27315052804664425
0.5698564430556874
0.8840148873188526
0.6672982975637609
-0.6338045796570181
0.33441911990137513
-0.824848372342912
0.2515814906754782
0.7825378519326038
0.9230372630117253
0.9338846444162219
0.9499520900512641
0.9335303352108654
0.9106749313885528
-0.5189249305120023
-0.5720924424405917
-0.7512691263899034
0.6831304917188814
0.7419803398003308
0.9010934675040929
0.9260948494866936
0.9376306091081215
-0.4927963128518773
-0.6420602085678482
-0.8072922272568337
-0.6582714118649826
-0.7885685081446957
0.4418048347933955
-0.8227770912263028
-0.88030777667896
0.3046222997272983
-0.8260100325789573
-0.5473798649786301
-0.2581125854376912
-0.7847731176728123
-0.7711940443671165
-0.8178614098474123
0.4925478807795847
-0.7793648511808271
-0.8374001404990038
0.4903627230143911
-0.6748493829124395
-0.7534855202260589
-0.8147344133850065
-0.8565417877052978
0.5628867019523436
0.7356823501978595
0.9051406126692101
-0.11521298908053376
0.2962083183380067
-0.803664444826964
-0.8877678493374915
0.27023236726072336
0.6567681705791952
0.727456556437796
-0.6594854334745132
0.64396729376605
0.8738155698418226
0.537794720496644
-0.48982504837083657
-0.6988974163905671
-0.23307364235974087
-0.8440853593537454
-0.8495915767144402
-0.8663513042235486
-0.012378041520964642
-0.7034982108611342
-0.7505797308606563
-0.6945448662712913
-0.028964509093390732
0.7415925521966169
0.7616436846247159
0.842201077741342
0.9110373218109253
0.911640459169662
-0.4090787613502855
0.7982353195262983
0.4533517072711562
0.6349844606799839
0.7965775148480662
-0.642548040693027
-0.8005743358180846
-0.8470868617631864
-0.914992888920036
-0.1936051284556335
-0.6802922849565175
-0.9035471096876029
-0.8899355684644982
-0.25975503998009786
0.019604322448804445
-0.3307239548703272
0.5325217226551862
-0.7836235874998696
0.3876237617883407
0.5220080686625925
0.4017532270615634
0.6077926461750115
-0.5385148064098627
0.7662459042661803
0.5844573550220554
-0.6510731105975386
-0.8051050817143388
-0.8651680371407796
-0.9101011540234414
-0.9193679416444538
-0.9238213888297491
-0.9377148055096831
-0.9308588655606073
0.2644687663832649
0.607878095411557
0.8851266361613491
0.05822492170508696
0.8080600628271741
-0.4495267107156506
-0.22245695970766
-0.7789059538043966
-0.840621409871653
-0.18982031582666442
-0.6344689861764558
-0.8888707759091734
-0.9030353170032144
0.5169005464440538
0.6561178560636821
0.06422879936116391
0.8258199412540626
0.8599454459553596
0.3272666398752953
-0.7773720379642367
0.11549473141428288
0.7966905410436886
-0.5839098440079362
-0.8235801260031657
-0.8359617680776248
-0.9341918577790992
-0.9292388115271706
-0.909836557392995
0.5454967123181401
-0.7431477829766943
-0.7682613848399447
-0.8275396920258303
-0.8717115367409488
-0.8772594759382579
-0.8717806802081025
-0.8942613411998795
0.18731867323158163
-0.7624497398767324
0.08859485639542816
0.00952220352327568
-0.6838728169813448
-0.8630471481950015
0.14153114461628274
-0.6855055367355345
-0.7619203447001237
-0.8962020149903759
-0.9289763634305452
-0.9398328772163924
-0.9556957143032767
0.47805428348253304
0.6970609991841819
-0.6244821278695891
-0.7136654094844269
-0.7634811808802664
-0.9081913103790186
-0.927778392633885
-0.6879766742502409
0.6259435513069664
0.7317417693719962
0.8718062560499158
0.5830501865848511
-0.7413114852508871
-0.8664787754703988
-0.8865590731241845
0.4564066621144832
-0.4740564927228747
-0.7953568236671561
-0.8408805969431818
-0.8871837804065378
0.5463660753807071
-0.6729276149113599
-0.7699648303239213
-0.8113219242494903
-0.9096984002871797
-0.7949435386834828
-0.8273089995188393
-0.7586706589110798
-0.8180203470837154
-0.011532751400088866
0.7158832165824364
0.7776475446731689
0.8851324561995926
0.8980630580028682
0.8456528109922516
-0.11683126940244787
-0.19001406488348996
0.7365824775979206
0.9047851519603685
0.9223838755993714
0.9392805403732992
0.8781261584016081
-0.37538284711337183
-0.8280979960735024
-0.8947266048907403
-0.7686209725613492
0.22669646880805705
-0.7718365739503575
-0.8045034079564237
-0.9091506012503355
-0.9345140323408258
0.4413482605877064
-0.8274159851507549
-0.8906442401235558
