20
0.13338216928484067
0.1293239596426272
0.12921215513296425
0.1275419655755522
0.12605247989266338
0.12461833158677556
0.12321068078689679
0.12156050018533324
0.11973139621346471
0.1176625987506249
0.12385395341786029
0.12737522390017333
0.12865453524335882
0.12912632375311248
0.1303578792806908
0.13324375793863677
0.1378993892432075
0.14390017924426424
0.1504213838099979
0.15613252871492217
0.16053818404971038
0.15975711305910562
0.16471469810370282
0.1613557144858205
0.1651210160226923
0.15873710676085023
0.16014025384465863
0.15100009127326597
0.15000401580290199
0.13930848153044453
0.13704523345184666
0.12691506127251362
0.1250417229568776
0.11674220852785089
0.11663258458330987
0.10954639429375426
0.10815641505544007
0.10243126827733406
0.10052320761261065
0.09628387814663802
0.09582186302732229
0.09658684727172144
0.09407973105077964
0.09604563671675444
0.09144493201466945
0.09779857603424938
0.09679996751902845
0.10602103017944545
0.10597382138747799
0.11400055812701364
0.11195484214718514
0.11215109150771438
0.11254524143690028
0.11226768161948628
0.11364746172215807
0.11319683095798941
0.1187572958291421
0.11756359374755218
0.126008216658077
0.12380647098386484
0.13222641807871896
0.13021215814182702
0.13794052694168082
0.1355068947909671
0.14314737542889625
0.13688886782788673
0.1389776877184791
0.13005561354076278
0.1294750359261749
0.12224268722563232
0.1232809767940473
0.12309984571172947
0.12066330477561331
0.12090327980962445
0.11449057243823302
0.11486076945452042
0.10338042143765439
0.10454341823700555
0.09404535049652961
0.09668383137711475
0.09148799271778932
0.09503069860054918
0.09743638909251535
0.10186437240025595
0.11427071654239192
0.11951262298220575
0.14377043320294297
0.1484528344400423
0.18243447415240155
0.18257509362441846
0.2162233318468098
0.2220825428594099
0.2498043745217234
0.25731593297831384
0.27760486128636197
0.2843640107522989
0.29562369464362687
0.29814731252363835
0.30369074849853217
0.3042208467714208
0.30649138882500043
0.30340000670938033
0.2986994403198213
0.29576998395517284
0.2818113514506567
0.27834564524169725
0.25585343445415043
0.25288363168742445
0.22526819745737175
0.2266573296242796
0.18926818981120275
0.18848550463843988
0.16175405630273368
0.1613807789640645
0.14621902024279618
0.14743438616574642
0.13898193301175252
0.14007668349612698
0.13872304266423302
0.14419785648117814
0.1428013729792765
0.15186936286644057
0.1502953816200005
0.1572434620995418
0.15453386529615815
0.15426507245282597
0.14429289430710188
0.14451665068613798
0.13138107708334945
0.12976041410491884
0.12755641114399585
0.12810293791113506
0.13376298646816004
0.14559838350274196
0.16198595228027207
0.17704226095168074
0.18323245525701393
0.20222928034615784
0.20271772781040812
0.21290606523561806
0.20452821063261806
0.21323481079771703
0.20684767021756761
0.21960590782583886
0.2130489608137621
0.23347491477422122
0.23224870874955447
0.2531200228022944
0.25205513939433294
0.27608235908108225
0.2752765281613213
0.2960953873502349
0.28498596362901263
0.2945837569662879
0.271431633631886
0.27947682116986095
0.2723276021071344
0.28391355355817693
0.2795929851197546
0.3016062038670047
0.3051814070266762
0.33389207775728014
0.33687603496150775
0.36984314975621296
0.37509998229856
0.41412914470606504
0.41578671072832324
0.45338008695706744
0.46289299317150157
0.4921757832416788
0.5018972226742392
0.5170789730958094
0.5200604107284545
0.5205639141161909
0.524963155926506
0.5264828951685567
0.5462556355337038
0.5244623676016896
0.5294023600256585
0.49319335395018005
0.49186031369500904
0.4481088876612893
0.44561329333776395
0.39468834709468553
0.3916170880458103
0.3335685177877106
0.33369597313866717
0.27520321525563574
0.2667218639540562
0.21398327815547008
0.2045284610439449
0.16363826446312832
0.16045295044695543
0.13192152067058316
0.12719656223068534
0.09546844339532379
0.07596711539507175
0.0663323206313552
0.06765193221725185
0.08061347938195226
0.09923873387599588
0.10689085393623732
0.12684473003671742
0.1274366627861359
0.14050805830822016
0.13875862722138585
0.15464053789190926
0.1547304310708132
0.17560886583905697
0.17470646029084524
0.19603113604242778
0.19504887683450442
0.21522085829360327
0.21379209676771943
0.2333286177064433
0.2311152067872151
0.24882783164378913
0.2447388988374568
0.25404940226333594
0.2372816764772554
0.23326436737078318
0.22329902442114213
0.2156398285911579
0.21288731651177611
0.2078221579812153
0.21110548981850247
0.1961086039305458
0.1974617861137867
0.17752599816896236
0.17968931441297528
0.16006323328678856
0.16286679160406228
0.1446026119137505
0.14805371617689542
0.13047330629458925
0.13426362054425275
0.11737962208600886
0.12042999387628997
0.10477822285080703
0.1070584294210722
0.09204045775572199
0.09379430950261305
0.08082020725347823
0.08253327651965106
0.074690171861153
0.0743457331118731
0.07601348970616907
0.07836579516669759
0.0809801408684063
0.0795306704200745
0.08466458793377057
0.08764444813628998
0.09131806901046939
0.09483353989730145
0.09708343637034673
0.09717784255934875
0.09546047758822142
0.09435698949592676
0.0924000822263996
0.09129033775499892
0.09020404114251031
0.09599728963904254
0.09427681610587575
0.09869491954056167
0.09502929566446328
0.09791574327025644
0.0966526735245952
0.09420348139632667
0.09321272925767299
0.09810414208601703
0.09858828974539714
0.10062276775479577
0.09845777235862721
0.09775954604124115
0.09755219860392725
0.10093452263715838
0.1039108308314809
0.10752489562614435
0.10917060049839314
0.11036563699967246
0.11191185159719257
0.10662077063604813
0.10827486762243244
0.10271526815229273
0.10423418101962503
0.09893217472998031
0.09794691122122781
0.09858019928748255
0.09932685716580313
0.09865103557015047
0.09557464170954086
0.09300336508311129
0.09378044472541903
0.08999449549388006
0.09531954662118033
0.0922043894522984
0.10482007679767251
0.10188686285330906
0.1209968919062746
0.11968030901241904
0.1413472869264419
0.1391008367195857
0.1628035961992745
0.1610102522380507
0.1860279512380063
0.1839375839117839
0.2064977628922776
0.20235478516008643
0.22159014540017274
0.2161924489712332
0.23363540762494733
0.22813229022461617
0.24342223378975247
0.2485541010204146
0.2541372457358705
0.25526216406444224
0.2479372881012873
0.25582055321579433
0.2441098815036798
0.25139840297267196
0.23398481403885948
0.23901299572017248
0.2171684024307711
0.22025768758069003
0.19576427561426643
0.19686224902003369
0.17162098792696595
0.17169756034322695
0.1475820913333886
0.1486712842791021
0.12794461993271017
0.13489678141154
0.14091562342009145
0.1683988181640334
0.16464540783642378
0.17531923358849044
0.17215412636707622
0.16294098124372672
0.16220158614446678
0.1552883932240512
0.1606488978990438
0.15514108889646688
0.16214786729041736
0.16028166007312686
0.16632575814979447
0.16700908270967302
0.17012889564735914
0.1724218530328894
0.17398997552073875
0.17734836128729053
0.18498015639545543
0.18757952790931184
0.16673459405076224
0.13576285427035445
0.12443980008034727
0.11474718657764922
0.10872782130591094
0.11434838663701612
0.10920853830163708
0.11024431035884283
0.09773188238849159
0.10112370949502283
0.09048691668438037
0.09338372628027083
0.08567857953052162
0.08760164601515487
0.08439509580271158
0.08519820139353977
0.08527514012219835
0.0841932170872612
0.07584700796540615
0.07247967504593218
0.06799075555953865
0.07293338847282733
0.0721962738527151
0.076448186385144
0.07512165917578642
0.07761835100134376
0.07406760228423082
0.07809454635674958
0.08001323381698024
0.07907372886976785
0.08166140723902528
0.08236209035307632
0.08430214541728383
0.08632842032460666
0.08874707345312825
0.09595366019176957
0.09710397809570176
0.10982026299943468
0.11075806050513404
0.12526436055354687
0.12497519828198589
0.13858837505760072
0.13808561710330544
0.1487880921333439
0.15131226035736275
0.15761209275611748
0.16087759518710315
0.16263324102561869
0.1623870798125726
0.17658937091160487
0.17383229157149646
0.18059920423622794
0.18182947223232265
0.18256215137946968
0.18290674979756819
0.17317118489481326
0.17213750663755376
0.1579804472268656
0.15573541279181555
0.1372251100128154
0.13718041139643317
0.11631735420043876
0.11943582271471342
0.10435076038264275
0.11063078222652725
0.10039069045665719
0.09965085209837622
0.0976399481707214
0.10079188408433645
0.09801424412911638
0.10153777360702747
0.11047718028210955
0.10912783051486592
0.12589940501710456
0.12253886553920604
0.14304354220175494
0.14338307079210125
0.15663413894521697
0.16134364328515743
0.1666370770617565
0.1705407170291065
0.1783523921640066
0.17941340962406369
0.17873453513701582
0.17084792392572784
0.16608399582013428
0.16611067062000534
0.16402865191474966
0.16154212392123699
0.15572748489705782
0.15219051040635684
0.14006664360951737
0.13900048989925992
0.1209808622130801
0.12371854137120411
0.10434763551479878
0.10476612896769666
0.09352526010826151
0.09113499637144493
0.08795219566171912
0.0902903840355175
0.08385726293316002
0.09184083609036028
0.08867695364313287
0.10326235216311605
0.10196667982737888
0.11259514332543877
0.10983758222447981
0.11636588599956559
0.11177561955921926
0.11407982983948309
0.10988572044758158
0.11114543253062303
0.11078432642628033
0.11219633491658125
0.11584251667134018
0.1192888274834721
0.12149315244263556
0.12534825558318455
0.12269359380839809
0.12441388807293471
0.12116033608140384
0.1173324029712002
0.11626148700063074
0.10663247650156368
0.10795434223701088
0.09527953435817436
0.09549794434867548
0.08829560033051496
0.08611327889297739
0.08472246485356683
0.08102332363663453
0.0814241191878243
0.07730644794187873
0.07782024172203565
0.07290906492286099
0.07303576918638788
0.06882306574290162
0.07136478867313005
0.07038829180062293
0.07218616487715468
0.07924821222709427
0.07646850196591064
0.08211549966427274
0.08503504467126896
0.09061451321576915
0.09165609281363209
0.08958285592540809
0.09051971340662851
0.09290615964883142
0.09479167769931136
0.09645040365943572
0.09530789122680917
0.09632296655696296
0.0931189908641011
0.09270944138103586
0.08626153896089171
0.0854461962632132
0.07954781312810225
0.08445434843744808
0.07983131262051675
0.07694895214961406
0.07809782192458939
0.0801945940550591
0.08449485204715348
0.09303654396309674
0.0944609808148997
0.09852946839087569
0.1003734346275685
0.1010893824732015
0.10243390176611153
0.10501691758040829
0.10782498880879647
0.10923502514512184
0.11674410917827596
0.13866857959895892
0.16367065235746128
0.1791025073666604
0.19414277553108555
0.1925003396842269
0.18884973538723898
0.19360936361619735
0.19079943133197216
0.18667815848391178
0.17850318943896876
0.16510649683311768
0.16174096848795266
0.15899118929305894
0.15571008054113303
0.15238463607687913
0.15182203542800382
0.15460411836951257
0.15823808039608095
0.15738174091574153
0.14981600383112992
0.13249944104962527
0.11121286072367373
0.09679186130511175
0.08081117227498062
0.07823570013045716
0.07595071018092507
0.06749100229270774
0.06461981760316654
0.06144021168449028
0.05851133433188731
0.05690946255507945
0.06128180468466197
0.07646403501796788
0.09655765916194312
0.11173484865044085
0.12154210025146531
0.12086347432504932
0.12600793974844043
0.12717625994937456
0.1335574509801031
0.13053511973217077
0.13107746817151913
0.13159596339338847
0.13296967750857408
0.13450752956843132
0.1386804067785865
0.14251980720698376
0.14534261444145885
0.1494868985348417
0.15643176823117572
0.1650317870373344
0.16525662386541817
0.15066255894791492
0.13647367458120874
0.12131600754410324
0.11643648704474223
0.11003115672174937
0.10760844808539058
0.10498813438502048
0.10957528546792823
0.10875998908150933
0.11858377037251408
0.11679724019139795
0.12914130835527965
0.12656373719535846
0.13878082424418764
0.13471670298543295
0.14865452017870873
0.14379735534647484
0.15457479659481596
0.14593727947296192
0.1611279082461565
0.15926832832224
0.17332143134292913
0.17241377205669292
0.18636035157924835
0.1869424625738046
0.20202569351529293
0.20316439016580348
0.22138757381247723
0.22342922708654372
0.24630839014722591
0.2477797774592029
0.27027914969935773
0.2775755811312586
0.293794371124805
0.2969719420891509
0.3087462909685894
0.3114225668154958
0.3278303371192203
0.3310400465206851
0.3518147804887704
0.35265388055240576
0.37361347202901596
0.37378649458909274
0.3918963082554058
0.3926423979286616
0.40469063034856034
0.40549007164973006
0.40822720444109706
0.4073925082132922
0.406316244881087
0.41460013995076705
0.42674341827423523
0.42667255201208637
0.4535570329372967
0.45351544293649076
0.4851944966106066
0.48363907772888154
0.5075197956193118
0.5046653023238878
0.5217198314510326
0.5208237147073127
0.5364406790756537
0.5371538209137341
0.5560393328621246
0.5569889873115004
0.5834789726818805
0.5826708532015628
0.6120197927180155
0.6256651463403914
0.6322772773930747
0.6290853197696041
0.6034656133012948
0.6027299734109538
0.5718102245637408
0.5720875549994504
0.5450073706923603
0.5435987757940621
0.5184684927825257
0.5185665418113565
0.4928899871302576
0.4939833289808835
0.465238799855965
0.4658242271175257
0.4307201944129046
0.4301244800858576
0.3862018072984529
0.3856586758710154
0.34110994028431474
0.3262764870758273
0.29983305773528723
0.2943942887541021
0.28064131614327786
0.2756523277942903
0.25409992147896515
0.25165820323186805
0.2223241810182222
0.22230667866429604
0.19147785615799975
0.19092407542412818
0.16134879295391136
0.16012131994683704
0.13319253516190227
0.1313847817871836
0.10817669565046997
0.10620257863109794
0.08667078035706889
0.08544975857383952
0.0683588344175838
0.06905950072904374
0.05798135925169116
0.058069996542717425
0.05200843857135824
0.05628701835023919
0.05895004745453891
0.05942315074698031
0.06643891443595683
0.06672388370672087
0.07562585774359286
0.07537653604222358
0.08527292523417582
0.08506766873903673
0.09537822083422134
0.09525191922910428
0.1054796045592182
0.1056968732388048
0.11543335590572094
0.11629494105607249
0.12437649470656113
0.12403853178908282
0.12728548829037512
0.1277237479746051
0.13850181974801654
0.14213413867009977
0.14821864181804845
0.1524933644209569
0.15171886211747232
0.16393929830961257
0.1592936740119923
0.16256952023066246
0.14995418721109502
0.15135227256828696
0.14014848268763425
0.14190566610308336
0.13082828752381298
0.133913452992845
0.12389437458652205
0.1281457812991544
0.12011139109952462
0.12644874308892334
0.11964386023404752
0.12826819580043905
0.11452389231917148
0.12084346723072423
0.10779891491032004
0.12619415625188157
0.11693558751040851
0.12910235435682688
0.12283132999137703
0.14503501256787849
0.1463790710741878
0.17346913799269498
0.17465230672241366
0.2062212966203433
0.2078018653560454
0.24197008672487516
0.24288728138380916
0.278151685487167
0.2779056299905014
0.3122488335175717
0.31068266778676856
0.34172757672901033
0.33963652562288404
0.36465130312432203
0.36259046624467856
0.37662046722305936
0.3764743666670226
0.3852854694848799
0.3861564081975461
0.38945020043147915
0.3905407149797979
0.38618360137335983
0.3857464848707316
0.3785994471860254
0.38068523452763825
0.3730450958801239
0.37228480631458105
0.3598315678349412
0.3612562551720714
0.3412859701235377
0.34473932325054113
0.31779411065837754
0.32036781862029
0.289324146718784
0.2901792185600532
0.2582977685385324
0.25746916038767587
0.22760140461386458
0.22552774830254227
0.1996352418121888
0.19725816805384552
0.17538011473108236
0.17342221623916107
0.14922616203114913
0.1448566489155292
0.11516890300074453
0.11481710730234948
0.08721634057683136
0.08565306932639785
0.06403543020559083
0.061299967750041894
0.04616427350146763
0.04394207344335016
0.03682629581345101
0.03785774546890229
0.03143027257034943
0.03328884334714766
0.0326167893229385
0.03345428460440592
0.03608075744304734
0.036545000200163054
0.04041428692565254
0.04089446747165033
0.04501839629248781
0.045777275598117076
0.05174451694855969
0.052465756251621275
0.05890105132630093
0.05974759820929659
0.06767184099403252
0.0687389028542587
0.079491725197091
0.08096824735725586
0.09234053157695647
0.09150592684463704
0.10936645221256287
0.10839627378489274
0.12604115581427283
0.12623550276126083
0.14446271151551277
0.14464317400764304
0.16373541656198112
0.16321976367504004
0.18226444821165017
0.18169405927578725
0.19948864338499514
0.19836566888832133
0.21511086033883017
0.21707206694109726
0.2372557020848865
0.23919190458192455
0.26229920063024087
0.26229266697404363
0.2848369682802324
0.2825942621380174
0.3003070229075797
0.2998733354988846
0.3105846120964396
0.31138469138573444
0.31458393421234976
0.3162591382847296
0.3129351679649227
0.31515407164637355
0.3071554853592543
0.3087378844047873
0.29802683836667593
0.2993766589610562
0.2860950027527493
0.28359276359316365
0.2631099371747298
0.26297788337274003
0.2299019043137566
0.2280945861252714
0.19152393779627702
0.19239224044891842
0.15773082793567528
0.15724115356267337
0.1264863509011291
0.1252146400610139
0.09939256022925505
0.09781868366792563
0.07695628326417035
0.07543703586598202
0.05904425165739541
0.05785114744645096
0.04515546479237498
0.04430231696793725
0.034099218795693
0.03296384377731204
0.025665594574608375
0.02589592202724913
0.026700835888365977
0.026749449590665685
0.027505282005933045
0.028481801053786178
0.028502858470595815
0.0308920632981468
0.03052169753357813
0.033929851072100795
0.03385169136823097
0.038477404569458765
0.0389379660170671
0.045405258894610015
0.046415247457062755
0.05554651128415257
0.056967257771180536
0.06961235105906727
0.07161711632674694
0.08886785852480036
0.09008689869419106
0.1073109196492594
0.10732194763522993
0.1318521216599639
0.13238005077355608
0.15863891775279887
0.15887765927202932
0.18582457816593836
0.18576816606338906
0.21316158313656497
0.21230105024999563
0.2391146749421548
0.23756098399209574
0.2622486750461979
0.26078656620117574
0.28154248508546387
0.2802122148356267
0.29541464366775977
0.29428168779610026
0.30276621102503143
0.3019089102871719
0.303104400671453
0.3025821629376618
0.29655326082868994
0.29637760827228987
0.2837866075310187
0.2839146834119758
0.26592136839294855
0.26628180070107704
0.2443847610017361
0.24500269895556664
0.22062286918739615
0.2216786917138729
0.19529358241918512
0.1964077481073942
0.1691353537307856
0.1692845958168711
0.14127677893211282
0.14057686785644466
0.11557380130716088
0.11484684701267212
0.09339031125829031
0.09271445646963349
0.07482521930371475
0.07414114053101714
0.05949590866547745
0.05803261865058752
0.04678977452535767
0.045618882313969975
0.03707056240409427
0.036227499049690456
0.029847843892850234
0.028894759295207628
0.025128143391444074
0.023618246773453835
0.022237357171539063
0.021221379831119082
0.022872338925950336
0.022316105974587906
0.023901341143505443
0.02292710049124634
0.02420626797603141
0.023290904945166193
0.024561476270078358
0.023740017936419996
0.025323613997296622
0.02555528560116118
0.02710463352184599
0.02746614143165361
0.029356057709130336
0.029802654009243583
0.03236615804217198
0.0328792991058772
0.03638297130724925
0.036950669353168916
0.04158419693442866
0.04218550187093544
0.04806208024414577
0.04865794360187969
0.05580535602499975
0.05651590820472955
0.06498349616909342
0.06533761332039129
0.0747715937278697
0.07488405801955392
0.08482682169640858
0.08458478753725399
0.0943299088257888
0.09391234566464056
0.10247759604663327
0.10254572217200357
0.10874412716118054
0.10919238292412836
0.11249430113343357
0.1153183737492239
0.11188424080837363
0.11446317099248038
0.1109438315877489
0.11300480588862656
0.10754990600596263
0.11245494933580387
0.10864592464327412
0.11617108684241066
0.10924152987388688
0.1160808292668151
0.11239784566806174
0.12091510064387985
0.11498565865372708
0.11573530677714725
0.10388124791445726
0.10441424615709083
0.09569977925124935
0.0969220791579575
0.09060282224545488
0.08991682696928174
0.08983267017459166
0.09035590513996819
0.09020566767685079
0.09274870893199101
0.0948159512660917
0.0928044654959474
0.09752539565437494
0.09080396464757287
0.10042757848713957
0.09707641574619265
0.10735581105556255
0.10186994227850923
0.11813238855798894
0.11941076812064252
0.14494152020394852
0.14520015609742523
0.17092098963569316
0.16965495859016677
0.19585827130105812
0.19372899432665902
0.21954531856251402
0.2161440366175118
0.24049216998375714
0.2355065204653733
0.25743937669040745
0.25430543945396017
0.26955005461025194
0.2687603412217692
0.27986118572793445
0.2767255763883318
0.28193057904369734
0.2797036781929163
0.2799445671267179
0.279024866951596
0.27579836984707384
0.27572269776139446
0.2700597152830868
0.2703745602626449
0.26203386913134724
0.2632036187654426
0.25023000459581046
0.2534247145891854
0.23315073107286044
0.23772685547053335
0.2098175601982201
0.2136389969013258
0.18976232871252172
0.19799282203233237
0.17316454751066596
0.18229747450277387
0.1583474887689661
0.16799633450351725
0.14550440559876957
0.15662327818502392
0.13474549280663567
0.14679487356408658
0.1247418926205287
0.13659792585275793
0.11643332088472025
0.12712310714461966
0.11125806487242981
0.11936734391599255
0.11131319383200408
0.11678595167095045
0.11743084870271045
0.1217284731770673
0.1196222116469636
0.11727046852202128
0.1175688546181615
0.11177252426317971
0.11277670223316408
0.10338507773824294
0.10439758540505953
0.09445673513917616
0.09604864026415183
0.08961693130211014
0.0926253247826663
0.09222336668382458
0.09575642057955376
0.10339100938642234
0.10789528207108372
0.12560539471069937
0.13096464284642315
0.1609775330258339
0.16647510826135842
0.20889511158530905
0.21194751724731295
0.2609577577277892
0.26278179815679953
0.3090753068694519
0.3153745297931051
0.3552132631131944
0.36144224359987176
0.38643759505849057
0.39019779767398755
0.40260722506940594
0.40213991744961836
0.41099838008769574
0.4088551888405349
0.41224340469845266
0.4078817793671138
0.4007949938795233
0.3960616127485491
0.3765833596183096
0.3710685898471844
0.3391960632798084
0.3364318313209401
0.2972136332201188
0.2960642831399235
0.2583944256957145
0.25288944662900825
0.22077662621933336
0.21508385143688505
0.1932330457589942
0.1893287283646693
0.173073028395687
0.1724282419720132
0.15347686599061502
0.15349453378276182
0.13384811795147533
0.13502072542306112
0.11824351805764004
0.11858273011345785
0.10478043990622703
0.1052015935186987
0.09446620090215317
0.093838257690055
0.07824239612653447
0.07819275854842324
0.06976910339987405
0.0754482522603496
0.0776359192387591
0.08689874777537847
0.08639288392571362
0.09311871476897793
0.09664569813071391
0.09806414638516413
0.09836471563833772
0.10129706580417892
0.09938312897723016
0.09999019426744035
0.09498393863218611
0.09769032451583547
0.09229905886553981
0.09817360202331558
0.09102069860909572
0.0998776896760061
0.1005577191432386
0.11108918814796498
0.10843961512943423
0.11562032406968181
0.10653765617558889
0.11400508831047866
0.11147205186502977
0.12647291205224376
0.12282685704490397
0.14934286481087217
0.15006040364615958
0.18252971417618935
0.1851700389868786
0.22888362320817005
0.23381830698887632
0.28523054646141593
0.28809602271304235
0.34213208706350456
0.3443814398295594
0.38665566592558204
0.3985642043661134
0.4228848579347372
0.43085893444953294
0.43685112507633306
0.4408575758164276
0.4464618125837094
0.4483055069919738
0.45512205673989153
0.45286398010919726
0.45428741344436674
0.4516217385601179
0.4450976736824036
0.4409841754386722
0.42446847888915473
0.4198688740581028
0.39143456932802057
0.388277433423151
0.35121188064901354
0.3495489831234304
0.31824760575950306
0.3069425470132045
0.2871245442911543
0.27935096518586844
0.2716716363735484
0.26721526762313175
0.25301193885797185
0.25021152220806253
0.2270436289430744
0.22923715322078575
0.19841846455067114
0.20522073626304302
0.17996366276383052
0.19121627341163244
0.16546142530455463
0.16830472554632664
0.14462227567192698
0.14688469189590692
0.12524750221952644
0.12679401797055584
0.10969411550171296
0.10990305182186047
0.09415060676170824
0.09316051735965795
0.08087702172711343
0.0801764931664352
0.07027650212382572
0.06920774047333293
0.06223947945150067
0.060224161943372725
0.06112285225629357
0.05477601801301847
0.051199983587706645
0.04113753985103823
0.039379986606340296
0.037923640110749605
0.03800469626250362
0.04059852709484214
0.04652648962454081
0.0462263411599583
0.05317483023142008
0.05309259350213781
0.06507982437974873
0.06603155871881303
0.08102587433013793
0.08193906104144004
0.10065018927918637
0.10206230496016859
0.12390249785138222
0.12462780993364145
0.14849513068310868
0.14817828529387816
0.17358229861264482
0.17241864238262344
0.19839746730825927
0.19645624680149665
0.22002146827076316
0.21499228100053713
0.2313911871160589
0.23029761759444836
0.24187458475060858
0.2431834904917214
0.2579374890233545
0.26148328812306487
0.27946339748816906
0.28016427078847345
0.29726081457071984
0.2955909633283678
0.3080437484531715
0.30820853990127817
0.3150153931532942
0.315440972313716
0.31734037013955685
0.31799223961045736
0.3170496877602497
0.31725856421752874
0.3165193226680442
0.3159206718925936
0.3190302030077192
0.3190993871654956
0.32891273784986086
0.32897406083213016
0.3386967792762318
0.33514348017536977
0.3340805691436778
0.34309473972581817
0.32867626981806314
0.3349933605299149
0.3215392836004591
0.3239471460964087
0.3189699959401347
0.3192222222411836
0.3192606164291857
0.3184240106099544
0.3203397425723113
0.3203451712257398
0.3210695583569557
0.321847041254384
0.31803208796956817
0.31809079400143164
0.30646109634152313
0.3053190809639955
0.28366153562604673
0.28389135755896977
0.26307554248887444
0.2531660137181949
0.23934452903195597
0.2355257713952282
0.21794788858966138
0.2154083781316321
0.1902246802084407
0.18958667858753325
0.16213802639303782
0.1633899748153523
0.1360321106152304
0.1365670015770027
0.11008323690128552
0.10891660562700933
0.08535428599418701
0.08414793063971326
0.06518567037643552
0.06398023376354303
0.04893987919476952
0.04745244629278794
0.03696273913092385
0.04242656803446893
0.04106798434636505
0.04247485094585593
0.042028489492150954
0.04184936736006321
0.04475397902365572
0.04422608927274
0.04725202063329694
0.045658965952054605
0.0485999409814671
0.04763240897269223
0.05134722446830385
0.051206008726885424
0.05495456247299345
0.054315204210115896
0.05631293442074594
0.056619220469911025
0.057104776065542984
0.062415352504125346
0.08298772552738659
0.08391210194236402
0.09110180137050537
0.09043001680480059
0.09560105860080303
0.10022641191410779
0.09789021596884764
0.09899294806097184
0.09655399428717353
0.09762503723551075
0.09386556103220813
0.09526211587748581
0.09327999658748884
0.09574521604951615
0.0939708810786427
0.09598796275181218
0.09501115119027184
0.09665712447927763
0.10290084800499093
0.10056213572212536
0.08376181910086933
0.07723664052349936
0.0702291578553802
0.06802018650131009
0.06813963458917077
0.06289175688717548
0.07060604365020226
0.06925778067215924
0.07798746755263623
0.07714805788682295
0.08747246969617092
0.08618026972997408
0.09403385704738418
0.09203101992055943
0.09797409650915916
0.09779840674677011
0.1004454908479169
0.09923189313029214
0.09466375536005664
0.09207738734323243
0.08776927294730794
0.08708239042674551
0.08014353070114541
0.07918570691700298
0.07057995942922432
0.07016020668723197
0.06108903420741034
0.0635615318394949
0.054625286031397324
0.06143743696790943
0.0532971672184409
0.06554293251783061
0.057744867933223774
0.07105528901661232
0.06573890886002622
0.08246923690661384
0.08062237920745574
0.10268801691936476
0.10213860768634717
0.12892965996220274
0.12901531174609815
0.15758751254892434
0.15800948974753654
0.18604780002556195
0.1879480358282218
0.21189696810294353
0.21444290171002006
0.2295056105997227
0.22985801881362308
0.2465515171641725
0.245652609693947
0.2525956379458867
0.25284172145269207
0.2541183459762258
0.2541217055229684
0.24523638045050916
0.2442780439711544
0.22751901292175888
0.22567002386445018
0.20514372175934095
0.20520770581152026
0.1863914779890818
0.18889339784721118
0.1773510937554364
0.17926065267476746
0.17271848321064054
0.17157469953636226
0.17438118403366193
0.17531005680941203
0.1778276258135157
0.1789997249047376
0.19061731545674643
0.18958578260723014
0.20740292361432888
0.20463439868199584
0.22628300637226909
0.22660710012467455
0.24635383230922714
0.24982392019438598
0.26203127074614313
0.26440970688310894
0.2766266570031728
0.27487029038835326
0.27612217359802277
0.27554796629150824
0.2705582164795409
0.27128325433697537
0.25764739769716016
0.25650400168543025
0.23449785092887673
0.2319445803820844
0.20546999232062468
0.20513006497668726
0.17995588427459222
0.1822046654799266
0.16361897825890792
0.16412912340668082
0.1506650372796965
0.1486318980355194
0.14692712350983744
0.14568543388252528
0.14473438969480648
0.14550428402661986
0.15208638290693893
0.14943789553849327
0.16147764632958506
0.15940102148598603
0.17465973021686879
0.17512066011897115
0.188677697663029
0.1912455296297198
0.19888853434587814
0.1997931415863298
0.20461270998604938
0.20612762737000404
0.19970709977942214
0.19936263934828827
0.18855077241943108
0.18841263488295357
0.17147040209349607
0.16960374028215464
0.14811518858417402
0.1468963718037481
0.12412579938865971
0.1263570781142028
0.10517773700702408
0.10827691171931127
0.0900294725310688
0.08943846788066886
0.0762411832316601
0.07372918007126843
0.0655066458724837
0.06371624873594922
0.05457101733477354
0.05127011525785424
0.04791939992442843
0.04636082922696309
0.04724354584075775
0.046356032931862155
0.04992401512289006
0.050480964253187134
0.056390880746342444
0.05795977965536027
0.06777980442803311
0.06904878034681874
0.08198668032388268
0.07786301579843327
0.08705867420775075
0.08792139087075079
0.09264784091593846
0.09272321893015231
0.09953537003590122
0.10066368464493732
0.11031117622855562
0.10982539866453626
0.11963658023938628
0.11929615283772513
0.12744025546843996
0.12792086645153833
0.13312704916752963
0.13379300740346015
0.1383368888937267
0.1394048205458269
0.14342370276376654
0.14133850188301897
0.14252494681699038
0.14408565812095603
0.14979938600356768
0.14813844825941697
0.15842296420144547
0.1587250221743011
0.1682489613867926
0.16733512762202213
0.1766231535129838
0.18372166587866504
0.2060355139948941
0.2165692642212064
0.23906433912276367
0.2458019095654557
0.2550936323634751
0.26040288638211095
0.2602975961042068
0.261844407555073
0.2485071711102893
0.25059935513699816
0.23434775733843774
0.23416047704514037
0.21684133020447321
0.21758867828951103
0.19921039113931382
0.20159178918949666
0.1867509966501446
0.19085528962617843
0.17370048333655863
0.17503796440403163
0.14364416813150396
0.14381511886899165
0.11064522456965395
0.11432884231200416
0.09607709257219048
0.10358105761002845
0.09321915197226255
0.1024518390341819
0.10092846324402358
0.1106672176892531
0.10988426974703114
0.12486637966155249
0.13434508726177433
0.16152282530829715
0.1675876990389129
0.17912652766477752
0.18170932661916622
0.18390539848088636
0.1805116244994104
0.17621438228250702
0.176777293191154
0.1699987351771095
0.16971784216790595
0.15999669925385462
0.16105601447430898
0.14947200894827287
0.14976013171940847
0.139139698833602
0.14025519891259333
0.13440135996987873
0.13609213266736878
0.128310333506669
0.11889722468873913
0.09792551203467761
0.0917838318360475
0.08655646335412438
0.07943196050153495
0.08422928493153088
0.08440113716092319
0.09428372928515712
0.09103699528726138
0.1029792123807168
0.10342205759760195
0.11934344653596755
0.11820120930011621
0.13377778757529674
0.13379088441924886
0.15016647218565055
0.14954973733530405
0.16300224282266504
0.16104825819094024
0.1751122020830692
0.17386297253043054
0.18973427315668098
0.1893368427799303
0.2055642589014448
0.20601915547016786
0.22332378861257735
0.22356993285409993
0.24315693921911605
0.2453479673889741
0.2692822411702687
0.27092847537832854
0.29392161096900227
0.3009207852266084
0.3167115143352255
0.3200721469578084
0.33133425115331566
0.3335084069905971
0.3490170212478235
0.3521761026354689
0.3716386106991096
0.3722721841630573
0.3914355855074258
0.3913270138166117
0.40714387452446904
0.4075624712766194
0.416922735401372
0.41727918424614796
0.4173929244105735
0.41693516866933517
0.4153478730499415
0.4229802084103049
0.4356667222411591
0.435911522984623
0.4655237298297815
0.46548925175670375
0.5003702160840564
0.4986362963661831
0.5259080712448908
0.5230010677396113
0.5438284242264209
0.542983487323037
0.5628866281127937
0.5635803878874874
0.5871423924986429
0.5880584849206185
0.6189745659744574
0.6175499409914095
0.6492273704424306
0.6627801581450748
0.6680545344321224
0.6661494496612596
0.6389038460046448
0.6380984367556509
0.6050614371983544
0.6051765465595806
0.5756372005946153
0.5747104867098752
0.5470852440406606
0.5472420940066521
0.5188746870464143
0.5199344635534452
0.48832035860102374
0.48896618237784584
0.4509819632424984
0.45053618811309065
0.4042821981941761
0.4047010751205029
0.35989872917025806
0.344627015128281
0.3195102116024973
0.313690546283809
0.3011202710540061
0.2965339298502088
0.275474602579108
0.2728961029977765
0.24385207289952046
0.2438729211329827
0.2132950284928748
0.2127813650929092
0.18344776894653497
0.18230694993254473
0.15558205776942166
0.1538151329139159
0.13067157772061858
0.12877217002899238
0.10898700702530528
0.1077715312957062
0.08993868908656069
0.09088051086981443
0.07703655681622623
0.07690778818845287
0.06709348096910377
0.0702073175432611
0.06868937774937066
0.06896265949695121
0.0717640559167528
0.0718514570319124
0.07641960601689074
0.0760397755781524
0.08151732382041194
0.08123940863172704
0.08702088216101068
0.08689552169582224
0.09261546408433874
0.09273570883922248
0.09814413665446445
0.0987906080838921
0.10264079485118598
0.10178029748250299
0.10293317505529531
0.10397877363878265
0.11643909301686764
0.11999764135437736
0.12823121369527568
0.13179984087810775
0.13353478705851302
0.14648090221422652
0.14387217651913814
0.1465621063626305
0.13646558641434056
0.13761893653970264
0.12819072046903324
0.13004699645160708
0.12142321212054283
0.12508857645818736
0.11736258418962878
0.1224653198255458
0.11686551604534616
0.12441525803150517
0.12001621744879976
0.1289216923856619
0.11492062150151283
0.12318270269328598
0.10999017052907627
0.13164666754855828
0.12211855446213046
0.13607004719142574
0.1297100568538422
0.15468144155162017
0.1558223874827543
0.18518577086492843
0.18684918292375913
0.22038828360871973
0.2218311377080564
0.25763802064905067
0.2585252451117289
0.2953434818049806
0.2950783047309459
0.33090693085967277
0.3293274881449515
0.3618292079711712
0.3596915172162878
0.38610328984469594
0.3840063702335742
0.39779184369757264
0.39750290414683065
0.406023139613203
0.40720662244021383
0.41031774252298614
0.41135742687645604
0.4070488972789706
0.4067473331084236
0.4002469177086154
0.4018156534251739
0.3947051220062119
0.3938630355630533
0.38229321748181383
0.3837320709326705
0.3645574239411577
0.368115763830916
0.34177127376856153
0.34454500246260195
0.3138968413222468
0.3148687768951827
0.2833493580462537
0.28258263976125964
0.2531824387810404
0.2511640970065715
0.22590252618642132
0.2236115425109208
0.20223678981462007
0.20018688732780557
0.17557538882132748
0.17163599428412196
0.13927589191239007
0.13898694268713901
0.10843361310326136
0.10701580003547646
0.08267206980514692
0.08006221530820198
0.06220822915039946
0.059455923299073676
0.04954623332836859
0.05017708101764414
0.04450420198869616
0.04702136391725119
0.04130101507461259
0.04198549397506644
0.039717687707502045
0.03992708861031046
0.038863205924723004
0.03931405649996266
0.039183173978135276
0.04002634405237847
0.04501843532936444
0.04580521856010937
0.052426105564504055
0.053132585681081854
0.062145857594894216
0.06297562258411177
0.07568287363234279
0.07747381475225591
0.09147574990405305
0.09084148800858938
0.10802762294427634
0.10620233485585191
0.12896692924311343
0.12910068720401327
0.15212961069155245
0.15234961420505175
0.1761063018438304
0.17546963962647236
0.19852211108829168
0.19795912891063744
0.21848485799444547
0.2173980448847049
0.2356649605181036
0.23783609529593197
0.2592582877819227
0.2616612697195663
0.28616367136919907
0.28682920502535036
0.3112678970669783
0.3091213623921309
0.3289920980615097
0.32852891870950235
0.34143215618938394
0.34249295514651756
0.34760842696993477
0.34969522606876474
0.34783308413735126
0.3505348586843336
0.3434663147576149
0.34531869537368404
0.3350326225416665
0.3365617255020929
0.32294047246687274
0.3204118096249515
0.2982287852821263
0.2978638375171083
0.26123316681891096
0.25837224246141394
0.2174981263155888
0.21845417811837123
0.17917507420263018
0.17892786798204469
0.14350260552340555
0.14219088563331128
0.1121019590618482
0.11039706244413701
0.08598515389353742
0.08433221919775301
0.06523531348943164
0.06393475909313248
0.04928617954233423
0.048298534711324864
0.036720622080380745
0.03530838435266331
0.027284308367475703
0.026346898719840896
0.026750461117711132
0.030768905669518613
0.03164893597210267
0.033355017109165566
0.033284700965429626
0.035873992995247586
0.03547606131595994
0.04002244716292168
0.04001177343391144
0.04721162283577013
0.047668760609534525
0.058021708738412225
0.05893018567196869
0.07292913766354966
0.07423685358362751
0.09244259449290393
0.09443381991712037
0.1178115294942264
0.11893146748861447
0.14337520905541662
0.1439593055572705
0.171362638980472
0.17180390361165448
0.20374121394202
0.20400160702544112
0.2372208610577838
0.2371382796051383
0.26991729851264934
0.26890796352818835
0.2996339618146241
0.2979249789476862
0.3251110916044687
0.3235579540402041
0.34574693313363797
0.34439795609682855
0.3603017658431585
0.3592091337512894
0.36787547280041644
0.3671023955266474
0.3680724878193445
0.3676649123689839
0.3610577788049506
0.36102124564551646
0.3475171856950499
0.34781140951444756
0.32855628424082894
0.32912233740369357
0.30558421241061223
0.3064611664647859
0.28000481229299157
0.2814062917134412
0.2521672044038294
0.2537639919737507
0.22223602811863669
0.2224688771751644
0.1911306419147645
0.1910477057053846
0.15938029296745024
0.15762743709829924
0.12934037683894029
0.1278484839799423
0.10353156463830493
0.10210141998553499
0.08130954947615286
0.07987091751055278
0.062218099437302485
0.06101105476734545
0.04616182034782504
0.04534374933054607
0.03302786991322892
0.032144691132022424
0.023213081007819745
0.021717293367747782
0.01659424312235859
0.016037963201409062
0.013081215565725765
0.012474189013549195
0.012908544784456983
0.013726199138314443
0.014352518621813679
0.014847613145381761
0.015334794318710399
0.015928357946542574
0.016703984540242113
0.016804606323586067
0.018839440812297922
0.019108621119774762
0.022362445033966345
0.022623260566088002
0.02714345997834458
0.027350933131926346
0.03327295246194255
0.03343541774536442
0.0408823532619912
0.0410061481872189
0.050033946541775606
0.050098875304281185
0.060659220828101414
0.060605906323647575
0.07251756051200589
0.0722435678632601
0.08517374029046505
0.08453901229421854
0.09799317515540289
0.09770960065245488
0.11014220103186838
0.10963262580962721
0.11999078806080239
0.12010861522820951
0.1270674358239126
0.12767223870796635
0.13075575521856625
0.13328906045568786
0.1297422885159821
0.1319163569017871
0.12662055419714618
0.12840462698998595
0.12101436235902216
0.12581668831996612
0.12004495959030151
0.1272357346690798
0.11772161387927241
0.1309932401839367
0.11980395398529506
0.1232351585616686
0.11157995733634907
0.11326251689661235
0.09972136901202602
0.09998754511919478
0.08964780339230302
0.09006761892476271
0.08235191150551753
0.08123228243088203
0.07942498849820204
0.07985949211210049
0.0795860360433234
0.08200908286210692
0.0839183190821627
0.08485653117718518
0.08127480181994844
0.08497305907670523
0.08416182341688225
0.08604869502614253
0.08663354352474639
0.10203695520986884
0.10688823495681077
0.12737246609178512
0.1288214286764437
0.15174438652889238
0.15129941473246325
0.1746833265299991
0.17357485512874773
0.19704207559764506
0.19473931667520333
0.21685935946252818
0.2129984915325865
0.23283906543059837
0.22737569514930422
0.24463542121140733
0.24174821447617187
0.25262698785629706
0.24969017056917409
0.2551018382931196
0.25184586731031355
0.25271325654844456
0.24570447294022882
0.24264498842269394
0.24188579097955348
0.23680303585343218
0.23671403340962366
0.22987202846893712
0.23004565346175337
0.22022216079604365
0.22194305112799517
0.2067643266792721
0.21022054965065648
0.18848959408781063
0.19129110289539514
0.1731122052111121
0.17891383723568258
0.162639607387134
0.16729085793010431
0.15057500431987708
0.15334616683497404
0.13433350464744787
0.13882676279799328
0.1207576115142801
0.12705888508612154
0.108811729664542
0.11607301297180031
0.0978205308842885
0.10511050933023325
0.0894046272755948
0.09482139590745409
0.08480657612412974
0.08748547201719907
0.08501924769772604
0.08660944222749631
0.08192105605170508
0.08132034261765193
0.07738135981054514
0.0780278924656082
0.07491448242281369
0.0755022093079168
0.0762103892796531
0.07317520725001117
0.07548242677433346
0.07249200089937459
0.0772780473402526
0.07541180590559164
0.08293302547887507
0.07866742906040829
0.09348768632877327
0.0909773099385393
0.11484831188837226
0.11473082802781642
0.1494203174935823
0.15158911065354372
0.19705193151103234
0.19594885291501707
0.245050861574252
0.24172682186989708
0.28664598517888706
0.2902637866511691
0.32539709525975835
0.331026479531716
0.3502559323294204
0.3519267929170045
0.361095624986869
0.35702382472476984
0.36656202070510646
0.36440776237108247
0.36843249897103725
0.3637043049660089
0.35707567141766977
0.351795173091625
0.3324139031429446
0.32621730101170543
0.29374984743182264
0.2904874013511235
0.24995163781146176
0.24926088554415057
0.2101729447001186
0.2047734858618359
0.17168906250032573
0.1661813659727144
0.14706594862621375
0.1433409644174883
0.1349761962377739
0.13461804575528796
0.12635718893244186
0.126351730653445
0.1183317038551357
0.11960352354718558
0.11455741424750587
0.11486378218586746
0.11243968489022951
0.1126656937726043
0.11281581230315796
0.11185695297862977
0.11577783583386499
0.11503341503934054
0.12577390965625249
0.1280638806712456
0.1497553484280925
0.15244313639439513
0.17400213782588175
0.1750178337064692
0.1803723685708848
0.18153859168521722
0.17659307825133486
0.17601576102000646
0.16709450986152347
0.16800624063896535
0.1563049936150617
0.15683171510603636
0.14653757356095576
0.14931876965810714
0.13903280244189947
0.14241889222166546
0.13171302497314288
0.1347714029866201
0.121586351835368
0.11883845501836084
0.10190599029884835
0.09900399281851943
0.08671129843664624
0.08615665767129546
0.09262089649725577
0.09289940418822322
0.11349225164022145
0.11663588723775678
0.14705407037586865
0.14992108709582747
0.19095250146309098
0.19488130822209565
0.24209053551451096
0.24052413796595054
0.28605841443701563
0.2923346693337178
0.32354755181374156
0.3293288068582797
0.3434761730232724
0.34930902114615014
0.3534356212066315
0.35546101111509765
0.36184478082168037
0.3623890095635911
0.36627112862565914
0.363311896611472
0.35998860967406043
0.35621502903999225
0.34373520369915356
0.33910823225566766
0.3151372334774477
0.3107547315469149
0.27513535466536443
0.27485652586170456
0.23680559218968916
0.2288939927018944
0.20134175890288142
0.1934248102367579
0.17941389838051822
0.17354457236110568
0.1642915948249334
0.16156404636301402
0.14611446974093703
0.1446138344864524
0.13027520619743163
0.13531087648067244
0.1327534471940604
0.13801376473695828
0.1374427087175204
0.1414768494150554
0.12680200029216157
0.1305093095425039
0.11845455255629626
0.11918240362227402
0.11167182113520399
0.11290646898304264
0.10683605164803005
0.10483794440909629
0.10109242194302281
0.1004697193600732
0.09811824268437988
0.09700078777064472
0.09363883724553483
0.09232299353081387
0.0856250677733072
0.08127206408574358
0.06404871463509745
0.0596599699371337
0.04172622229511723
0.04770031806563583
0.04523433104042006
0.049165151225625016
0.049916786256923265
0.053853351169169464
0.05255644399488647
0.05253916432996934
0.05419391893670343
0.057310595028071266
0.05803808458717028
0.06298121812080433
0.06402132937003308
0.07296537955536599
0.07465460232349463
0.08690665403461664
0.08790938368575787
0.10258445899075037
0.1026901990517618
0.11949126044130884
0.1188866046552958
0.12763932020497257
0.12707310433341448
0.13731921762803848
0.1345821592140619
0.14538616602563637
0.14448527245196754
0.15584543254017416
0.1564036202349856
0.17439342726073973
0.17788290367908371
0.19874966414778988
0.1995982356248575
0.2203661234729156
0.21840697417481075
0.23447503280563406
0.23399236067957108
0.24430585875676042
0.24440163098752582
0.24932256743146236
0.24963714372001133
0.2512211203463225
0.251560141866875
0.25279238279684674
0.25246524195610887
0.257097368625853
0.2573358792221979
0.2683614481673807
0.2677546235641386
0.2777834791084283
0.2746174593233915
0.2737022129494407
0.28214639183212076
0.26699616121416714
0.2739309509965394
0.2591751962494163
0.2618179600970933
0.2545124647812346
0.25485847865258743
0.2523330799513904
0.2513859466454017
0.25041417369318963
0.2506162475622293
0.24815947398351051
0.249295800640586
0.24203527433876326
0.2424532446235946
0.22739108125911195
0.2265018075895821
0.2018758860755731
0.20174843843312473
0.17879308896505908
0.1676186903183204
0.155137172346638
0.15237665370915848
0.14304244035259578
0.14369387289837884
0.12913310123121466
0.12827089835937533
0.11358338933889142
0.1138855642283271
0.10060592023707329
0.09992736380817398
0.0888904122642181
0.08739596419500088
0.07939017257440131
0.07748047224576562
0.07311973067920248
0.07085249371497974
0.07035859176417113
0.07187721104667827
0.07029009109045943
0.07641128727753115
0.07855904884273976
0.07881371945877247
0.07865337022222732
0.07501717922807342
0.0763610641723069
0.07612368971656039
0.07654263412955721
0.07644526569354315
0.07626751952490321
0.07636847131926339
0.07649290450757434
0.07647876701837157
0.0772433319550595
0.07683175513563865
0.07749772831949454
0.07838862294665755
0.07836509304486936
0.08121716266017666
0.10702010002212821
0.11136002044614497
0.12073038360017929
0.12065890368936798
0.11743208301878139
0.11699788548324712
0.11356880569384498
0.11441887609358632
0.11313617796079134
0.11295392791577104
0.10982531989863924
0.11080473246091087
0.1048204736398118
0.10563659427856327
0.09910181482063257
0.09990241886872499
0.09523121743510644
0.09703630502544715
0.09824729662965963
0.0975113178769859
0.07428198576058663
0.06648709343605438
0.053333323453304125
0.05291067384948931
0.052234715592996514
0.05643886862962877
0.05486421460198845
0.05903678008364961
0.05433975993846378
0.06084014967730639
0.057631160499402034
0.06375009034396742
0.06252390829647579
0.0685513934891978
0.06765049764001821
0.07265652847185197
0.0710545873675499
0.07145029597888919
0.064831401327856
0.05993580646988113
0.056438528837607485
0.05436564758573727
0.05525703486723137
0.051406364205321964
0.05263504331518496
0.04827612646527699
0.04840264879158332
0.043947919629172785
0.04616667512185774
0.041728784917215746
0.04838278328196822
0.04442973447200109
0.0543112378864397
0.050094991836685046
0.06281062281002911
0.06009270664979107
0.07655439794880536
0.07642540568899384
0.09720463260921007
0.09858473932624894
0.1222016717427917
0.12215454373203508
0.14511460878368282
0.14598422321526566
0.166681044002493
0.16872281262279776
0.18579556813927417
0.18816074863011628
0.19848831368872588
0.21022095067754587
0.21918891584905187
0.22233865331631747
0.22496358173276607
0.2253133795131661
0.21975078763626174
0.21971052444958308
0.20638429838147915
0.20468415576865434
0.18516990661326546
0.18333706163937913
0.16186214127313897
0.16341864555293895
0.14580570446629926
0.1487288500085606
0.1397609587638483
0.14342002043444452
0.13868578777759186
0.14046858473794124
0.1436247611268745
0.13361120217122993
0.1395549730585544
0.13592697982918006
0.14907190277474908
0.1467015618283894
0.16547874455186004
0.1638169748297009
0.18298844352478638
0.18491237720886722
0.20009022427322515
0.20479637391383232
0.21254201963381486
0.22344362363713505
0.22960031163784636
0.23318525924508676
0.22825936905563707
0.22518573325825156
0.21496798161069547
0.21286248259248577
0.2010351132761566
0.19833227493548566
0.1811696500666921
0.1785668838536471
0.15615719064350447
0.15726679243772718
0.13200389728500325
0.1337387503393225
0.11629493143851284
0.11768217529496514
0.10760997046076033
0.106268330029171
0.10652544399007749
0.09632782901913503
0.09761799339087632
0.09177331658163991
0.09949121922712512
0.09630838600640375
0.1088518482157255
0.10725965556997383
0.11484723520605877
0.11654206036178219
0.11902340904483115
0.1221089256694304
0.12229138591273
0.12522277166386891
0.12663632333329383
0.12648463394625772
0.12651118911167264
0.12420575985542584
0.1261930811235166
0.12401516910835202
0.12399771177656786
0.12126762211639397
0.11685528386257518
0.11624219312595654
0.10746459161489148
0.10911013054222088
0.09799926794725775
0.09733419286857965
0.08721457239919014
0.08667696698130464
0.08104722918574335
0.07896447926430258
0.0767197196316696
0.0732988631253301
0.07272576261042239
0.07174678854049368
0.06822061286576744
0.06824114171601203
0.06167400878230631
0.06299481742581206
0.05511500619480184
0.05834963190202634
0.052475561533862014
0.057606333284409096
0.05787069833939114
0.06363813727037018
0.06353723416715884
0.0633949456075423
0.06388364489151628
0.06441878678328397
0.06494544814229819
0.06488779335681513
0.06540778328757438
0.06609770263251535
0.06604326449657669
0.0647664563683242
0.06285475976719299
0.06183358170653945
0.06194332889320283
0.06327611642380311
0.0641018616071773
0.06281644200314954
0.06316863713326284
0.06088668094852319
0.062212332854819676
0.057460036990954436
0.06545494615294653
0.06639061966430516
0.07811522292876669
0.07622650348031144
0.08925207439634912
0.08904556434804355
0.08834098895726963
0.0887224724970885
0.0949924727658861
0.10946527973828342
0.1256603217225593
0.13427870917535997
0.1420959364694127
0.15180096611646018
0.16075781351931145
0.16797002024808566
0.16704803847558244
0.16607629597554624
0.1603374685722476
0.159385812948116
0.14856385670708566
0.14785635592567775
0.13627961938585037
0.13739618860605882
0.12667113498312416
0.13205269273435805
0.1417870054294711
0.14174400750741648
0.1408464944669472
0.12882132580809585
0.1316795362847236
0.1299621003467646
0.12108916684466635
0.10860916014816105
0.0962464583554485
0.0874230909046749
0.08446184992963432
0.08257925891552781
0.08002249443462547
0.07882768885316233
0.08239486201797831
0.09380918182509249
0.10746260499206026
0.11505620988751172
0.12114078585199273
0.12625040510193875
0.13139233640387155
0.13792198531507088
0.1341325314077761
0.1329881818904654
0.11948193243888938
0.11388307900862879
0.11509815279012478
0.11665125253880937
0.12093273566044453
0.12416660473167747
0.1262030877705968
0.12896297727448536
0.13370522982533256
0.13906968415917043
0.13921178137263107
0.12956086801129027
0.12107220683148054
0.1125924171856888
0.11132387749354393
0.10059037505912667
0.0947139910072776
0.08691890181224464
0.09452165840297766
0.09392864106080427
0.09971673119020899
0.09838775141441734
0.10779697224995774
0.10574390533687236
0.1132496479952771
0.11046928015850303
0.1204667787236217
0.11799237340057442
0.12649668659690205
0.1214083591738206
0.1317254372051882
0.12941025639230758
0.13871619270576196
0.13824976426347335
0.14791186970612955
0.14868379253215197
0.16089327050155394
0.16226021800233675
0.17874860910173931
0.18115371405751787
0.20340804742719762
0.20513570858683572
0.22759873474743916
0.2333592743287391
0.2494822690995119
0.2521097643762274
0.2644860941562631
0.2664026264107954
0.28314228002805336
0.2862202271851444
0.3069456293740638
0.3074538201818579
0.3279274151947763
0.32756773235461234
0.34456270632440933
0.34483761835248883
0.35510364909723147
0.35529830576107085
0.3560606599088893
0.3550544251438172
0.35419100968363254
0.3615489798738314
0.3744812864679497
0.37625489075440066
0.4061923789862158
0.40701652526442816
0.4423561509483336
0.4404997189790856
0.4684752797044819
0.4654737397931714
0.48677358600006404
0.4858737158995461
0.5059662299564128
0.5066627637844496
0.5303799895501403
0.531172404921386
0.5624222628046603
0.5609718997565439
0.5931828936526533
0.6063815980049789
0.6111730056066782
0.6091620879575317
0.5817809050365886
0.5793279806383594
0.5453210698263959
0.5452411247598173
0.5141354267721542
0.5137434961611589
0.4845886622085973
0.4846976338668133
0.45487010798696403
0.45608988173004794
0.422964923274103
0.42391953294470597
0.38426608094043546
0.38413379305062756
0.3359894651206007
0.3364444986368095
0.28932035983831217
0.2742457101823975
0.24734416024278993
0.24154000501012832
0.2275742318698395
0.2239200317324453
0.20275660727696257
0.19938589181376917
0.17144437915428065
0.17217136253114784
0.14410328827789703
0.14473284931205666
0.11837951307169883
0.11787061784434302
0.09440670600871458
0.09291125310317642
0.07359340151736136
0.0718717741075485
0.057193564703832765
0.05652204362639003
0.044134253193264125
0.04531769079354618
0.039377386318368984
0.03754920221374618
0.03788662111274372
0.041931685536786514
0.049974394051654346
0.0506351945615343
0.06181696687186835
0.06122347399715378
0.0722296317435089
0.07095333824469
0.08234002004034516
0.08136244833000192
0.09296065453717058
0.09230696897017845
0.10360388659256595
0.10317107989297211
0.11324944405037649
0.11296558643494628
0.12155746203057609
0.12047116052154545
0.12414278564404084
0.12649484571103395
0.13812373113625104
0.13803885258931245
0.1445000957615551
0.14976686295861394
0.1412371421912246
0.14512663309317061
0.13368384367390743
0.13703905281069967
0.1260372827548435
0.1272707859108653
0.11572911601033949
0.11737703116739887
0.10765713830991899
0.10983617945232968
0.10142859185441508
0.10347624931444406
0.09731819867540105
0.09999368082356039
0.09563379344361375
0.09745364581913288
0.08497973573819394
0.0855410584145593
0.07166416434997389
0.07768821128392887
0.07641747809703439
0.08677741929314367
0.08639828363844582
0.09872271910679119
0.09897271887425363
0.11653979881811578
0.11848447316188866
0.14075541423064392
0.14136698839103404
0.1673961946908438
0.16684514347452814
0.19567945468218503
0.19382974121161956
0.22366418669878585
0.21971782204676177
0.24854455178290985
0.2431578174175713
0.2688738863412726
0.2664990161133204
0.2831676495989212
0.28244913633523894
0.29222845025997635
0.29416799559662354
0.2981321223924197
0.2989716895137596
0.2955577407340245
0.2946899518419463
0.2886638459004518
0.2893217101757058
0.2817944553517684
0.28031676119009324
0.26835221997745384
0.2695041208570309
0.25011619800027696
0.2534917206398544
0.22751326417881151
0.23017049784085267
0.2008044482567844
0.20163704740477612
0.17416127690569316
0.17329985396964392
0.1496247631961794
0.14841860563003037
0.1301184518531358
0.12882783411129556
0.11468988059240277
0.11388271027525698
0.09698804577666086
0.09446223329503425
0.0744579231594604
0.07493823556560683
0.05640423337633667
0.05522262401151236
0.04255218929423597
0.03949287116616284
0.03394508242227887
0.03146421220640101
0.028728858359821075
0.02869835524938666
0.028786215554884337
0.03069817989907413
0.03245143629146228
0.037792147445392374
0.03805584523167456
0.04508309820670944
0.044189166042571434
0.05159775316212504
0.051455388911935865
0.05887432128021386
0.05904230589752287
0.06620967596821922
0.0665045856657887
0.07357179007632046
0.07385830903388205
0.08249009368687017
0.08219041078508438
0.09258683767205464
0.09430187923313413
0.10547907373158187
0.1053554298436997
0.11793015681849625
0.11644166661415989
0.12749585785705794
0.1269078953518545
0.1379194191992795
0.1380343608132491
0.14937088459214914
0.14850489231945366
0.1592362849182016
0.15863467668451675
0.16845774352703746
0.1684852891392213
0.1808359196335882
0.18360760726749653
0.20137227510679767
0.20216254075372114
0.22228038722992727
0.22168336929857002
0.24014166807508044
0.23917608489388403
0.25248917121499204
0.25273396122066943
0.2595077305139958
0.26088892508455674
0.2611583301660608
0.26319447475585556
0.2582764827989148
0.2605122720910235
0.2522696145274427
0.253543442877178
0.2432117696139892
0.2431198132814337
0.22772849795265754
0.2242002051652697
0.20083447353435582
0.19872323602801845
0.17015271063245213
0.16905825509297787
0.13909779392238905
0.138263027337106
0.11048431142271908
0.10863422129111851
0.08486260610370856
0.08238063671228853
0.0628872648121864
0.06072897926968157
0.046268753428380334
0.04463410471054362
0.0344830916125407
0.03347076059302789
0.026558913699817343
0.025731835857301523
0.020470122194496326
0.020645140379048972
0.018854130027767695
0.021978243189752528
0.027972430347361677
0.027994051876787374
0.027992267873884612
0.029677244715093525
0.03047482834457881
0.032331318486231615
0.03345127464438798
0.035846587746996325
0.03864588093665306
0.04186281876467396
0.045505746953660706
0.04674380128909067
0.05378263328839722
0.05514980940111003
0.06609143874219484
0.06789277540838945
0.08361711749971237
0.08482659740595827
0.10268359056588358
0.10108716971209901
0.11583718318720906
0.11723138669014074
0.1416555784160808
0.14106458487573487
0.16746476690091167
0.16621978056796344
0.19388930989100772
0.1915735374604154
0.21868441099237787
0.21505298593400363
0.24053773553527943
0.2391449428161955
0.2596306431865003
0.2584089203075561
0.27280209335658956
0.2718056661964317
0.2792905503322328
0.2786045756334751
0.2788895304622756
0.27854759786400723
0.27179862939175325
0.2718133246101057
0.258705868959325
0.25905032094931346
0.24062512337095893
0.24127261593153548
0.2193384420690634
0.22028555260309224
0.19652306651995274
0.19786851996604685
0.17304254320591203
0.17451557457291983
0.1488983997406029
0.15091486577303373
0.12768449565027304
0.12891050273901078
0.1078772379568761
0.10815838852469795
0.08987034196858268
0.08838809825171909
0.07429039356098659
0.07264408411802478
0.062361231118684746
0.06070216326181802
0.05358093233753023
0.052114241407080764
0.047215409870815
0.046022019208528005
0.042432881921033255
0.041123025800292826
0.03889273926634694
0.03698495048327671
0.036642113953562386
0.033761795521921885
0.032854533833127995
0.030411963268559515
0.029768396907052724
0.028008892069448017
0.027431521866215315
0.027332231771134342
0.025569992141608953
0.025692020224543876
0.023423930322852986
0.02377015708694291
0.02199033400825803
0.022474396088300534
0.021684290896985224
0.02221877673628552
0.02272751230369574
0.023292758634830095
0.02532852131231334
0.025917869613876033
0.029636899428873653
0.03023322634861434
0.0357215511455437
0.036291393156249976
0.043564189350753735
0.04405770794015252
0.05304748765864464
0.05340355160910246
0.06389780670328889
0.06405319858086553
0.07533880257351461
0.08160089789767695
0.08427867242569413
0.08609221537559396
0.08526462193365328
0.08592073224080851
0.08412440288431275
0.08545974449821606
0.0827763862997207
0.08641150566924746
0.08647224216615898
0.09280244022123493
0.09253839773553821
0.09899218649319322
0.09735016840620211
0.09999483086381425
0.10234256542625357
0.10563132629902428
0.11221023918317755
0.11571303628007523
0.12566446394430764
0.12173479872209125
0.1201715194363818
0.11953906977644028
0.11912963459360382
0.11904914471130361
0.11898332298817176
0.1188164888118289
0.11895247961485486
0.11724959814757359
0.11433509520945735
0.11110829247839657
0.10834462148649888
0.10635195955246109
0.10500863938289662
0.1080509847565582
0.09886225711636927
0.10590881734168009
0.09115031621902323
0.10137711583109037
0.0833073440922325
0.09731029865940155
0.10473575956227017
0.10983983325979327
0.11048568647021843
0.11815322312161061
0.11782149147563856
0.1263801044176731
0.1250633034132669
0.13372212665113853
0.1309369676621742
0.13857353691311752
0.13437550031519135
0.14012155995145353
0.14397709441711018
0.15177760737821883
0.14914962837983708
0.1511176840216119
0.14888949961822776
0.14630979407106387
0.14337814472973284
0.13732572728389794
0.12843734196939224
0.13212669284399173
0.1314882250821094
0.13365175502699322
0.13339018148815232
0.13441527802284586
0.1342822193978949
0.1330500069790886
0.1346240964519774
0.1289938750123831
0.1324983446335539
0.12705995269821457
0.1242492983456325
0.11762540713051675
0.12428431123825137
0.11364730043966007
0.12298696680819494
0.11227434491778636
0.12266101580197535
0.11277226235317972
0.12454118489420803
0.11501895431746498
0.1283528040274254
0.11792841032877806
0.13212261372928194
0.1208137356585881
0.1351589999136897
0.12523709280069995
0.137742301216442
0.1322469747873431
0.1420631914949269
0.13717742559350304
0.15180493829426767
0.14518173495562453
0.1576458051121503
0.15638436003026487
0.1640304009608159
0.1642778322748536
0.1683999704474028
0.16903995199506
0.16880637169045892
0.16968131519223822
0.1644140664393337
0.1662034287600984
0.15697547259791642
0.1603136894157259
0.15037906739196344
0.15753883893505422
0.1524085975558715
0.163486295902443
0.1633293824230536
0.16999559538263895
0.1736134097344925
0.1799487956799982
0.19481535675646647
0.1964101344133022
0.2135842481363881
0.21809588004191233
0.2300137923886186
0.2363700628166585
0.24077302506396006
0.246854123293719
0.24433118670299572
0.245586487241239
0.24194979882032377
0.24050062398159913
0.24019893125887223
0.23353890540249528
0.22881269547364996
0.21847834425466495
0.21280706393000112
0.20636678227721705
0.1880039835106712
0.18184586755925683
0.152245769967345
0.1513566734354165
0.11995157076384722
0.11642210781456408
0.09223824813266847
0.08846961793363886
0.07642436684431747
0.07385229900756532
0.072968528079006
0.07176561319824935
0.07909285644800715
0.07942973255902955
0.08774305923892199
0.08927403944403053
0.10070043001979996
0.10148354940526014
0.11205294516654289
0.11264761330396811
0.1255734239534205
0.12535825554806565
0.1408258509777505
0.13951860401822863
0.15770780043459165
0.15842167116053268
0.1815565109419956
0.18368574383595215
0.2103670658602066
0.20950046850021695
0.2274562543978754
0.23197608512714196
0.23479257815684051
0.23475760761684544
0.23375987358413358
0.2338376823784428
0.23110664082632443
0.22991672205348967
0.2262911445146394
0.2267009468125034
0.21936403441037694
0.21973891501528114
0.20948335313920952
0.21047500665290636
0.196844492171013
0.19564975993971456
0.17191245594234655
0.1691170754655883
0.14187612066700217
0.14247944420375502
0.12474874214698428
0.12455358912369233
0.11976295535052606
0.12127661389666015
0.12376456527031661
0.1263412391159008
0.13613420642287713
0.14128843972822494
0.15931940866368205
0.16273505909875136
0.18912989827996735
0.19061905796644957
0.21047578928240435
0.22187859416989392
0.23134050764421943
0.23904372109672356
0.24052656808197356
0.24233541402884176
0.24232169178476143
0.24195283195297165
0.24607287131952565
0.24011659400058236
0.2428288609364869
0.23996114661091808
0.23492286165623394
0.23049516152005553
0.2157234637952435
0.2108707279944971
0.18428441159419076
0.18057013691337312
0.14495959074486198
0.14410290112155133
0.11531015400397777
0.10453015800429447
0.09117870806439832
0.08373867807141734
0.08710800976386336
0.0836508623559592
0.08943554904189954
0.08638228349326553
0.0892546314994574
0.0914414310466895
0.10165010244042061
0.10855162136244798
0.1299449556673327
0.13166544902172778
0.14911135443413015
0.15229929708312984
0.16612387469076578
0.16619700591803438
0.1862358772650035
0.18686428650058945
0.21145723674057595
0.2098198348045451
0.23026116484309062
0.22915631527858568
0.2452385929551885
0.2436446063960968
0.2569203720251543
0.25535884904662126
0.26525975659323636
0.2627592253703286
0.26382098228953443
0.25652239800800136
0.24584181073921146
0.24417519624593784
0.23722051672058492
0.23382411669626105
0.22986697871197084
0.2318879652733783
0.21837862427972085
0.21827723036904065
0.19853268116008102
0.19990624035169724
0.17913931968305513
0.18014453741328784
0.15934998236350892
0.16098735854635451
0.14141206260922992
0.1430956526646446
0.12653912441434167
0.12766499325864228
0.11476174072978047
0.11540137483116053
0.10563942976360016
0.10574282402415329
0.09813000090658726
0.09762704087331159
0.09222765313530082
0.08981656905891928
0.08872581445504017
0.08830672129429402
0.08828910766977154
0.08991285729030499
0.0972148640997984
0.10056083804189826
0.11444842548600595
0.11500902963823367
0.129801793632297
0.12832332969912738
0.13882601010907708
0.13891845864867464
0.14390817936135958
0.14443091133262942
0.14460466956039913
0.1453183854411877
0.14267854287107293
0.14297026143643535
0.14045331111604803
0.13984370031864368
0.14081422207393693
0.14076914607313465
0.14804328654814375
0.1481115880312352
0.15603693963727439
0.1531591505824793
0.15203407033556676
0.1599518835590635
0.14789880805012742
0.15380341689327187
0.1420934418107085
0.14425888598695039
0.14061561585452173
0.1407362737913884
0.1421405605679074
0.1412753461361635
0.14463068201490387
0.1446605942352811
0.1468615115972251
0.1477128372898443
0.14539867925708727
0.14554785326294412
0.1355924835440131
0.13453009871922667
0.11699624274513767
0.11695792472117301
0.10608239084179343
0.09780923661555568
0.09993742019016642
0.09701791433256865
0.10494914070778513
0.11026055267183413
0.10725743182646523
0.11103871170292404
0.10344486361240798
0.10663969129655863
0.09744050600202193
0.09885596360629849
0.08984863878204351
0.08912940586963558
0.0824663297199727
0.0812346030439076
0.07884043754105838
0.07750139791697813
0.07667299301131991
0.0747968993038667
0.07182921325480796
0.07578871765508616
0.0747540080051954
0.07601119938355785
0.06593085088822015
0.05736179445986983
0.06098146117897988
0.055851619673093975
0.06237145850139954
0.058890275763969824
0.06742492277936589
0.06557132893962286
0.07600375593513321
0.07547619140482195
0.08703805474718204
0.086384414894224
0.09792945782309559
0.09795044084596856
0.11046714139464511
0.11602438090916786
0.1440113339553953
0.1462221591556518
0.1616849114504338
0.162800184136577
0.17367108034287942
0.17389331987756343
0.17964424911991222
0.18064564565376956
0.1876465309132354
0.18787456956000212
0.19304063281810016
0.19401833863014875
0.1970082140543173
0.19791880505104803
0.1990834909934615
0.19972520439736768
0.1988624091533908
0.19974095506092154
0.19618721930719493
0.19361849919062477
0.16733763482039438
0.161142758666736
0.13950284352834924
0.13783931938120206
0.12505760202549665
0.1296223091427929
0.11387897419070318
0.11885304547713198
0.1011568408371311
0.10774070162415286
0.09170773023781013
0.09731016361403841
0.08309082430876
0.08761616278327257
0.07526723010623346
0.07894655182986936
0.06969769920079208
0.06975765617819875
0.06255707941233617
0.062098120853443864
0.06024846483634655
0.06339000721818391
0.06286111401307472
0.06505867872066093
0.06410134077798667
0.06435441664201015
0.06473181942201903
0.06157035635028887
0.0633260720007035
0.058343035996227234
0.061026562673330106
0.059159805718548356
0.06382494505573029
0.06323860083977531
0.06611222972423966
0.07133564364964226
0.0722814260201585
0.08505820668222372
0.08510971920940487
0.10055802957627809
0.10041544639235563
0.11518382049439549
0.11471698858486742
0.12734797982653207
0.12921545539294724
0.13878061428499036
0.1411793319027755
0.14751164776719947
0.14762467481509572
0.1588905815855331
0.1577010539662045
0.16151238959482486
0.15775343775197395
0.15699605416978887
0.15628224081413922
0.14766766058291442
0.14626556745872793
0.13487144364870088
0.13285563111844007
0.11777290462204049
0.11789722552181528
0.09960754835709656
0.10228139636674216
0.08855550468637244
0.09366503568951166
0.08455621151133641
0.08302729826456486
0.08083729076782745
0.08186959770179228
0.08160248903192505
0.08306414258055676
0.09196552667268054
0.09228507206939132
0.1074088513447938
0.10448089317876261
0.12149581389748498
0.12164128471958643
0.13223412671895535
0.13568201689657605
0.14069996078310032
0.14331303780754526
0.15040206087558922
0.14775701837016467
0.14720322473847294
0.14334517896531465
0.13913474914110438
0.14127532380484978
0.13917358592836315
0.14119644535452064
0.13255094329445927
0.13213007762421347
0.11592109924081913
0.11532032221400423
0.0986123798183371
0.10248094404310885
0.08940623981010812
0.092392319816424
0.08329886412660117
0.08218549912400738
0.07665835248822575
0.07883322528556268
0.07268901870989573
0.08179723302122749
0.0787675324039351
0.0868048688440117
0.084930527104688
0.09115764224501988
0.08755934232416647
0.0893409180428846
0.08789232033387265
0.0884940040132708
0.0904381964382555
0.0919898536796182
0.09338776909665127
0.09498564939798913
0.0932229293759865
0.09812196597552633
0.09593886685524497
0.10649116617117713
0.10511493122334112
0.11396104832647211
0.11165749595535843
0.11661849803689084
0.11622420728091118
0.1172187507794833
0.11867349160824973
0.11715083774605381
0.11817524175238199
0.11164238131876622
0.11119766084352785
0.10870271819573414
0.10614430766789854
0.10417940004238727
0.10095770979351826
0.09641750784125644
0.09452178834633647
0.08613404273338784
0.08539372934055234
0.07420643857296114
0.07530797494767356
0.06314022660886162
0.06632541333034192
0.05629366923741831
0.06125784299812307
0.05654420716069528
0.062095984215559355
0.05780931443102407
0.05624017307189033
0.05701209636368463
0.05695189226075462
0.05768861586910505
0.0580051739166087
0.058865038311597985
0.05992289750665869
0.0603499692321298
0.05962374219712883
0.058306743751818255
0.05778892700981479
0.058230246948718166
0.059509876047592336
0.060177306810450124
0.05841638701723465
0.057070081380466375
0.05404627458566733
0.053898335362098856
0.05904974187871952
0.06604938325305457
0.06649467722181188
0.0778929380121964
0.07653114724801316
0.0883331471247428
0.08798049682565035
0.08745762113237968
0.0887924039079595
0.09575448369312303
0.11011866639626336
0.12580126732836402
0.1326827088597237
0.13850296503812326
0.14873989175469365
0.15349554395157172
0.1616249862713251
0.16177053531512314
0.16050466773190247
0.15766119707249163
0.14691418885649993
0.1367276557853261
0.1364420990765878
0.12648208406686273
0.12811735412851466
0.11896249593914363
0.12603672116026315
0.12813451962276026
0.13190837091033386
0.1255652049046348
0.1267892004849442
0.11091205930283257
0.10291345452459925
0.09508414779955185
0.08175214988511435
0.0738709573433485
0.06465746488623603
0.06443367279622936
0.06453177168933155
0.061151556916893245
0.06070745979421899
0.06466745491859782
0.0749095559712428
0.08590723160758981
0.09146499961996785
0.0952580394333778
0.09581839815543462
0.10540064177171793
0.11537677557894206
0.11642299344275187
0.11244353175892537
0.11719643045757588
0.12656142326693293
0.12852293553178792
0.14112883609797872
0.14419277503345052
0.1603220864957832
0.15804612261959178
0.1753919063686564
0.17782875559057612
0.2010198340784938
0.19874564998740635
0.21054438254522712
0.19861129339623557
0.2145121879267255
0.2073170992094176
0.2145186403711737
0.20281867641466444
0.20294244397690445
0.20076202227631262
0.20750427931681256
0.20356938184931858
0.2146478570480086
0.21265645803589378
0.22095904647499126
0.2175064035702389
0.2228182504819675
0.22322331023016675
0.22776092101579656
0.22490227409191835
0.2255956678053861
0.22318456270937795
0.22577872636774332
0.22470968353417486
0.22812913307791644
0.22818068193971447
0.24258827809709352
0.24340829249290902
0.2601387858846986
0.26193519074272226
0.2824889211667784
0.28490459085057257
0.30829069525067326
0.3123493205738296
0.32917462455003943
0.3334461575212199
0.3434559197384816
0.34590907975487656
0.35689537704923074
0.35970783407697493
0.3754175743548455
0.3773954560945173
0.3945475754215029
0.3944358721644185
0.4094897296192159
0.40962346438027575
0.41970439374957536
0.42009490504928004
0.42210608464884125
0.42111782597667213
0.4162752814416093
0.42137963811583035
0.4258467895156638
0.4298465734915782
0.4521114335680185
0.4540085779733265
0.49019465073642204
0.4878429182671331
0.5198802316163849
0.5170968671994127
0.5418523193893139
0.5397407157999841
0.5613398941242946
0.5615707552667987
0.5849791418959411
0.5857130214447254
0.6148940426660591
0.6151473565671441
0.6504677624883531
0.6542464973415267
0.6741132336370502
0.68252179596162
0.668904725943342
0.6711230354002045
0.6388785492899995
0.6387909199234079
0.6062783807346916
0.6085161786764088
0.5800945648934844
0.5799296587740591
0.5518154271159139
0.5526017795550121
0.5226571817860471
0.5234733256485705
0.4888881093791443
0.4890097789641656
0.44716899917168185
0.4466780091215112
0.3998122595517567
0.3955539812858173
0.3648753044213874
0.34949960787872564
0.3344678627044752
0.3261946641383873
0.31350306604528455
0.3093981019060569
0.2866090109639911
0.28426764431102297
0.2571902842821142
0.2573209581316953
0.23061761253778146
0.22979429078405897
0.1955541094794045
0.19458655826294374
0.16401203610118548
0.16280394326648423
0.13640402823283448
0.13545723408543694
0.11213407981029247
0.11176044833944414
0.09090290759783633
0.09564023455522405
0.07728371842177936
0.0768851053088745
0.06512117649640113
0.0645999754583634
0.057326821051473874
0.057407958685603444
0.05299779806837607
0.05286137384964409
0.0494654040754818
0.04910325410501717
0.055667095090026784
0.055026572266204145
0.06102815766283901
0.0603226622943817
0.0654875815323638
0.06492380117359588
0.06893725284243794
0.06874003250119158
0.06958446030065765
0.06351670391457807
0.06864799690808264
0.07483749864677286
0.08916359697321977
0.09484890720906308
0.0975324959195504
0.10457778036547397
0.10441843521551757
0.10641353653463778
0.1003069357570265
0.10251873325610339
0.09758166750595643
0.09887409470339777
0.09406938722246856
0.09643243986183549
0.09307335090954175
0.09543414252862406
0.09341657296726574
0.09596486287609826
0.09586628394615777
0.10005713198699515
0.09840920020742691
0.09589416921753227
0.08439725034313009
0.08084285748106444
0.08531014214464042
0.07988707122155243
0.08831902471907611
0.09802029762107409
0.11688296357983567
0.11625832035385106
0.1364841542280923
0.13774564157324032
0.1628058380379358
0.16284555957394126
0.19129120808204053
0.19020395970702286
0.22127761912132296
0.21893011021321263
0.2508362390733002
0.24669767642941665
0.27759741156608964
0.2721312240221671
0.30004946298322316
0.2977862996423464
0.3169172910977697
0.31621376915038835
0.32867827418145545
0.31924795820635493
0.3217866000354024
0.3228700273077929
0.31852493391838
0.31838218372530996
0.31240557651761336
0.3136957928168962
0.30717081389669587
0.3063013741164594
0.29560938404997816
0.297081409910802
0.2791163065057657
0.2825913674204406
0.25786707404846543
0.26065667081077204
0.23222056939202457
0.2332492130145985
0.20533266840539793
0.20466213520937235
0.1787959297363659
0.17792080346074518
0.1574135607693007
0.156492656111398
0.14009334894525827
0.1391571860327582
0.1194745468554385
0.11689110698574545
0.09341281468778898
0.09370558509914813
0.07145857914833732
0.0701488361847317
0.05279193553485807
0.051004276681546626
0.03966635397065769
0.037603804873124716
0.0341478237044922
0.035482168116187734
0.033083674805989505
0.03260906098312556
0.03394374749703647
0.03621194571151899
0.03637034350606626
0.04066132342248626
0.03961778021313882
0.04474378404674091
0.044451174665932805
0.05057181197134199
0.05066709832544107
0.058033221901049245
0.05843835592119355
0.0674534765645591
0.06884478750734839
0.07927499780722219
0.08137100352742879
0.09525702953407708
0.09459422189147675
0.1088594554975582
0.10941318277104162
0.12916309011059357
0.12791609474678675
0.14684046751742025
0.14608675949571398
0.16461049964928204
0.16453207993797908
0.1828718301772006
0.18193834470421405
0.19865539162888704
0.1979349557101636
0.2122341519675727
0.2121639026756142
0.22694575713631893
0.23010325805592
0.24930992884484646
0.2513013846199102
0.27258600453020165
0.27230307663648334
0.2917279288948055
0.2906176193230544
0.3048398243254621
0.30502754154156275
0.31244700154051425
0.3138866783987996
0.3144467389763476
0.31657719921706523
0.3114011614088191
0.3135737417982477
0.3044543495873959
0.3100252858117689
0.2889386352932902
0.2884872537823501
0.2656797483435865
0.26345915925998015
0.23478626354423554
0.23363276085825385
0.1999914107402201
0.2005677246555933
0.16542909879273118
0.1664186578153139
0.13327232475428213
0.13290577018587618
0.10393138907851898
0.10262502970929535
0.07879576125576362
0.07738900734540123
0.05876719158170779
0.05754557978223919
0.04358885696451027
0.03839882741858687
0.037466940916665074
0.03633818299615911
0.034470159891518005
0.03295749220014056
0.03231180925657553
0.03404488667457813
0.03231958898623067
0.03359968715876085
0.033017849697355675
0.035262100237705436
0.03488795754559279
0.03927084934270786
0.03891809946956531
0.0457862791036819
0.045942939114741316
0.05563065751678266
0.05622969329799886
0.0690486305228222
0.07003097458761692
0.08632626668727163
0.08774222413138175
0.1087075480073495
0.11073335438347956
0.13408699718745803
0.13406732347790506
0.157628352974195
0.15869570384579132
0.18631076167766394
0.18632639127905548
0.21600478104485338
0.21573311410213475
0.24540557979958097
0.24485286879326523
0.273191177612009
0.2717727335239827
0.29747273944631325
0.2959667229823296
0.3177786903572134
0.3164982146528406
0.33324661279581025
0.3321956070921872
0.34289684968752304
0.34210056090190516
0.34610750273782803
0.3456006137213081
0.3427184056051701
0.3425249373181455
0.33305381103222836
0.33317144584834474
0.3178710479863222
0.3182703159008283
0.29827600014306865
0.2989444795110866
0.27559155330968294
0.2767004331388493
0.2507535920266015
0.25232365286850633
0.22354608607367482
0.224675432401449
0.1944913698532943
0.19434484584757783
0.16271872979685942
0.16158270037180456
0.1336348608328543
0.13267190140328233
0.1082531423605185
0.10727575224400299
0.08618071935398723
0.08507656902939628
0.0669921027730047
0.06586438715815109
0.050536699759681836
0.04964008787786292
0.03680107747415512
0.03611770416202313
0.02598069559540281
0.024746401974072796
0.018429585144809295
0.017231878955532368
0.014116407001540076
0.013827911735985026
0.014654504137886142
0.015075498945098322
0.01528235299752973
0.015393722100366065
0.01549391472350391
0.015670226847631627
0.018915885624550988
0.018680838560073056
0.02167554787598182
0.021761974904626134
0.02211741300182796
0.022777477172278023
0.023687426609305832
0.024794235208054374
0.02605438880910747
0.02743321617323436
0.028902019932468898
0.030434528146404093
0.03200356661555463
0.033578374748086094
0.035122947265855776
0.03659562775269691
0.03794991900819548
0.039136024588051474
0.04010240024993302
0.03954057622406408
0.03832747077429403
0.038136919252513606
0.037817008181914774
0.037383878443804155
0.03961558797214694
0.039115910953588316
0.039873365683907994
0.039475773539182114
0.03963569278227923
0.03872144039658001
0.040883553343830335
0.041985748815524436
0.04934071021700417
0.049795372344188675
0.06141230153381255
0.06175634803992488
0.07776724818611969
0.07863369368784609
0.09924005450676518
0.10186888486507942
0.12516958615918714
0.1275727464785319
0.15200707512107642
0.153137184023636
0.1768396045019621
0.17723242372864204
0.20016534105188608
0.20001305675758702
0.22209785385144717
0.22203937588259953
0.24035471742950426
0.23878599007170145
0.24902073375840791
0.24894782983643915
0.25088158526467735
0.25188421821137014
0.24462842625669431
0.24574533978620544
0.23008896301473114
0.23093656111589916
0.21151321483754376
0.21244321638335412
0.19462509410997522
0.19613160569417326
0.18252529532982106
0.18335737310845174
0.17384302616415126
0.17389996541902875
0.16699612283899318
0.16661696804814946
0.16202766306084293
0.16054755687664518
0.15880425209619647
0.1563018471501746
0.15807906246125797
0.15483117682396652
0.16057682331605735
0.15706948620229694
0.16921659257650154
0.16594489294733866
0.1772074233470477
0.17441036433864382
0.1814804817063957
0.179615116708328
0.18263247946212344
0.18180004065471478
0.18175063145691145
0.18161871680560596
0.1788071152004021
0.17952797036882193
0.17280848707374705
0.17538874461538895
0.16249369159454924
0.16675948509124847
0.15260802973659732
0.15682309368156716
0.15110311293114667
0.1534031221783048
0.1494714513250382
0.14954623463321842
0.1476578117505083
0.1473217979773123
0.14731065445998723
0.14726945074190456
0.14975661173114446
0.1494967281807709
0.15361831463961326
0.15259098636925633
0.15763685541235942
0.1565282813400131
0.16399511531167082
0.16142913974658388
0.1740910284683285
0.17016636273346622
0.18319488953410337
0.17943380034894515
0.183139636912729
0.18126825092256593
0.17880723496312698
0.17918606312726856
0.17340377184593753
0.17437180240067154
0.16490720140060028
0.16588623980478678
0.15126404494553453
0.15286599295906833
0.13517391624379566
0.1381461461163724
0.12325964439973311
0.12929930016494567
0.11865387715435649
0.12832052049120574
0.12224657801698116
0.12819570272370237
0.13466604730164278
0.14100161306444117
0.1603394901864485
0.16426025954978943
0.19092449250054083
0.19203125271632002
0.21659232170349524
0.22229051885164614
0.24091857103766662
0.2469503568381466
0.2562766595938519
0.2600794554184038
0.2630292852454994
0.2616282047844387
0.2693992975180192
0.2648182982583162
0.27055958934189117
0.2609904186331099
0.2616585431759713
0.25613239439847535
0.24390618562973657
0.23770101001918875
0.21229252255532147
0.20900471845983737
0.17534174012774087
0.1752846174823604
0.14361108418437046
0.1390401852295461
0.11794342401327669
0.11272024300642794
0.10821937688169561
0.10455137960164876
0.11216389850307248
0.11279376175623815
0.11605610930930724
0.11627672467863763
0.12031735029705318
0.12164687407003225
0.1286769091533847
0.12913783880574076
0.1388138298266786
0.13889781268610193
0.1511165888671962
0.15003192866719167
0.1659224416134461
0.16487926717697093
0.18638698959565464
0.187819732062345
0.21414005722521826
0.2152188245610745
0.2366007823490369
0.23995655734962637
0.24529872541222875
0.24973760261882014
0.24616993220428926
0.24555513203166002
0.2420375267187041
0.24145426833675238
0.23558189342271657
0.23606843888053203
0.22582133367159446
0.22635018732819331
0.2129993099012566
0.21381259964910887
0.19707393426201672
0.1975660537699168
0.17489405056756704
0.17281922451111154
0.14438964860295295
0.1445734566121308
0.11927528884406942
0.11931453474000404
0.10827218906256635
0.10942201582567601
0.10623200214571897
0.10933336532043056
0.11174168007155413
0.11608834410962474
0.12861147870897466
0.13261186750691215
0.15726659448220334
0.15819656561304837
0.18500720179867555
0.19294526164580364
0.21007757829508783
0.21843394164092422
0.22568774302911362
0.23142100500240126
0.23038644076527848
0.22968095277219866
0.22967193087809493
0.23159093361488936
0.23501033488745282
0.2278302358086089
0.22834828633946871
0.22445144757962393
0.21585356194650068
0.21130603890783642
0.19163104546111343
0.18722365318078482
0.1569049886704469
0.15633974523508257
0.12639707585626836
0.11925212222561092
0.10406988827162207
0.09618547833076783
0.09670067879841919
0.09095645100149233
0.10166743156651951
0.1001716466756982
0.11023921657693478
0.10440082766972611
0.11338350959983641
0.11798265524178171
0.13852371446467093
0.14249240725626836
0.16614097462971805
0.16920432862916296
0.18647807568396005
0.1878560274171103
0.2064827273689564
0.20703948130219169
0.23011162838273105
0.229072843257081
0.2501178211949585
0.2489641023007648
0.2651870407001125
0.2638827746600952
0.276839920237469
0.27508722353320203
0.2855326917711885
0.2838986421011772
0.2892830230106235
0.2846878763830907
0.27819681939398644
0.2742885121722859
0.2646231360058496
0.26130829550290946
0.2580643970177388
0.25697242219609506
0.2495583972377219
0.2506878428153986
0.23410800310612584
0.2358007195127239
0.21789604598752327
0.2189540166612951
0.20140446230041698
0.20254995160913922
0.18401752961669743
0.1859300054645258
0.16681058722087322
0.16832279235424621
0.15067919481447548
0.15164927568586328
0.13658090755308103
0.1370568454832382
0.12427787144813121
0.12392799766267333
0.1129924835346479
0.11155475147339582
0.10440274163033525
0.10218202867715576
0.098047336744025
0.09668033924703573
0.0911035736066356
0.09665863068852207
0.10087027548599832
0.10421975558846022
0.11424266543290966
0.11519823756504668
0.12645982650962417
0.1266135552644288
0.1348715993028295
0.13499800663805644
0.1388021701155297
0.1393402064362605
0.13941299985936909
0.1400669662445997
0.138542055016339
0.13822312827388875
0.13810733965815553
0.13780644142240536
0.14217986745272132
0.142999130128516
0.15461581749438164
0.150052672492935
0.1565737499813383
0.16070998355209395
0.15559013227001867
0.1586296123995671
0.1421749307001418
0.14326925492842607
0.1337555614259119
0.13518719612872054
0.1326486989558704
0.1317211771081102
0.13228609149861045
0.1315465741668715
0.1324667765038794
0.13352904756906206
0.13182017125300752
0.13250818889718433
0.12549360331032935
0.12545350713963216
0.11303592052835268
0.11232020438831211
0.09915212334795805
0.09190733403958525
0.08879728019601729
0.08555470882206374
0.09805140059001943
0.09727861358727233
0.10873399534694536
0.1070239898115927
0.11682291661239526
0.11695210046995244
0.1275978004717461
0.12766477895249534
0.1398817023733235
0.13882785072472098
0.15313151529636174
0.1516230281013876
0.16810394119919483
0.16618574885463916
0.18272850278063527
0.18052707907263443
0.1943258272302913
0.19355608582299658
0.1999200524318481
0.20035064531437766
0.20098056508258172
0.20116135214640804
0.20008241329353157
0.20019588446620942
0.19757864511015574
0.1970196467629671
0.19343762046444785
0.19321574922595147
0.18949384557427845
0.18961749811191136
0.18651088137026356
0.1864217535820888
0.18401886133669199
0.1845030326774058
0.1819664337599304
0.1828491374898124
0.18566632346112216
0.20180933658160738
0.22413191178428932
0.22875523578179696
0.24174433357422348
0.24742579017995556
0.23212261224482664
0.24160771003575515
0.22633481791322194
0.23844169661145412
0.2217342113488105
0.23233719748429263
0.2159352285360931
0.22496364034334926
0.20793036459584813
0.2160180710753911
0.19845960993609302
0.20478206402425264
0.18890833551536482
0.19558648743969664
0.17609221584610008
0.16254349225094497
0.12745428825889676
0.12120663642372276
0.09831142304430741
0.09109167261747764
0.09576611275657167
0.08548327291284116
0.09042104369307055
0.07841391791917189
0.08499590387434817
0.07440162233638495
0.0801778487522183
0.07115409755076525
0.07605483863797566
0.06838745884237077
0.07232290935214916
0.06688157124830427
0.0663402785792058
0.06028367894152632
0.059127075540931974
0.05638110936217807
0.05769614221255148
0.05693767487904037
0.05714489721688563
0.056263686725446405
0.0547873537396642
0.05506571596794631
0.05065546271703062
0.05222821180672921
0.04798413934971252
0.050763407864143316
0.04848041853719423
0.05322599400302158
0.05243513356347958
0.055744234957394646
0.06076487453467455
0.062466661165368365
0.07588546292679975
0.07687728082355702
0.09309266412349476
0.09340332372318044
0.1096265328303619
0.1092335995721571
0.12380173474758031
0.12547992718087247
0.13718723873816246
0.13949211512046586
0.14763089203534988
0.14792130855911984
0.15902991473886885
0.15839590578255786
0.1643651823025448
0.16141789675008952
0.1629908089476952
0.16206345917549206
0.1541389544582721
0.1527136743930415
0.13904507255982196
0.13702416936865208
0.12005176579240998
0.11991410904415231
0.10284712745989322
0.10541991069890597
0.09122366241836086
0.09630300411849792
0.08707868895425033
0.08581468666997964
0.08337404456119726
0.08415295385931942
0.08332939503446075
0.0845341333991149
0.09176555116159449
0.09164695206686566
0.10482254865241955
0.10193886582137841
0.118980173669565
0.11914735190708621
0.13288060189502177
0.13623466023457947
0.1437497497697451
0.14656745073927135
0.15273791345482063
0.15005466381942473
0.1512435144971201
0.1467085605832838
0.14716477566426978
0.14829226042544036
0.14410116607803844
0.14315061335347853
0.1319332672681554
0.12996362591898222
0.113118600019358
0.11269447026133017
0.0956351862438525
0.09952485098600847
0.0859851792185655
0.08951108110237124
0.08006537592219684
0.08392361796080897
0.07788658922802622
0.0851837471169331
0.0785394591834844
0.0930853229492362
0.08830709733294553
0.1021744942319669
0.09534948262083151
0.10759020448377717
0.10567465616046903
0.11645467652069841
0.11717318971878472
0.12483654778615907
0.12672974091337702
0.1300814209565088
0.13174675535780414
0.13115921870137542
0.12838694554875457
0.12727852113313223
0.12625218901709945
0.12271665655570156
0.12385001791642045
0.11555473596320993
0.11518060840531959
0.10145236770404409
0.10133436647105076
0.08736596310118516
0.09023148078779117
0.07814824404884452
0.0785421942987247
0.07145755233493177
0.07165313405639159
0.06730144366897337
0.0648994283963916
0.06423496955457522
0.06054335986413374
0.060600481052996
0.05910848190209915
0.05771498122436003
0.0545604236283256
0.05370987386919188
0.05091836187432763
0.05235925440939689
0.051869830029136366
0.058424883730898325
0.06024016551891391
0.07084357677825695
0.06981816437232105
0.07995772266819468
0.07970067260510452
0.08343217677288328
0.08233913404721387
0.08595607881088438
0.0866145750958941
0.09317623525875
0.09344088321870012
0.10174615187114164
0.10101717904265899
0.1088537887410909
0.1088691939475372
0.1151354453657524
0.11600798638028076
0.12091196854508812
0.12117915539607796
0.1272524189725838
0.12734172820632816
0.1322068386540308
0.13192231153823367
0.13827691540087667
0.13784833289743836
0.1491084867989459
0.1483658219636008
0.1612103670203412
0.16085838945611347
0.1725777933705916
0.1740391720902692
0.19064636197523904
0.20000250929581767
0.22798199734023106
0.23627282369215624
0.25104071331478217
0.2627863246609983
0.26803617930150225
0.275597455798941
0.27930238359710546
0.279914010532877
0.27953019534400314
0.2815589823290371
0.27685482617367635
0.27733006899796914
0.2712622111928744
0.27168284950466104
0.2639691913606182
0.2681720398070084
0.2584966317744942
0.2601284633626746
0.238935682157784
0.23703798433315465
0.20062481194000997
0.2016829588326515
0.17813190204141685
0.17519618105637552
0.1608119529587165
0.16169663870212808
0.14485484708009363
0.15076897193673508
0.13359451967916597
0.13993014800073797
0.12968297083410513
0.14711111901234858
0.1425222756503177
0.16209037074595045
0.15912141747995534
0.157356413620981
0.15650833293775657
0.1611923645328483
0.1574604064803887
0.15952674800632696
0.16206606190897238
0.16179973670055472
0.16410049681402544
0.1596118219215364
0.16249735784658037
0.1571931975241821
0.15725862862527265
0.14924931968273789
0.1525587859613449
0.1461807711941298
0.14407272614649802
0.12667747815725916
0.1206505227407855
0.1009678426832181
0.09624010013391612
0.09389575215976964
0.08905374337843293
0.08131911472620763
0.08612513874421598
0.07749120711994363
0.08177291234962533
0.07263528288090931
0.0795763608143157
0.07375799310390234
0.08078258322714918
0.07673718528838633
0.08679323579665253
0.08657798686505137
0.09486121854021638
0.0920472527028246
0.10197880842365632
0.1010376058355088
0.1109282328469837
0.11832067247270853
0.1187485565881842
0.12326404380801734
0.12144349628116484
0.12605128651712702
0.12072647622641201
0.1310210656707678
0.12538427551037823
0.14068881467658195
0.13485437491212732
0.14837630282102143
0.14178505295347515
0.14830703270911633
0.1408799665103756
0.14753795670406403
0.13945526574371897
0.15298393514049718
0.14287229287350017
0.1593563412444599
0.14562652016832467
0.1620894372163708
0.15685784783453235
0.17469344839743778
0.1715525436064548
0.18554977614508833
0.18447941722853306
0.1916935203464152
0.19629906801622085
0.21188922828980217
0.21687824221775792
0.24624910584187396
0.25005142075197284
0.2937503600363687
0.29165803232770027
0.3333742225520188
0.33036192334371683
0.36436454806221785
0.3622336413088023
0.3926182340589026
0.393080805984261
0.41692365492661887
0.4176027209058549
0.4464079799002949
0.446526257528541
0.48063712026989547
0.4845508103107952
0.5030193602112932
0.5108301007919616
0.4976293207694896
0.498749032497812
0.4667633606335233
0.4641582404078323
0.42990166705964467
0.4325508526603789
0.40253226615675314
0.4026283620338087
0.3727595254124317
0.37355867192415065
0.34167667104541544
0.34274178449469817
0.3062331808223361
0.3066310080213385
0.2630643236169311
0.26278460913203394
0.21440091506385475
0.20963372087095564
0.17724952992656137
0.162630704263942
0.14495978995975206
0.13701053049450823
0.128711488102235
0.1258064092878526
0.11459691398165495
0.11482953038252297
0.09819088975569942
0.10004294960229554
0.0836535624061476
0.08408395942982694
0.06956959373937502
0.0688966560132854
0.05738077232343437
0.056033913369764876
0.04844659107435139
0.04751646117623483
0.04320096986772499
0.04278356020336298
0.0403064550152656
0.043812791485483796
0.044363077463582645
0.04759114410135505
0.05098594971343094
0.061018019259419395
0.05800634037397874
0.06921078703800274
0.0701518480164436
0.0848420182791922
0.08286359313714978
0.09856015034117666
0.09723790529591687
0.1133919329072068
0.1126565020469161
0.12858098093389034
0.12812595993806458
0.1428621308687974
0.14259606936351316
0.15625750610285022
0.15489362716341665
0.163790524403642
0.16599401501495065
0.1841410176157466
0.18404697774011922
0.19566978198790108
0.20180173445718586
0.19447264888992194
0.1968070350617296
0.18572589010539486
0.18807136958409817
0.17955682460942976
0.18027491530573514
0.17080988311775608
0.17202827609702392
0.16098446054155888
0.16161193796715234
0.14997134470380133
0.15025839698450144
0.13865084354145923
0.13935627058683825
0.1278059045995044
0.12750886668000955
0.10816940263917882
0.1074285929882606
0.0905804737398483
0.08923029520800906
0.08432149963100652
0.08834885184841748
0.08337754045771381
0.09108251102768918
0.08385479392555592
0.09501293515710187
0.08998479822713441
0.10551072622575722
0.10266254580119269
0.12291887633063517
0.12078549726348001
0.14393609905233856
0.14240926624712522
0.16684732416415055
0.16479304811323808
0.18764986784240661
0.1835771284605422
0.20300762043962503
0.19913560009857204
0.21666269077452252
0.21591903057771025
0.22643830464490095
0.22810751091201772
0.23393886146156465
0.23508982340885537
0.23476389312185644
0.23442778116733728
0.23121781340647402
0.23191153278326052
0.22793484558862448
0.2265092405750988
0.21849496928593698
0.21988103662118208
0.20448436169173276
0.20794879631165317
0.18575084291533014
0.1886395161663212
0.16629552153305988
0.1658690591946787
0.1438483802774992
0.14483751787059224
0.12706884936130336
0.12719846947136443
0.11389788080945654
0.11346902767598659
0.10396018910707838
0.1033802665873335
0.09132068925123947
0.08926567471809932
0.0723529549756518
0.0741186833656566
0.058400949365181455
0.059141471759300755
0.04921914504916534
0.04967595468653579
0.045767272919980825
0.045868268905430734
0.04577090931594582
0.04422619447075472
0.048145846230282535
0.050479097303083434
0.04936317783596218
0.05383920152474227
0.05287825096283004
0.05898499183486676
0.05755859112427751
0.0641037771598669
0.0637249548480071
0.07052208686952395
0.07152230736195937
0.07761612743935731
0.07869955388617064
0.08450404749270024
0.08563828101677294
0.09183702815358466
0.09359539911335957
0.10261305024562191
0.10201564960727198
0.11592245583468834
0.1110583853296349
0.12265222522717889
0.12229791379533321
0.13390912990397646
0.13338325377402466
0.14516967296521666
0.14501431474073528
0.15703390252543362
0.15610252392527427
0.16714380495815323
0.1665639816394781
0.17591897285545505
0.17609876081643944
0.18695187181408024
0.18993242078908154
0.2065762038905968
0.20815724974484215
0.22826725742931683
0.22824435870987886
0.24741760298422114
0.24638066827016858
0.2608734931880979
0.26137806251899737
0.26932578614956293
0.27114681363649196
0.27225923536685975
0.27489014090318564
0.2701774591534126
0.27275736047596855
0.26398344531512274
0.2655634703009352
0.25411069741607495
0.25420817445283056
0.2373199613089887
0.23394719035559638
0.20767246393842878
0.20515464015736576
0.17385066040171698
0.1725822641406426
0.14115034652370784
0.14078847070848555
0.11274820563298507
0.11101945993507085
0.08846455506614974
0.08587977746010914
0.06977236036761696
0.06707742837554109
0.057432357355840215
0.05499286161960727
0.05119150700051649
0.04923115139060751
0.050171165476413836
0.04846611740414769
0.05217367986725974
0.052097986235173074
0.05511447884932204
0.055836023059043983
0.05657999506264658
0.05741340467320967
0.05829100134487848
0.059084364441375006
0.06036920829288025
0.0610970447821834
0.06265705168261679
0.06367795362306461
0.06600072050694546
0.06725946480437903
0.07088192507153504
0.07235425331287763
0.07786604269074339
0.07955684564963028
0.08762734984151162
0.08974118234342984
0.10170009975362806
0.10270493294435594
0.12109161460195535
0.12156139417786213
0.14514267039650336
0.14548869089239544
0.17055818791642996
0.17069277018202078
0.19651837049536253
0.1962979123569048
0.22232992557431192
0.22129829653289432
0.2462226369460449
0.2445767516390803
0.2669755944777054
0.2656126125156465
0.2840455763513826
0.28296064962392514
0.29613043372080206
0.2953215457115637
0.30221700228103165
0.30170113717457697
0.30174200862638906
0.3015392660125046
0.29466439969196545
0.29478010112719655
0.2814532270204195
0.2818671845282911
0.2630037967108261
0.26368072480081006
0.24051202799175225
0.24149466015350055
0.21523747571023716
0.21679147914723845
0.1880042487883054
0.18979126101729035
0.1618433404430945
0.16246761907258778
0.13847674664767
0.13772181355973595
0.11738385731620089
0.11603322306871819
0.09968894778712484
0.0980661653939699
0.08594581299282558
0.084117190836666
0.07591604008526869
0.07402446933791516
0.06921242492386188
0.06755427156170207
0.06555002981897176
0.06423491713901062
0.06459369515338895
0.06315428923389185
0.06612979395759863
0.06397965742287334
0.06701417708816661
0.06556692451548471
0.06629348224137217
0.06583452744385769
0.06516988466645168
0.06502878333535628
0.06303182491599832
0.0630359283429888
0.05961164536425725
0.05986534951515556
0.05518332921327597
0.05570986623458646
0.04996426243342519
0.050597248986817264
0.044391928894691436
0.04501842774941115
0.04007821585862395
0.04070251581650897
0.0375957363204834
0.03821665748425267
0.03715463060256992
0.03775598208391408
0.03884002786675151
0.03938448108481142
0.04262828473912626
0.0430577486152631
0.04838675576365599
0.048625368021629825
0.055867799633023206
0.05582787141248667
0.0646937106730774
0.06430313058191614
0.07431290194437094
0.0739871439555296
0.08391861746346116
0.0841404081359962
0.09141312495859946
