48
0.13730700697844003
0.13500121945917926
0.1372026904257719
0.13511354724242247
0.13525630343589282
0.1323261086456993
0.13072527420468308
0.1268313437202074
0.12347881011223984
0.11916005675729825
0.1149667224061965
0.11474497555017987
0.11409575813372135
0.11316308670039044
0.11233390991350467
0.11216772918195717
0.1131772755111296
0.11547589804839659
0.11872242906753966
0.12224357983910288
0.12545782616020149
0.12800377835483326
0.1295988313619032
0.13007689742745082
0.12946283818846108
0.12794436375938512
0.125716314177511
0.12290021137334756
0.11887674966115525
0.11592976765158967
0.11116939738449587
0.10847880695543405
0.10398030261590725
0.10186291639493261
0.0999841934376718
0.09841141266559454
0.09523970004792988
0.09382185398723482
0.09126445315520308
0.0900017561814342
0.0880771123561691
0.08863903593656869
0.08585627986756977
0.08677474054719216
0.08353541262652521
0.08510605545093869
0.08177583470180359
0.08422131275481741
0.0811057624353322
0.08473997421286548
0.08212833786568632
0.0874038236121286
0.085603944624903
0.09310546859629716
0.09242048471091113
0.10284868267630552
0.10330167896861182
0.11706406809991282
0.11798877881310404
0.13468771353092004
0.1340814734178328
0.15175590606441028
0.15122587831197068
0.16631109877483163
0.16713364820114437
0.1774320487066788
0.17713035196110896
0.18147480758535187
0.1801325110402542
0.18168386767041275
0.18033165550222663
0.18291508942788484
0.1821463171171596
0.18652088214112453
0.18577517379418795
0.1901118285999173
0.19062936580233258
0.19474962945253785
0.19559327986225436
0.200452846926046
0.20163684723857367
0.20138193863876633
0.20177019773054514
0.20260607740975334
0.2056953246967812
0.20760826222145345
0.21116840126993164
0.21144576131852907
0.21351871816064105
0.2157047038955822
0.21923492737345893
0.22229021865801968
0.22630922350913785
0.2289205470123554
0.23258211201433435
0.23381313081759028
0.2342208128999199
0.23170150829760414
0.2322851139418374
0.22806724711888215
0.22792538759349293
0.22059395267741086
0.22008575954190723
0.2119559994888857
0.2153344887827179
0.20877711311311875
0.21675079399462557
0.20822408755804192
0.21070220927016903
0.20107019766399123
0.20270320924404495
0.19342100393678976
0.1903554625104038
0.18462243289271363
0.18236418832690268
0.18314423498669977
0.18131910286829436
0.18583960559061583
0.18505489038217335
0.1902911617953259
0.1901114611265294
0.19519070047875278
0.1954849923717474
0.20149905520052022
0.2013510870124281
0.2078425050098336
0.20778431182647314
0.21451299838816126
0.21456219969072376
0.2281013234965498
0.22730742703804308
0.2417454450084279
0.24045701281037424
0.2567308015855519
0.2554281334766087
0.2768502605764904
0.27721455058644184
0.2997308508953161
0.2968973808228688
0.31796212248041983
0.31802130752072405
0.33633769778132977
0.33676308405690447
0.3505874679159735
0.35114413005405315
0.3622587667422661
0.36353604187020633
0.3760307934146905
0.3841568284244854
0.38940303708704294
0.39172498108782605
0.3906788581755456
0.38647821638584196
0.3794876912539204
0.3705607761022635
0.3620210587026697
0.35957492307650923
0.3508846308880806
0.3490786378195587
0.3422955183914877
0.34293976585413777
0.3360333213815709
0.3356730454621648
0.3273846527059789
0.32750553724559156
0.3188194825233612
0.31904599441339243
0.3101830942271486
0.31093616799577833
0.3022718656988042
0.3056042954073383
0.301207576615066
0.3090954820835599
0.30078658613473974
0.3091203442704491
0.2970974386192257
0.30254329360758375
0.28800680879851387
0.2940414518979109
0.27789399624129546
0.2851052761882637
0.26565662257841394
0.27227756087714255
0.24954453578383953
0.25538642355570623
0.2297176582267396
0.23713986679810714
0.21183447840915118
0.21557034615734252
0.19313892560426013
0.19610400299802802
0.1788220807022105
0.18387840032236416
0.17186310269417845
0.17481454250393882
0.16160801516050752
0.15630276713537036
0.1525671449099467
0.14965988919988898
0.14980139663536565
0.1503822208634489
0.1509124099397697
0.15125267922436433
0.15133164331189833
0.15123807977881806
0.1511423547882033
0.15116342849319717
0.15134220340562263
0.15165728122566394
0.15205335747211265
0.15247111734773658
0.1528662767000603
0.1532136595630651
0.1534997927037572
0.15371869086106385
0.15388469176939162
0.15401769416346206
0.15381577035890384
0.1519839852992211
0.14740465568284908
0.14081838629243149
0.13735497969776864
0.1318224166867404
0.13472490759745376
0.1317612633002024
0.13243037512226344
0.129751607412162
0.12865876289986988
0.1239536390064967
0.12437839542620009
0.118755818547835
0.11915635162393
0.11328936420240443
0.11371262558444896
0.10733618040688332
0.1075656990902395
0.10104087349396064
0.10112164140210328
0.09528349791789431
0.09584135976500678
0.09246939682404404
0.093648377297936
0.09403535120707011
0.09404714053472484
0.09384235038262088
0.09762892375801503
0.10153940495142572
0.10215150054724008
0.10302815481935183
0.10393266070150692
0.10452090105174071
0.10502998738258444
0.10534840282410397
0.10536033294182441
0.10500558271428972
0.10438144907675799
0.1038632991713515
0.10379364686319843
0.1042744080458712
0.10704252548133979
0.10710111190996315
0.10713630401888082
0.10726254629961723
0.10717667754700048
0.10681302252432535
0.1061834383222377
0.10512065761849365
0.10399528669832163
0.10339839119679912
0.1042522618745968
0.10204450071019527
0.0989503008366155
0.09663378026924095
0.09557580176661275
0.09260446111642306
0.09262859309000203
0.09016873986541718
0.08939286814188839
0.08767257342647815
0.08723416791725802
0.08594271680118731
0.08599560622125402
0.08398063731856452
0.08378161992488936
0.08261274426604127
0.08532829356920747
0.08677914727330464
0.08883885932306346
0.08929822807555554
0.09110397333373783
0.08799159086622665
0.0899799514502015
0.08871826304840824
0.08493797229983298
0.082276114619454
0.08101793880866343
0.07917819538386107
0.07692649467116007
0.07485906500634248
0.07303921917951252
0.07142851063791608
0.07069125195471442
0.07067496207898133
0.07230821569165079
0.08301477671714533
0.08904461477039256
0.09512041184568866
0.09415420032007404
0.09529974274666857
0.0949876471441121
0.09517629017073109
0.0949284135098873
0.09689681990149214
0.09602976567271655
0.09782993068424205
0.09703324608218743
0.09743926967838452
0.09647763717572033
0.09646638264040118
0.09585209607469686
0.09522770143783334
0.09589438190851501
0.09689669348991638
0.0997147754887834
0.10051350677100945
0.10186067521699525
0.10383463854976076
0.10553205015458285
0.10561739395096766
0.10660045051702095
0.10798097790902406
0.10914732064391992
0.10956471078212447
0.1069341282917798
0.10514221187784528
0.10309189468696406
0.10163942673681163
0.09862827005509806
0.0983121949334652
0.09653571574565828
0.09713340307475411
0.09552378535336782
0.0959085269082889
0.09465996288004543
0.09604052855322757
0.09576553267975414
0.09812763681818056
0.09798245066063958
0.10053311183748515
0.10016492451601335
0.101315283858956
0.09958867937074455
0.0895703620926571
0.08326165580693455
0.07788468802756403
0.07612802267871792
0.07778496331838168
0.07823320077349201
0.08196929907489665
0.0826062520332535
0.08656980501289058
0.0878412917473856
0.0942449311420297
0.09489026834830483
0.10387992897948221
0.10364527827034921
0.11328560523952845
0.11303371042810105
0.12238563114952594
0.12284156062115979
0.12790170795695807
0.12710863460403157
0.130314454677159
0.13501293536446005
0.13863620768530255
0.1401399605907143
0.1450904147808899
0.1448040244764157
0.1476730232070486
0.14789916145429324
0.1505403308423735
0.15070014900752363
0.15209647319806152
0.15117893912754268
0.15155159004675353
0.15204306586675118
0.15307341488390647
0.1537776687790782
0.15711363352711638
0.1591863903291573
0.16370653314497136
0.1658374125424723
0.1707005925458078
0.17229951613777136
0.1796663093065782
0.181234147553102
0.19065406778404195
0.19096464056981777
0.2012429616445294
0.20130222048930976
0.21076493708943722
0.21155509596701716
0.2173777169219124
0.21877847594918523
0.2205956172027027
0.22506813928448646
0.2267335948741411
0.22880393635235965
0.2271829016576222
0.2269344777191065
0.2206288552406799
0.22105078007117304
0.21330339983716382
0.2135612855881501
0.20516007803795466
0.20464037908889895
0.19678320599076152
0.19608738339284174
0.18984510429489068
0.18889587272126676
0.18592895520991878
0.18189594263109413
0.17832490619214872
0.17654781334847316
0.17480478732726748
0.17502313440667636
0.17740516836083475
0.17720224883962202
0.1816433217119953
0.18119415917236645
0.18608643822240148
0.1869993889401316
0.18999151403539138
0.19083628355684498
0.19059431818092218
0.19084726950125763
0.18691359821897005
0.18671465905496096
0.1815104902626394
0.1806819775863262
0.17617382460824169
0.1752001881893276
0.16914787222628305
0.16814507809808635
0.16077954161667482
0.16032940796857395
0.15232343620803868
0.15215655746114595
0.14447585208794803
0.14338485075318794
0.13732821117201274
0.13505154983723736
0.13127236515361507
0.12608911313019072
0.12181489202761908
0.11848290461273503
0.11582288838386595
0.1148476729680401
0.11502720559750422
0.11380582879502239
0.11440892538045087
0.11424222481714941
0.11582675220309761
0.1161912822799978
0.11899794712519479
0.11876500792652855
0.12339257903672966
0.12417635530727143
0.13087193759781438
0.1310501084521126
0.1375724549379592
0.13697778998377005
0.13996130179658794
0.13958065836236896
0.13977184031039006
0.1391099498393088
0.1391553622721152
0.1395509951279313
0.14054293299693701
0.13966647303946164
0.14230678565006646
0.14090443258765112
0.14508191264469997
0.1445474705305673
0.14892923501163277
0.14834553979842438
0.1560039823892781
0.15729476153246863
0.16587733835732082
0.1672748217523935
0.1760929325158621
0.17664737462254856
0.17334056776293283
0.17482820062302673
0.17220016875181213
0.17356838367240857
0.17205162253798015
0.17281650493917164
0.17494192071487843
0.1849200455181633
0.1959916121766384
0.20500584152173884
0.2128935698283131
0.21657210938592966
0.2172754653355821
0.22081874138233756
0.22274332321751766
0.22438056525873404
0.2257684099033108
0.22668342189536317
0.2264576188901586
0.2269463120905365
0.2258205634358957
0.22579994510925142
0.2222274298623036
0.22307498904003983
0.21559939781070978
0.2137328451324744
0.20383184161337398
0.20532452103189644
0.20021169951979575
0.2011376813271153
0.19599962846992833
0.19664598626118276
0.18922755760961582
0.1891906375400073
0.1811364693760963
0.18181581691093732
0.17425579825130635
0.17401614508313243
0.1689942534591421
0.17574055842983619
0.17997596485402642
0.18771522428529908
0.18715073843827082
0.18658966896835402
0.17680642496212387
0.17498213085059122
0.16318178145306253
0.1627509091551514
0.16405606331042308
0.1638936324628469
0.16353751686091034
0.16289254074759776
0.16304178626084104
0.163087269793201
0.15971982206513877
0.15068442125133066
0.1396732081839476
0.13214992057565347
0.12243076162322869
0.11930656013241205
0.11738837333190057
0.11402559247327847
0.11102227375257406
0.1091352642557991
0.10624854969703723
0.10523502833643593
0.10362355056646072
0.10311662004491667
0.10224560461216743
0.10215406766575469
0.10297515540155878
0.10038678018104207
0.10199403136603165
0.10177536552740651
0.10573939375167003
0.1037552252601069
0.10623961646301365
0.10446695190569505
0.10830605955447924
0.10730070593741307
0.11278324900763913
0.11259855767622763
0.11886091388988314
0.11863765907906314
0.12592859084661698
0.12674252926996338
0.13409643952055386
0.1274952913456591
0.1290613962014087
0.12071153484802594
0.1252226277531918
0.12635016545935285
0.13586266654558882
0.13687146366954903
0.14528608690330083
0.14593517400404207
0.15485882442305213
0.1550202669899883
0.16749853836213055
0.16685587099634666
0.17941870916279526
0.17827414082667806
0.1913680708622084
0.19088986432768987
0.20165312148587666
0.20083832638863328
0.21120507449097314
0.2115663520244633
0.22224380586790557
0.22627290292312544
0.24249108294310576
0.24567698662842194
0.2658757054191284
0.267149594104843
0.28781300075049715
0.2881860816904265
0.30761732613234427
0.30751575240079365
0.3257616000460808
0.3257194933868304
0.3436193422215877
0.34402781809617006
0.3622769124078191
0.36289887644988283
0.38227345397785156
0.3828082253022498
0.4006688306733149
0.40728862417279804
0.4162605437488642
0.41940407646662475
0.4202325253171358
0.42236121676028265
0.42291754411464816
0.4234942998968054
0.42428853655656645
0.42322430259195426
0.42146941952145817
0.4206450070126708
0.41747724049800966
0.41483075342634623
0.4124371454788715
0.41192231992486983
0.40943640226575556
0.4090326711052163
0.4026394854950366
0.40173002921459294
0.3921831676164298
0.3922095254944494
0.3813965545083337
0.38209419431818276
0.36997393982132226
0.3700656485773964
0.35804889019889136
0.35740109802957015
0.3471766380091456
0.34628712499444164
0.33522374354639806
0.3308104227725723
0.31383892522315376
0.3105428673243539
0.28955401365079314
0.2879640286874872
0.26639028603427034
0.265695323414825
0.24520683135300048
0.2451448645328486
0.2254900096028946
0.22548654293183432
0.20557528159456442
0.20663039300634714
0.18466799273039078
0.18511241124346264
0.16204408472477166
0.16372201291787053
0.14077892244077236
0.1344169301951801
0.11991261698825258
0.11704466819378896
0.10985011353440088
0.1075250084489144
0.09906986994365856
0.09772269254037187
0.08735263017239196
0.08757775036594466
0.07755230186254287
0.07815274594050141
0.0693611408229065
0.06994784718233159
0.06215825904840209
0.06264230984477029
0.061792386524099
0.06818457844975302
0.06767051230181734
0.07076539517338239
0.070315661395534
0.07152534656869239
0.06876450031250038
0.06901716160997622
0.06806326618483073
0.06823635626790835
0.06824347767763947
0.06847529985593005
0.06847864717326986
0.06912349847143036
0.06897400784358594
0.06994373420061802
0.06987270074212427
0.07129900291446012
0.07157178964462663
0.07355093958937166
0.07424463799085176
0.07675118072921037
0.07615029348031416
0.08082112784648914
0.07967395360859096
0.08524204350162262
0.08421604074022249
0.08855030440002325
0.08847696022627277
0.09391454080882972
0.09366993462102598
0.10044037853156638
0.10115198220722744
0.11193694892922175
0.11222495094797913
0.1243586077136354
0.12437423611165077
0.1375785707515969
0.1375696362558226
0.1511315191735329
0.15090577857062232
0.163474040522633
0.16320150702620792
0.17417890199354755
0.1739826353319426
0.18286864150844154
0.18334253840274592
0.18983864344904977
0.18507765561503242
0.18359697081379434
0.1798988209670086
0.18252840934724754
0.18069896591561693
0.18680720545030546
0.18620905547840214
0.19234719478882958
0.19241651725672512
0.19632892382382958
0.1971162246031168
0.20021643566709435
0.20066342398063267
0.2016560116460836
0.20157610138439994
0.20112579299148772
0.20040869783894802
0.19956499168658595
0.19852285126333438
0.197195498687044
0.19552303165049487
0.1934856236634945
0.1926476556512333
0.18823398390297982
0.18766968338359555
0.18242231566932732
0.1819945424779603
0.176416811585169
0.17616856405209094
0.16951816040059817
0.16849733947547565
0.15989636668900561
0.15896391584502803
0.1484387283139821
0.14892244560290135
0.13662430681531185
0.13663941213442843
0.12374680476007738
0.12418731586885173
0.1117784736099789
0.11178390198637804
0.1001140144330304
0.09964456986361721
0.08939819494802988
0.08844176520399827
0.0800795806658651
0.07894663859477423
0.07279230392636521
0.07186773739903896
0.06783921031503354
0.06738899719030433
0.0634590674385206
0.06213785990193222
0.05768413842912289
0.0582240670540578
0.055596979370230525
0.055428074734568726
0.05657685050459513
0.055744681376200665
0.05918358257002513
0.05845497819891276
0.06466987038229173
0.06407930034103158
0.0718880694942654
0.07158201307137718
0.07928577541860275
0.07856609866468013
0.086335590868703
0.08734544521472581
0.09743086026554924
0.0987469962695507
0.11136966422132244
0.11209411476661268
0.12611578379005617
0.1257190861611894
0.1393600993838788
0.13959768265883216
0.15175500617085183
0.1525925787142329
0.16248614535121333
0.16323639989808003
0.17088299221054984
0.1704707855057067
0.17649685442474847
0.17851680556373195
0.1785447842838566
0.1785335126174079
0.17825981598392102
0.17936432944869687
0.17916467847125309
0.18035787702422898
0.179820892928972
0.18089128829753387
0.1800716854946559
0.18076179266714135
0.17973557414460964
0.1800092660577489
0.17865309937735122
0.17855390549441272
0.17646709428840124
0.17605017323956737
0.17282683455567635
0.17221922990622676
0.16769511954807695
0.16712156829825664
0.16132799251738172
0.16091267449895227
0.1538878599709498
0.15351603863954436
0.14594648522461998
0.14684932027814093
0.13975242095629645
0.140092030033976
0.13203429850010742
0.13260673238103401
0.12455397589851752
0.12406109607322698
0.11360115415644534
0.11323061930933902
0.10019319974393998
0.10058564106013619
0.08629619797801051
0.08784064583040489
0.07423605781522405
0.07546370252339
0.06357338389006166
0.06536651587217203
0.05570370492720578
0.058821462867270774
0.05138776103082457
0.056210861798694715
0.050729962797784356
0.05568749794265992
0.05585803607566784
0.06403026058834031
0.06365692191633408
0.07219954223124962
0.07130928545870663
0.08056280308172853
0.07956746844160775
0.08935822648487075
0.08843017756446918
0.09835983484165635
0.0978621405878437
0.10747731735722771
0.10739184714897403
0.11628327693408101
0.11653444016043961
0.12438801067527498
0.1248691974689165
0.13145484752158448
0.1319677687992938
0.1371524078574803
0.13776434381126215
0.14142987253455377
0.1417591205907098
0.1445081244212586
0.14439016620409972
0.14530688383438117
0.1442573421365914
0.1452472714882014
0.14529493826061726
0.1455043050115302
0.14573076417287875
0.14493580167452622
0.14515320429314624
0.14459999271104537
0.14468731825231854
0.1442835552676716
0.14420545953023944
0.1440617292723759
0.14368486262209332
0.1434862658789034
0.14282181865198093
0.14186034560882257
0.14097519952215895
0.13869654339894075
0.1377160104343541
0.13385027303936464
0.1328979397562425
0.1272833308410539
0.1264563756891989
0.11954322155827941
0.11890778901959949
0.1108462530224209
0.11044763142154539
0.1015580931578585
0.10141572338762822
0.09208484976569738
0.0921437680986722
0.08276998485432484
0.08266041569600195
0.07362149026366449
0.07332417883043048
0.06495625593778014
0.06451748315716459
0.05711303578169851
0.056598670322603094
0.05045551477195146
0.04994692155083008
0.04535316571360291
0.04468346878314775
0.041969972468893085
0.041638903967410455
0.04052599268414787
0.04036932083150615
0.04061661297847451
0.04058428346539641
0.04195600932863416
0.041881380999455965
0.04457715679259302
0.0441564274350186
0.0476268463797612
0.04731366978270816
0.05043110707975581
0.05025162296028563
0.053102968855422476
0.05302444497821595
0.05531729760948915
0.05553296259649496
0.0568704016273745
0.05735033851401702
0.057697239479179756
0.05896206719477557
0.05768622302910093
0.05840115852559246
0.05704812777112681
0.05749502312661776
0.05613519957412366
0.05691104006737154
0.05600627659246348
0.05755601309227051
0.05813303273099208
0.06092551711651478
0.06227434386105512
0.06504793605536535
0.06587778072614175
0.06748834175558895
0.06705980564578366
0.06734399343968848
0.06655250290085289
0.06703195634566395
0.06683386070157733
0.06751166565368827
0.06766846482137369
0.06838421798419204
0.06866761712790259
0.06938571859071056
0.06907149197909755
0.07052196314507575
0.06972921656586491
0.0716000648725585
0.07064590580325102
0.0733776381853665
0.07239701843586327
0.07675957340805524
0.07704925866866605
0.078101285880898
0.0796953264359927
0.08053614454291519
0.08318393948034022
0.08377416416943963
0.08717689503429717
0.08757210163358757
0.09149051310057661
0.09160836288859757
0.09593811732656889
0.09573840660943228
0.10054246681147633
0.10022528131335418
0.10535218823699072
0.10439540772851715
0.1103624141032599
0.11004345576423454
0.11524493985748134
0.11524723705404549
0.11964903943530503
0.11938428740364072
0.12268437313829346
0.12172384705531847
0.12310736655728344
0.12096022027755593
0.12179398578877076
0.11976179886949086
0.11991196587343818
0.1195797469861356
0.11944186524620874
0.1208299181930068
0.12278325535903069
0.12489834148458068
0.12681975000891563
0.12682225580620687
0.1294657794654204
0.1288121829421636
0.13155139632618887
0.13087520475861644
0.13443248568289712
0.1330555864616317
0.13727916579551422
0.13530286631109936
0.1394090833946377
0.13642507961311154
0.1398813736459318
0.13529136320318805
0.13669123823203294
0.1355010570501269
0.13473135669119513
0.13391223037172548
0.1311350989950121
0.13072526466082948
0.12628025932169926
0.12620684651524725
0.1204988995924192
0.1207192043364186
0.11404872696495895
0.11445241285332293
0.10694631602297623
0.10742547752968597
0.10104828903437357
0.10167898664289853
0.09779486061128274
0.10013384224954451
0.09741051294149272
0.10045286527626596
0.09751517561928925
0.10403625833046816
0.10249153808935786
0.11329750249518776
0.11268346040701745
0.12786311776445697
0.1262067615839146
0.14333615047353973
0.14190621480421572
0.15645575207275575
0.1588343434069387
0.16957584617395152
0.17036716708900426
0.17471397855621795
0.17459691865587126
0.1770319529480305
0.17430159377538726
0.17781224429612888
0.17475163338747243
0.17877580291705242
0.17494396657203584
0.17805776889497696
0.17394038455500802
0.17617932711050213
0.1717329511727733
0.17300041490986448
0.1688023348384884
0.16877733343045412
0.16482429613022895
0.16576976309448224
0.16267743182908437
0.1635533389793484
0.16024101717027686
0.16152886920941611
0.15871009244555573
0.1600161970021623
0.15791025605824072
0.15883312799588964
0.15774213449051155
0.15790611633336563
0.15806127778660925
0.15763307142896052
0.15736078366165515
0.15735716645365802
0.15569988475171895
0.15400322144084866
0.15177773236570238
0.14861757611455692
0.1470131047224543
0.14175538315695255
0.1426906730319117
0.13638390641649809
0.13843551914827368
0.12422532467619325
0.12684608980753656
0.11095912724877056
0.11134484006454043
0.0974045397755444
0.09527431738442906
0.08298592334419573
0.0811611825462384
0.07534928135183265
0.07333596512926599
0.0702173113039903
0.07001361147166614
0.06656239615823768
0.06710334317929395
0.06314246131050114
0.064723380210704
0.061777535412271885
0.06400372717195821
0.062272079686970655
0.06586558356077282
0.06547301548721905
0.07061699297147196
0.07179360690095567
0.07911862241816825
0.079656522090702
0.0893355736516067
0.09034489048853132
0.10441805962652867
0.10544261940058013
0.12377062555271186
0.12443216611046366
0.1450394237825297
0.14512180429168156
0.1608962001956152
0.16611072559038775
0.17536228136230544
0.17884526918767496
0.18114487765451326
0.18299729164371792
0.18758612177718856
0.18891455175770464
0.19632002819422714
0.19637537508495362
0.20445529142638566
0.20332064936182162
0.2085587459001397
0.20402362436358676
0.20818458259455994
0.20701004015432622
0.2117047202725371
0.2100893568972495
0.21813275332309898
0.21646336231038632
0.2248169068868058
0.22473438095442477
0.2326737359786902
0.23156311290927947
0.24014736479773258
0.24425948608229361
0.24540550917680262
0.24565325083475084
0.24465713080651727
0.24556207587416332
0.24780123408000254
0.25231968141014693
0.26074989011580113
0.26301075797318935
0.26852919998854335
0.26827433939003126
0.26407087445190364
0.2639853798217959
0.2575797841085549
0.2579841622930331
0.2489885018366155
0.24789847193417844
0.23362423722121803
0.23131434304679518
0.21323647077423566
0.21123282524007114
0.190582647154664
0.18930185632750218
0.17349425132542975
0.16809049775633592
0.15900165100406613
0.1559798007395052
0.15372945867019283
0.1515934233985731
0.14653413887989838
0.14477069536494377
0.13750413122206476
0.13912851941733548
0.13334366907783107
0.13323147468872865
0.1268713111027382
0.12737782425370167
0.11901342860697466
0.11941873255957937
0.11083659390037677
0.11143925840989076
0.10305401649982249
0.10392542347258327
0.09565255731417042
0.09656448067978156
0.08823898452938711
0.0888603242254919
0.08037409123124245
0.08783311670713534
0.08654688085806363
0.09710538723027284
0.09771616630935843
0.10633145468052037
0.10334126400993876
0.10636528418404191
0.0957389646518131
0.10116481178863862
0.09411286165253312
0.10552491709685025
0.10620857204506924
0.11809130684688603
0.11729098646937007
0.1283759037162596
0.12766785357186278
0.13831817510360667
0.13882982200561472
0.14881809176455021
0.14907638526399397
0.15788428527540688
0.15816641234319212
0.1666823736327144
0.16647245123786752
0.17500028828739692
0.17506234209948002
0.18489237150893467
0.18550615958289918
0.19816002488287035
0.19938532055103075
0.214124253103236
0.21725212592991416
0.22341668576379373
0.22318384156825677
0.22783914315280343
0.22775181640359296
0.23594358315624545
0.2365783349695755
0.24700647984555726
0.24664499868636933
0.2576359315940397
0.2567856596367734
0.2676787927326926
0.26681313661056877
0.27710147076647523
0.27681700316965785
0.28598190089290704
0.28628369353688016
0.2826013559810334
0.2832126896939349
0.27817155236557206
0.27821828486505334
0.27288985973505503
0.2731900228334886
0.2668712051406921
0.2676183618152988
0.2601827249313315
0.25855570623463237
0.24890130668508617
0.24719434124809647
0.2375623822320783
0.2370080264320775
0.227682996256096
0.22652776786111306
0.21849222932975018
0.2180087501686927
0.21080627718600228
0.2104807346643349
0.20368529140663336
0.2036848831339012
0.1965474512979439
0.19750431497725843
0.19221318918199817
0.1945968609528147
0.1858818592531656
0.1859346278939488
0.17361513609049684
0.17322574540497096
0.1595837353045054
0.15725106982808368
0.15064044589407175
0.14940617565505732
0.14416435624914883
0.14192537030449687
0.1331937752848866
0.13251084373464686
0.12223362677437087
0.12250717136301977
0.11075994585394311
0.11063130595874317
0.10178319829531997
0.1143992387690932
0.11476652898830349
0.12401995437348566
0.1179759321647158
0.12086712451542264
0.11343859856925077
0.11717582594359732
0.11197100574201653
0.11725235912684924
0.11277675366672961
0.11678596660707385
0.11556286203606762
0.11851792359761572
0.11795674902209291
0.12057345637042105
0.1184551697575094
0.12088159568644045
0.11814920014595497
0.12062089672736193
0.12003424349653047
0.12132954893015137
0.11860536679050869
0.11986596098702014
0.11876457577732734
0.12066956877233741
0.12066489635033185
0.12232767763789683
0.12246279591616516
0.12249700674612922
0.11935447344287393
0.11688902221607078
0.11599802423548518
0.1156814986957901
0.1156407381041374
0.11599516905062042
0.11574812416810848
0.11499901444264764
0.11411825915030327
0.1143146257528092
0.11501356216884634
0.11729831211790111
0.1172279916116621
0.11950929477071358
0.11860315710073478
0.12108080460096443
0.12100703896060418
0.12350852011747238
0.1209769088341288
0.10926531158077808
0.09874986881285132
0.09031864519830514
0.08820296866824924
0.08780349920412235
0.08812438496526313
0.08829331113386678
0.08931888963289487
0.0911170154721882
0.09282035110601765
0.09783790676258841
0.09841604778311448
0.10591319039277873
0.1057585957181435
0.11396964930873582
0.1143724586552571
0.1215394847721825
0.12248870998503852
0.12679263991417014
0.12600937093834022
0.12882376588614095
0.13377840256622373
0.13914116581221794
0.14053808195450557
0.14233234516896334
0.14145625815632643
0.14101058908896044
0.14091755221083666
0.14093629510125444
0.14099219166249113
0.14159622825251966
0.14072392592825891
0.14019593123554655
0.14029140502408757
0.14019799814172315
0.14075196181384395
0.1450757064377913
0.1463992550732365
0.14961205966577887
0.1513430568366043
0.1557205691613899
0.15758531592869107
0.1647985908621398
0.16618680740407607
0.17528713366750037
0.17543687346421802
0.18532800738668354
0.18534567704994584
0.19494584480069435
0.1955346253468384
0.20124491522251672
0.202315881509453
0.202153676398651
0.2065128308582164
0.20765788240584607
0.20924661374274797
0.20413685742439824
0.2039407305901414
0.19389069664657052
0.19452894836330728
0.18553486008879402
0.18598604905678892
0.17762114699572265
0.17697445415816768
0.16964644085701533
0.1689081694637893
0.16281749148594574
0.16198300929908585
0.15971218876149595
0.15526588605819758
0.15088502152950004
0.14972889654445717
0.15126940057631702
0.1519163155553004
0.1588716136398704
0.15858895059274272
0.16757901000884445
0.16701078845699938
0.17542181971620777
0.17635907544527396
0.1830714740446753
0.1839657491989299
0.18569063868513594
0.18606884367125387
0.18138923293078266
0.18120786500597075
0.17716901470182
0.1766993750385399
0.1733841850737605
0.17223027381791078
0.1671867079764826
0.1663454907392477
0.16017725913076722
0.159884967778049
0.15338673417946552
0.15312639404618986
0.1473168838034627
0.14624658885610078
0.1424175459683535
0.1403615462707654
0.13856544925483474
0.13400925995381532
0.1282955321019452
0.12489381304043769
0.12239401132372384
0.12103155096710445
0.12085556053968273
0.11923921985854252
0.11690631562922114
0.1164464671741874
0.11401130356296597
0.11426900486873787
0.1131063047649613
0.11290806013630154
0.1152947241099489
0.1159545469751222
0.12163889861287798
0.1265063116837213
0.1281858931504647
0.12767026751572014
0.1225324032851195
0.12163364176972959
0.11420819865241007
0.11378449428753605
0.10452957898808664
0.10542995859090037
0.09659600723592314
0.09595769587803588
0.08878772625718033
0.08754862689786957
0.08557587514031771
0.08555829043343248
0.08771635596199352
0.08786109575834468
0.08863482994551147
0.08802323861292854
0.08622443018391802
0.08705055388518068
0.08368173734196395
0.08473128668890957
0.07995647190794274
0.08118696165404157
0.07635841853251414
0.07707669870441462
0.07305556643572637
0.0737867784111384
0.0751454432380297
0.0815638204450193
0.09362956041915775
0.09852369602582518
0.10654128080207137
0.11200112077032552
0.11268401437278673
0.11616036129702928
0.11826745080039767
0.11989489751930023
0.12229034110894765
0.12327690606861443
0.12418345837842165
0.12464707257846196
0.12410198640110977
0.12412204008210369
0.12140017747507796
0.12214223647304367
0.11893239674493039
0.11323794525436671
0.11035034070397265
0.10939204600168989
0.10973564165546791
0.1090368688861339
0.10841819903007498
0.10808652570231096
0.10756452725815392
0.1068857876906346
0.10646146389870396
0.10659630969616939
0.10697675534752314
0.10653545586949283
0.10794306661866056
0.11302698410131967
0.11950700018823755
0.12440739217884077
0.1290379128140031
0.13210755737938476
0.13555684219372985
0.1349266928834413
0.13665240655254685
0.13591373511338792
0.13632795798488903
0.13627874935771497
0.13636890445784852
0.13703263764090423
0.13796294966500544
0.1381557549556746
0.1347258689868968
0.12927083827836439
0.11838442929660824
0.11554432010546513
0.10878725267717687
0.10458945472720839
0.10505994613092644
0.10294414042661489
0.10219184328210738
0.10199885176035928
0.1006266451787714
0.10091701995853088
0.099500269059644
0.10102636742706496
0.10021569606477086
0.1023354842497098
0.1033307954380525
0.10119562819090472
0.0972773231654764
0.09696441158052115
0.09606157929332654
0.0959706392556215
0.09592572022644603
0.09626610674274816
0.09605140735459451
0.09704250063640696
0.09709944868166093
0.09906988039157627
0.09919190900025508
0.10202606636379459
0.10239393808189723
0.1071724016090524
0.10568817982156604
0.10589661346297212
0.09845256101371568
0.10176726414606936
0.09760780611598774
0.10202931919061141
0.09879852685730582
0.10367328634347167
0.10142305726360744
0.10708312770394353
0.10687352362691345
0.11515828718187625
0.11515655540348403
0.1244092177156741
0.12604652879233733
0.13650670910966098
0.13586475308603183
0.14537175719869386
0.14380909449038184
0.1507677709386489
0.1500487441531681
0.15732496520017647
0.15967266091615373
0.17189778111041706
0.17401446536429352
0.19127772811233798
0.19196252161134209
0.21191200093888182
0.2121159165480614
0.23058688290354604
0.23055762773247757
0.24788382941850282
0.24648620302305815
0.26544681016969135
0.265438688991309
0.28542526294037945
0.2860130414695709
0.30709803596648383
0.30766221687782536
0.3299836190353951
0.3315640699261028
0.34675141961238815
0.35413537775580384
0.36180502441394674
0.36590209182874595
0.36805594487613025
0.37017028040196026
0.37427650841331345
0.3743145387563566
0.3770895828684165
0.37545732334359444
0.37522961056127024
0.3738377232302362
0.37409418922270493
0.37277873050824617
0.3741673175261096
0.3735867605309125
0.37282133088034053
0.37203220578171076
0.36695048002347425
0.36617202284368294
0.35947059248412144
0.3565574487070789
0.34715801218639025
0.3478098556448885
0.3376804900216164
0.3375637224867562
0.3289674618029416
0.3292546183383444
0.3218240370589969
0.31912633635485954
0.30628889298006007
0.303406810305101
0.2852587756907234
0.2835849515036964
0.26260977083941983
0.2623402316594803
0.2419461411711685
0.24200598657349348
0.22221813024997483
0.22214422916527032
0.20337417403282873
0.20523651325711492
0.18691525365424833
0.1861774283230029
0.1656768070412621
0.16515655736222265
0.14407516309862853
0.14261967444762283
0.1283385414739728
0.12079077284509095
0.11331566148679695
0.1087590568577681
0.10570605252640265
0.10276916911969093
0.09592871604298046
0.09460869571034386
0.08615406537928806
0.08620128769513237
0.0776259364725772
0.07771722683714066
0.06972533424401499
0.069230871536286
0.06327521553672956
0.06794467468417678
0.0690021951594954
0.07211584162487726
0.07087855070009094
0.07358131101974218
0.07418435391523374
0.07680208629933367
0.07536392048914325
0.07434967249820618
0.07380850994304376
0.07327149012495253
0.07284495579632039
0.0725988119847423
0.07235544402815615
0.07168498280806453
0.07133119429618136
0.07144531917583413
0.07206420204621607
0.07319984623228613
0.07486373913635577
0.07707731878154488
0.07984712998962491
0.08308805995865537
0.08429026598668353
0.08968493915555731
0.08976600469474748
0.09288656808791192
0.09107168270628636
0.09650632871281106
0.09630232304669793
0.10303764474811294
0.1021983071052467
0.11138600280573797
0.10989018564079078
0.12080487298440823
0.11891089520743316
0.13090076907486803
0.1287135306240917
0.14111072614068582
0.13887644433832297
0.15093824872422457
0.14934012559342982
0.1603086497304986
0.1596411783096612
0.1687921396010632
0.1687638326802351
0.17626256537792218
0.17577938116167843
0.17565510653367797
0.16953853416919148
0.17001084366711602
0.16890199179067525
0.1729480654563934
0.1688498453596693
0.1731285913538176
0.1724305349159823
0.17812115550229704
0.17909260831813842
0.18153801764268918
0.18232949513957644
0.18167356253685474
0.1817981956490509
0.1829490943375792
0.18398341280439875
0.1846040653733629
0.18471825452761448
0.18427117135120108
0.18321282629825886
0.18149691607700716
0.1791097680853191
0.17613669515742417
0.17512073302816847
0.17003257934611635
0.1692964303355837
0.16426018739054057
0.16446980244012002
0.15922075858661755
0.15862454872641943
0.15153769206267198
0.15065508770295535
0.14115274235713626
0.1414677637045336
0.132111775080368
0.13159352705853064
0.12157654871134842
0.12303947642528879
0.11399077353298943
0.11455444226994903
0.10617568467728085
0.10591257057275284
0.09826726877047322
0.0978932366946507
0.09141376620205943
0.0908524662344431
0.0859729017065537
0.08536783087176193
0.0824509591905291
0.08234350687212957
0.08069787642995317
0.07939975633437944
0.07579618029681072
0.07573585648228567
0.07299982200764028
0.07318438162769987
0.07304902485513211
0.07206599241367233
0.07581279334951359
0.074607476789336
0.08131290095831413
0.08028591009454952
0.08566555997072743
0.08443301312585923
0.08914139229524344
0.08821008170893653
0.09249682596360498
0.09194229675275038
0.09758851745275032
0.09897460008392034
0.1080109899215866
0.10879416639237201
0.11983241153526773
0.12000193504367988
0.1314464397291437
0.13167779604348165
0.14181071037203924
0.1423064276002822
0.1503360997806252
0.15123736575363353
0.15724532040006883
0.15726998412318127
0.15934700154159523
0.16043782874243773
0.16020109558068807
0.1594115898173504
0.1561733804557416
0.1561317329801288
0.15296555936887643
0.15453962872626656
0.15136592990217348
0.1534865642162934
0.15054762869388275
0.1530941222020754
0.15052234059284356
0.15334569643838777
0.1509635241945986
0.15400175640708402
0.15127915106835607
0.15452453381909959
0.15093962000698297
0.15442285885739046
0.14976348408066875
0.15354681842134604
0.14787250237069213
0.1520185205077175
0.14553281398059045
0.14994976708475277
0.14309824818719233
0.14699835652245566
0.14103405389012016
0.14296815357804374
0.13728337654645092
0.138793385567738
0.13388948893840205
0.1355427641927504
0.12948442768483565
0.12962171820655197
0.12037736296775757
0.12128325201503054
0.11039072799073446
0.11211524606645812
0.10109263841655247
0.10336380017617612
0.09374692132108198
0.09682389576130547
0.0893077544043067
0.09361768749093811
0.08847727917604688
0.0944216503344163
0.09152246065960885
0.09912780320988557
0.0981367902981169
0.1072816336306424
0.10776469191137117
0.11826963897845098
0.11805558313858566
0.12812324870358097
0.12787457760003368
0.13744309176658437
0.13716141736617532
0.14608234718110882
0.14604491720882087
0.15409932999543488
0.15430779359003088
0.16123616092069362
0.16165384419042916
0.16719753765634307
0.16777922782561075
0.17172471280742033
0.17239552788760334
0.17461192090695862
0.17528716699714342
0.17576714988191985
0.17642181021243575
0.17541819606953632
0.1759410338277769
0.17442683833568395
0.17401121853155269
0.17305520065395388
0.17301498832881249
0.1712994486251024
0.171531012026373
0.1707759451991866
0.17122193827435742
0.17190737927738284
0.1719831294728206
0.1735065311821595
0.17315560906851757
0.17502228842925435
0.17442624895510025
0.1760601822466266
0.17526466259789897
0.17598948650633564
0.17503774378535186
0.1743831934738631
0.17338681502557698
0.17115900619081326
0.17024434405443112
0.16646387977306507
0.16571050517994304
0.16054350617548965
0.15999365389337886
0.1537040746751663
0.15337626132823376
0.14628454974343033
0.14618145535283653
0.1386290870388602
0.1387056542830668
0.1310307179173611
0.13096923508196792
0.12349037471909517
0.12326185902432397
0.1162643640744387
0.1158945431398069
0.10961394400445534
0.10913865477949107
0.10374066873281856
0.10320593326981736
0.09876609258476386
0.09822741726235314
0.09471718472323554
0.09423601385857576
0.09152193801633302
0.09115826634469741
0.0890195716142874
0.08880654979442375
0.08776594291847216
0.08760641294120676
0.08840032961277576
0.08788267439260301
0.08816582028911983
0.08749361305921201
0.0867547851757513
0.08643719639899178
0.0852922200547749
0.08510688600174308
0.08364195654567418
0.08354678723759856
0.08137676878737878
0.08163696889657888
0.07840253848867386
0.07874087799741512
0.07428167645628485
0.0755180714159711
0.07218870328221325
0.07401392161992772
0.071005340766799
0.07302944487820134
0.06920911685851948
0.07298380032848091
0.06961416446012031
0.07533802169439736
0.07238932679064697
0.07984948614109608
0.07659887344707902
0.07763126578142014
0.07414559926622576
0.07443301641834908
0.07079057736309602
0.07128195396970723
0.06833546034881165
0.06905416768764777
0.06674986744757076
0.06768464199140527
0.06609529789944832
0.0673252758632114
0.06675329836416076
0.06843307895425939
0.0688173572505522
0.06949472267006153
0.07196415707139231
0.07267193962419387
0.07711229028710985
0.07802149177836216
0.08350179969216294
0.08652027777456166
0.08787775810875141
0.08822410643324226
0.08980476593537257
0.09014830399687986
0.09197471417518553
0.09226431947087238
0.09427829754323609
0.09453576249575846
0.09669500075873332
0.096821551516517
0.09923077581079078
0.09907633267526252
0.10190322699515818
0.10182005492000461
0.10513369566731738
0.10426399226328499
0.10562856498173696
0.10529885153000597
0.10633978175362062
0.1047405745408158
0.1060346507250897
0.102771381014604
0.10354507289363456
0.09837413186431716
0.09914290717872255
0.09211453106476913
0.09323346866820263
0.09293863452135732
0.0936954550551687
0.09582340821652423
0.09886249245852803
0.10231663064111594
0.10353478661593633
0.1094432243343249
0.10952495051460263
0.1164215460373218
0.11552905771439792
0.12245035349809562
0.12104070218237406
0.12805441794636913
0.12640687002828188
0.1351492077710926
0.13190716086773938
0.14092560023889472
0.136229080989046
0.14494758766683033
0.13919623350223498
0.14557967646405248
0.14332059474426515
0.15200696422425716
0.14899671991981972
0.15711695943927304
0.1534075906570264
0.1609075610356254
0.1566868183535074
0.16352204449212462
0.15912948233420057
0.16510221917250412
0.16091506291477967
0.1656681392368841
0.16200868469474897
0.16518141465457
0.16232670302423083
0.16353298230714367
0.16098229278793447
0.16121362974772027
0.16101608319152735
0.16426008672086162
0.16644041997392922
0.17127063128560396
0.17525256998415092
0.18149586804540416
0.1821140694110278
0.19250348975301815
0.1912195058038315
0.20124802478860762
0.2024295517841824
0.20807238746720713
0.2083013568635984
0.21089818723732548
0.21249097866290126
0.21172410122414398
0.21235102463392283
0.20866746032654238
0.20921460323364707
0.2038663568414246
0.203759472330461
0.19769547462738257
0.19889506858272113
0.1903535796937813
0.19120488023794288
0.18215413360624566
0.1830412842551006
0.1739378014834586
0.17476129948198826
0.1659305072930852
0.16677271091009713
0.15790940177250792
0.15949206419670614
0.15128253752501
0.1536212973092822
0.1461148776367641
0.14913900378151632
0.14247934833825038
0.14606420776985407
0.14051693153136524
0.14458832751109002
0.1403433761911917
0.1448691977045489
0.14211727924476042
0.14699162229042675
0.14601709050120132
0.15180632605349537
0.1503982456444168
0.15427277338879933
0.1512946163417608
0.15409074514773793
0.1516142398893096
0.15663032053940615
0.15360209484534088
0.1638982505065401
0.15440530783904646
0.16219749325519442
0.15472453948623674
0.15791253302274874
0.15008852159297115
0.15317582764414586
0.14739554290301943
0.15078984146026234
0.14538250379886494
0.149471584384848
0.14576100953547644
0.14966077045978848
0.14709813882990067
0.15071899788634022
0.14840119519450687
0.1494909759808821
0.14901963474460642
0.14947990210572112
0.149349965076667
0.14977970774981755
0.15078505669896625
0.15231886486377
0.15434833473138
0.15687062387178943
0.16047072876308352
0.16080660740991481
0.1682884778845445
0.16829249036425453
0.18027293588122473
0.17930864622646514
0.19406705830235124
0.191276855227935
0.20154557535070639
0.203035036149818
0.2091984848998272
0.2082247650369153
0.21115495943470475
0.20788321883360442
0.20792799291741473
0.20382490669609357
0.20576655344976216
0.20077376887898946
0.20111812763315698
0.19468728301399044
0.19272021097558314
0.18236303520370722
0.1787117582444229
0.16556588844615547
0.16457058570018185
0.156261300173778
0.15363829619046945
0.14863417355549438
0.14938721116606052
0.14384453812159656
0.14350225061663022
0.13869889453484546
0.13858497476769874
0.13575577999833485
0.13554865662347512
0.13441475156124663
0.13454856841585966
0.13607505543134948
0.13829503961547301
0.14721242539001353
0.1504672149022425
0.16367452036639193
0.16338112252023698
0.17354739706404754
0.17308629045306775
0.18154683782555073
0.17976075855794518
0.18898432619510486
0.18571229250920088
0.19676663601856237
0.1889983037726507
0.19890147351563095
0.18670929308997375
0.1965982405718525
0.18132335275993294
0.19233434348506032
0.18156368200196119
0.18728964533909184
0.18066940030803924
0.1876002286595304
0.18423817967020675
0.19221876399830684
0.19188778473369714
0.1993483024370795
0.1982556655066315
0.2033579868893044
0.2045532118329015
0.20703172399773398
0.20710941424918203
0.20804322339907813
0.2087306666255643
0.20907322486161403
0.20927428109932442
0.20940180064758518
0.20923759698612665
0.20993078152513953
0.20933982720830704
0.21053346075052404
0.2114377516854101
0.21010061593627236
0.20998412026829516
0.20729195271292244
0.20745173834905492
0.20470092364730355
0.20532636092546805
0.20149465597466873
0.20049435840298394
0.1908148120089785
0.18829667879798553
0.17465094888851163
0.17793956642623862
0.1703143624228944
0.17252326263794007
0.16476485187516893
0.16597661857980536
0.15340749065793277
0.15438083568130623
0.14194330494599425
0.14225161955519303
0.13040883555066463
0.1310818716384921
0.11935723006423364
0.12112748552594015
0.10917210268452372
0.11103038321827126
0.10012297203939201
0.10012319886300586
0.08975143041840451
0.09107331964917496
0.08311146559946177
0.08614089840957843
0.07941731032353079
0.08111178140561263
0.08207232225307161
0.08625939054741616
0.08746791603178067
0.08937347705264785
0.09216627825599567
0.09373046604254913
0.09525252783311466
0.09624064610797284
0.09672256529541086
0.0969205093807019
0.0961734111740083
0.09603825514748966
0.0943035818399554
0.09396410850366528
0.09471892213556925
0.09635471574510059
0.09844201919021266
0.10047453771307863
0.10225108193201159
0.10206230396587969
0.10486871144186877
0.10463127820866258
0.1097234528058889
0.10994945145039257
0.11805762149434691
0.11528060429161165
0.1219873139672797
0.11895300921368958
0.12725031985585442
0.12511134239072305
0.1366940265668537
0.13490391417384484
0.14574904091536092
0.14534499249988797
0.15581511720107524
0.15509709246416867
0.16512626132619132
0.16363795640619314
0.17343477989889008
0.17208369779633728
0.1782343662955352
0.1800305798414391
0.1845310235638551
0.18365276368762215
0.1862275942982368
0.18313537980200165
0.18512774743793378
0.18245506825598334
0.17955480493983153
0.17319338320402997
0.17353358950900263
0.17067402534116416
0.17128646850463583
0.16898022048536002
0.1722927395399204
0.1709358430240524
0.17525784939420389
0.17501854556226437
0.18219058765951676
0.19198922353846373
0.20994227348182717
0.21027293609922396
0.2214978226790393
0.2231881524273828
0.22138790708019573
0.22390227449863587
0.22198649703864923
0.22685915156152645
0.2226666079113954
0.2262567729278416
0.21974082312148605
0.2224153725200494
0.21367939400734004
0.21634004081623592
0.20607877324538856
0.20844732284580117
0.19785623088953105
0.20088658489632713
0.19069292582794214
0.19163671913977198
0.18081869097646996
0.1814616874252951
0.17234854523001095
0.17280839217440527
0.16529798191013445
0.1654784923068631
0.15915031678365485
0.15862442695555337
0.15536162952775623
0.1535554380865608
0.15161984227833727
0.15128244715575376
0.14878653786494797
0.14911969170718944
0.1457554466388579
0.14658163584590644
0.14257188182130245
0.143060044758188
0.13866380340849685
0.1401050918261854
0.1353270801120593
0.13735917424158212
0.13203483575486816
0.13406774060043639
0.12875869198257636
0.12995286455342067
0.12253341370597176
0.11325763893915408
0.0957736504669285
0.09615342491776563
0.08580000635296105
0.08406500977637404
0.08509807629184664
0.08226163097923674
0.08466575026462887
0.08267325644454827
0.0868172725181447
0.08359755806616857
0.08995419967824397
0.08651286426291978
0.0939091790118632
0.09032133934763213
0.09697525197956719
0.0952347130851181
0.09860235255892325
0.09633676488123853
0.09789098892995222
0.09927140971089558
0.10371385542875776
0.10524600404435447
0.10511231371718822
0.10617073154653656
0.10392283395116386
0.10559033778988369
0.10415740524240898
0.10599790605420152
0.10343868511295319
0.10412792024596701
0.10126864577702667
0.10089801413385913
0.0987967804275523
0.09902507913101305
0.09856227979528374
0.09845247580589934
0.10030961647758922
0.10189312709984694
0.10286809988952568
0.10405123401108697
0.10711639671565469
0.10901393184757974
0.11103053134632224
0.11536830990084594
0.11580330889214478
0.12101026120287012
0.12109407123994531
0.12513539370986104
0.1259011244224085
0.12531080831403563
0.12542829950240136
0.12757484811177475
0.13166540599067575
0.13352399128199088
0.13335548268469063
0.13281510403529587
0.12960807601971921
0.12930116911370726
0.12440966635073732
0.12546577703648218
0.11912785257377799
0.12007124046385752
0.11356688680971228
0.1125348925221157
0.10916669742977658
0.10935249688590161
0.10752708394191268
0.1063316505965848
0.10374792568790676
0.1031817716680274
0.10266683605775019
0.1032200128236958
0.10386040168264743
0.1059652305535811
0.1046779629014068
0.10798350631757525
0.10679317494206275
0.11069652316063888
0.11104963991922512
0.11407455586858282
0.11517879357940473
0.11596185190065861
0.116738719144091
0.11766933206848013
0.11737150209178127
0.11687582788814865
0.11616876496572053
0.1156993933797205
0.118123043836395
0.11492440351990896
0.11961516926320746
0.11329311934090446
0.11975014762303826
0.11289032119815762
0.11888742806557305
0.11421227420158932
0.118288970773344
0.11757819350728026
0.12020096241084187
0.11777489941444325
0.11339286019584593
0.11002899140129775
0.10752158118969261
0.10454169365467698
0.10392428369059742
0.10286773799048259
0.10157845145167305
0.10042562400334991
0.09980865517278224
0.09971354675618595
0.09966059778749176
0.10140025954362629
0.10119481429157924
0.10334222788196355
0.10388503471210637
0.10920890664938238
0.11144234656984685
0.11216679546599422
0.11099607210935857
0.10967956074796775
0.1095726572732067
0.10647833601758928
0.10618724753148845
0.10179316577216631
0.10272666659343288
0.09865742251035313
0.09817644139979549
0.09511188221335605
0.09393461102844085
0.09332728618552343
0.09325803860923136
0.09332396652133391
0.09239151094492742
0.09333637741668704
0.09493609781583222
0.09819057085667508
0.09393343143398851
0.1004271290874625
0.09461593599001328
0.09537794554269775
0.08944175824029028
0.09061344225600453
0.08522859508720772
0.0861782337429277
0.08142208164680174
0.08470187557071733
0.08754556462253148
0.09456622436128038
0.09867730771961898
0.10417642159633168
0.10718281755609761
0.10879790291606899
0.11360388456066955
0.11420661889270257
0.11482726423498707
0.11568343336530318
0.11526983557681363
0.1149005839206529
0.11523390962739948
0.11416270641027115
0.11456012679287964
0.11304612734413715
0.11407716868419499
0.11281113821299614
0.11082424028633035
0.11096331472198569
0.11227531802106906
0.11257286781721366
0.11186874271002566
0.11145963313931902
0.11128018004189978
0.11071695783427005
0.11007767505270755
0.10981751306342526
0.11016652762246136
0.11095517901894146
0.1107158920006578
0.11177635903841009
0.11627918892079964
0.12240008072759838
0.12593825234172037
0.12660696167538352
0.12525973294862985
0.12537680567907564
0.1275038721640243
0.12243034673437654
0.12186824228788397
0.12318262578452444
0.1234907806674636
0.12341278937583688
0.12292016253367555
0.12352450251925667
0.12420207221496755
0.12233627714951306
0.11685905590658596
0.1117143997176565
0.10982589506362593
0.10596528343944966
0.10359447538979057
0.1050689573682696
0.10041162443958217
0.10355478996142653
0.10242892545639842
0.10541862127745434
0.10529237639240539
0.10963075000823959
0.10936832373091203
0.11386425683370381
0.11335652286787702
0.11717814701526197
0.11456887713109765
0.11492756994729303
0.11225156391771375
0.11534678017146784
0.11426167382058729
0.11914038692162748
0.11863620121379675
0.12444713177359351
0.12410610401930049
0.1307806444711411
0.13075040906883648
0.13793004819354532
0.1377784264743471
0.14596342556410433
0.14675634476960683
0.15565392234745937
0.15091204106622794
0.15648643519029087
0.15248902266736034
0.16295296224721098
0.16500752320441056
0.17066850085864452
0.16837169738974736
0.17600180641440533
0.17701813163220928
0.1869633033040847
0.18706845451341447
0.20033371792237406
0.2000452936145725
0.21317257655162203
0.2115846283506054
0.22405295151322224
0.22227276624758108
0.23176871569899937
0.22938912766284184
0.23818380893724725
0.23823259975797892
0.24761960309476527
0.25153908147098064
0.26620718576252195
0.2694663016714597
0.2878646979608291
0.28911908340142883
0.30794827759039517
0.30821238854770133
0.32593749179748405
0.32575866540447007
0.34259796854747276
0.34252025902836786
0.3594407513878776
0.3597897163079082
0.37747292161244134
0.3781358681012828
0.3971636205280622
0.3976660568395844
0.41511303890017276
0.42173194857572166
0.42997727908903366
0.43289274508911046
0.43299607233589205
0.43525072004506676
0.4357866457346336
0.4365019961362763
0.4371842438940646
0.43603719161906157
0.43410891317361905
0.4335079901359318
0.43055127458218156
0.42805441241578057
0.426213595398862
0.42562560337974764
0.42336324584461943
0.4228790291245899
0.41639104094831286
0.415528976167781
0.405961909112915
0.40594239664772497
0.39507164968858244
0.3958621017508386
0.38354670987459066
0.3836801494968201
0.37123223667770605
0.3703593303143678
0.3597555797997805
0.3592670750686675
0.34707364400136603
0.34316780368727623
0.3247144761191529
0.32171219886452723
0.29903492465452425
0.2977414088765659
0.274265955103445
0.27388808267984516
0.2513038629006068
0.2515698785752814
0.22961478501903645
0.2303688846484232
0.21010829729994804
0.21031205582206391
0.19012410632688717
0.19220623409978774
0.17259242459989255
0.1727163703305956
0.15517753574866247
0.14875594305347242
0.14015837250309035
0.13699979134938897
0.13583988534686256
0.13303235930727414
0.1300858618448682
0.1284739340672392
0.12310955136744767
0.12300415371544583
0.11704567215330702
0.117172666234726
0.11130917854037398
0.11134857059627447
0.10642855783209974
0.10686824100816912
0.10744324568804665
0.10978221434680985
0.11130246678424287
0.11309741548494416
0.10937578353898526
0.11179042879905789
0.10922870428951931
0.10882598298395908
0.10763627414572202
0.10749521854147437
0.10713772305818886
0.1074750911700369
0.1077961068215056
0.10818373518637796
0.10788777381213123
0.1092199224256768
0.1092293843736591
0.11187489190694296
0.11225598030533666
0.11650559202604249
0.11720797428345185
0.12334859402965336
0.12421574329765674
0.13231409106562445
0.13279546267272796
0.1410024661982691
0.13947583556312906
0.14776944354162522
0.14526187558791748
0.15227666483285437
0.1478658633934156
0.15939519233022215
0.15411542119289143
0.1678932756032133
0.1620582846274631
0.17744082065957426
0.17123616445228448
0.18738622704279784
0.18094992147919461
0.19714292884190943
0.19105373726639696
0.20652728905455398
0.20134847595388794
0.21533043621762082
0.21130139580584553
0.2233003865333898
0.21996370589950606
0.22906168158122128
0.22197802027916846
0.22716806042875712
0.22076757545832595
0.2279275937978341
0.22867465790657326
0.2370064315299137
0.23578312182632308
0.24573534336675942
0.2458354412780285
0.25331063367662493
0.2545456284166513
0.25942367154962576
0.2596518018800534
0.26193493743629837
0.26235235883197583
0.2624068666233324
0.26234844597646095
0.2604386337919508
0.25993642696214475
0.2560798964521869
0.25524247702217806
0.24874649991159356
0.2474596184183806
0.23888482665808666
0.23801914353658357
0.22906828704567495
0.22860871763289584
0.21980535139979343
0.2195000344439759
0.20971308851729695
0.20911158484585327
0.19717920809520587
0.19612535738048867
0.18301880169592014
0.18377470790065317
0.16856311506332897
0.17026253851217343
0.15577409183058033
0.15931441387954084
0.14368958742709703
0.1476962670519991
0.13214775353112887
0.13572664108409258
0.1216328822387363
0.12463511176989668
0.11248539652168384
0.11487795014436686
0.1051125279789521
0.10728927644769483
0.09957912309398886
0.10211410887051857
0.09337476358826714
0.09567164164726842
0.08537934742732534
0.0904396378163258
0.08074566471658441
0.08633441062919223
0.07890189482999557
0.08509244063621324
0.08015569486116965
0.08740469725903395
0.08425020454699278
0.09208054365432099
0.09012176042291897
0.0979556973115679
0.09702149452669777
0.1045733707672973
0.10444700006921998
0.11316001978630012
0.11522133443741472
0.1269879684091452
0.12809967032182357
0.14160271630960966
0.14203642349588033
0.1558289608407314
0.15604262004619462
0.1685116859196515
0.16893779290106406
0.17931498690148742
0.18009970289118957
0.18864851463459667
0.18876752415858936
0.19361560502524974
0.1944650554707211
0.1967173153184976
0.19592610579965197
0.19506104145444636
0.1950902847358905
0.19246496208176778
0.19278346912632857
0.18936439112610204
0.18929998346237434
0.18578721279867816
0.18550809620407913
0.18228056927894642
0.18201808685065465
0.1791492295233106
0.17881529864486537
0.17582114236976043
0.17538694158332221
0.17167029373700346
0.1711817499116748
0.16634603910531628
0.16590998656099334
0.15985834288431783
0.15924645523841288
0.1524775728489321
0.15201231449605432
0.14448155303876734
0.14468958070546306
0.1363027439276058
0.13682723386212275
0.12935370374532915
0.1298307648612407
0.12339448788922702
0.12328682257783974
0.11650784611543376
0.1148002913702294
0.1057541625376986
0.10504156963441137
0.09494719668923257
0.09500217069357021
0.08543943364981316
0.08574908056046342
0.07847504500736528
0.07851683901070516
0.07456294702326767
0.07439063485950516
0.07427847871643968
0.07411287290175642
0.07783826632305109
0.07770376103746279
0.08491006123711342
0.08482368213380141
0.09491476451966947
0.09483270926686276
0.10711291891052216
0.10698855765459332
0.12071894993777481
0.12050250809652809
0.13475902469046372
0.13451659505046418
0.1486422440990193
0.1484641625138937
0.16191525394316747
0.1618705027607976
0.17439085076077143
0.17450103397675543
0.1858491824496726
0.18607735785330404
0.19606073163514523
0.19632813297189125
0.2048461523426978
0.20542341523995733
0.21215249925610333
0.21276359834110767
0.2182313924317583
0.2183872231462147
0.22338703770074497
0.22329533793527723
0.226740723356235
0.2265641166621257
0.22823691938204674
0.22856403877513756
0.22808948199312176
0.22823430150261984
0.2263135080297687
0.22599710885277033
0.22292618284635748
0.22232625654440372
0.21790453774787003
0.2172210098483733
0.2118117816275691
0.21102599200809355
0.20419818433441328
0.20325268201998514
0.19479936158447764
0.19381239049974444
0.18378330139973667
0.18293358214571678
0.17147742064254182
0.17085039720883563
0.15818004201308197
0.15781150037199015
0.1442219136579505
0.14412277412880678
0.12996804542555418
0.13013616430182812
0.11580328639211801
0.11612691187720448
0.10201409439695318
0.1021573012936602
0.08865316913686745
0.08865163730476262
0.07611008115081726
0.07601559379228967
0.0649010989554504
0.0643913663601964
0.054298561225939124
0.05376125468957269
0.04498259535984212
0.04448094429733752
0.03724069255716849
0.0370779896800436
0.03139109096100786
0.03156163417617814
0.027130062206749763
0.02750333901467762
0.02407241994025658
0.0243630218982152
0.02211454452494588
0.02202284322288532
0.021010256753165216
0.02102899641238241
0.0205953579333415
0.0204176004513261
0.020421929250931933
0.020478178975252097
0.020883692718675753
0.0211143290460506
0.021890030821174137
0.022286510401334073
0.02393969574259337
0.02530739653056953
0.02911064289979544
0.03053976992510457
0.03644820750802185
0.037448564919928665
0.04491829819208046
0.045891354992375594
0.05487354365200827
0.05600901529983629
0.06647240099098799
0.06778673962523458
0.07950606978944348
0.0806296448608667
0.09289282347495725
0.09331441713409296
0.10517036574195356
0.10518071987128286
0.11620445876729434
0.11629010966973263
0.12650511605636203
0.12662830312835824
0.13555358820424582
0.13629923710061934
0.14395913156641263
0.14508143377810004
0.15069283752280044
0.15210572041067077
0.15519579465200398
0.1563582077613648
0.15760507602814092
0.15845839176708942
0.16138957169033888
0.16183245024202328
0.1664224504481847
0.16642741174034154
0.1722983114668261
0.17206261440810341
0.1788882041812941
0.17863427373589025
0.18617350271611668
0.186319508953762
0.19405118899828278
0.19399628941820254
0.20177365544541823
0.20144872442871473
0.20852139020328966
0.20805453479816308
0.2139743723558979
0.21268239261564972
0.21613737092083415
0.21488776553697223
0.2158154946890526
0.21500218148575168
0.21394202924959782
0.21314833279715362
0.2102006119380608
0.20923693986178485
0.20432104607660642
0.20323411297088342
0.1960423492510278
0.19553930684855633
0.18572793464816117
0.18660592694803368
0.17489820064834602
0.176584619434354
0.1691857148456529
0.17040293708007836
0.16640480105927682
0.16658685911639656
0.16466531384002123
0.1638562276670368
0.16371483227121222
0.16256582767082398
0.16504341907840225
0.16369552144846067
0.1692027495598171
0.16762965000655158
0.17488526561753873
0.17332798432341165
0.17850284613182407
0.17732207107319276
0.1804756452719015
0.1797882429324217
0.18127721113288445
0.18106289435003609
0.18106490411663567
0.1811552138007244
0.17981559446762233
0.18009568870201953
0.17757512810746648
0.1780426593652754
0.17438750103478237
0.175025975944439
0.17012386369002164
0.17090318937574867
0.16451221963727905
0.16547383863993523
0.15901838933543413
0.16023376592029515
0.15705790066275532
0.15860670300708327
0.15940023145038146
0.16134741757514418
0.16684118435991493
0.16908436630395396
0.1797102716565562
0.18146874107039976
0.1963445692470106
0.19597206513073337
0.21250758857125196
0.2131621115605599
0.22891467001948354
0.22985382978283142
0.23746064087600519
0.2388874477122348
0.23871245593423518
0.23948183203256668
0.23684756766975548
0.23723579079954174
0.235404088413631
0.23541427508653598
0.23313441374996832
0.2331679839384487
0.22948344520966135
0.2297185873720727
0.22508237027387443
0.22552064084516896
0.22006490991335625
0.2207002071150154
0.21428016972621367
0.21506377852742595
0.2083944643609155
0.20914810446628565
0.2040736174094677
0.20469861420330235
0.20185995189097275
0.20233567628248791
0.20168797325358553
0.20201985020704927
0.20351110995030341
0.20369141449540498
0.2074122860759899
0.2073674969710122
0.2135001316094667
0.21308911125562693
0.22010232376873573
0.21913258891875562
0.22362627266198054
0.2220281320645039
0.22363696857041107
0.22265574196766932
0.22192254200463638
0.22165815281120885
0.21809639770229186
0.21758133535697918
0.2077528343829981
0.21017650763308837
0.19595268518741962
0.19459250026917596
0.18323546324736537
0.18100032213676753
0.17499084150023222
0.17223074363565494
0.17013852263400772
0.1694240074507676
0.16733014644497687
0.16739543534748202
0.1631471590521861
0.16358634910561562
0.15808644565717392
0.15850155381705364
0.15430254071711882
0.1548565530645484
0.15322955138860536
0.15384271925285323
0.15545996738727938
0.15605788816730184
0.16162568071545805
0.16235654792234913
0.17189130395723015
0.1729116209835281
0.18544441961190206
0.18675928359478997
0.20192959301145838
0.20268653602842057
0.21832879060838628
0.21926474584927547
0.2294314082333442
0.23386791782571678
0.2373501728148737
0.24066869691966675
0.2368786017562348
0.23830520267243174
0.23483730116464918
0.23612151096646125
0.23482244783276138
0.2349219895821817
0.23309216462027982
0.23213015409942359
0.22781322645986266
0.22561749314969912
0.2188911913952197
0.21757312632914916
0.21289345677355134
0.21058417487870526
0.20941833619699937
0.20930552333837252
0.20699399340666583
0.2070776923525124
0.2030380252333791
0.20343661281240402
0.2005205131942702
0.2003503367179815
0.1994477447989954
0.19953654719600222
0.20089980136358773
0.20150814681732834
0.20744851512480936
0.20966905353853513
0.2193961676435501
0.21853691562859953
0.22454845305729407
0.2256393840009722
0.22676620564921005
0.22593103103007353
0.22581404404641095
0.22515401385649503
0.22307427197469007
0.22115582594843577
0.21458516719157236
0.21267674953825963
0.2014737164239873
0.19984026026721122
0.18690405928732243
0.18513460765893663
0.17651098987418892
0.17139829311847457
0.1681740923478325
0.16426909025433045
0.16716168695783762
0.16527378155867908
0.1668556436811216
0.16551463844888623
0.1633231227381384
0.16451632423868204
0.1594546239588182
0.1601984882675998
0.15437504544205363
0.15497239418034495
0.15020172953172736
0.15053440695352607
0.14773445823637613
0.14780320963354648
0.14737768349051564
0.14731760929839274
0.14940209041869806
0.14923846289963105
0.15341979078064646
0.15315176244076786
0.15823724615664164
0.15780369313874484
0.16265448189468082
0.16200686210006365
0.16551278052297855
0.16470131899885895
0.1639629361599099
0.16171265070427931
0.15550738224019187
0.157033352413769
0.15541444918701366
0.155356780455702
0.1593964191592828
0.15989947421966333
0.16399296478897638
0.1629799321281665
0.16533264441894813
0.16579532855653917
0.16765703391916006
0.16786950542126014
0.16913501360868574
0.16958362737974286
0.17003703873892143
0.17023783569003326
0.17065769972714853
0.1707184353719385
0.1723181112107707
0.1728646709077277
0.17673366145445324
0.17782984236619137
0.18472355717869463
0.18504805693873808
0.19061388118388842
0.19434854993667003
0.19738033367033528
0.19930653792618777
0.20270651483338023
0.20357930048202122
0.2089817089610669
0.20901699061810555
0.21433982061044002
0.21375427128566712
0.2178481702133931
0.21736709516522404
0.21954778555150536
0.21947858107459703
0.21927942840422068
0.21963371820918245
0.21696434121591346
0.21768977857688665
0.21290792623205732
0.21377126132269797
0.2076698453674428
0.20797554572395135
0.20346477831775242
0.203907962255274
0.20252603614872502
0.20171414298174814
0.1989521313959178
0.19725517779879645
0.1923082274337883
0.19152277950663762
0.18552034461071298
0.18556792962366422
0.18010015564484283
0.17954315091011205
0.17501509834484827
0.17448847340364557
0.1709413694037849
0.1704832477680753
0.1676285715915883
0.16754563414044424
0.16432255600000048
0.1665669095948244
0.15983642001979878
0.16085140705268033
0.15371793949420218
0.15281172627313402
0.14339067418305246
0.14286825227628616
0.13626726874944273
0.13101743752743408
0.1296969318523164
0.1267264010352047
0.12639889156836046
0.12482323992629124
0.12211829267669712
0.12155787632241465
0.11781012900890103
0.11835103546591659
0.11472043638860736
0.1171596392922537
0.12361255915274072
0.12654705755092796
0.1314436433037782
0.133332569096055
0.1341015195020679
0.13363196435661287
0.13733037145115048
0.13719115154247521
0.1436663699022774
0.14304011710188955
0.1481252486504869
0.14742709271603524
0.1495061011367681
0.14914574346653756
0.14923419414958916
0.14908908601974263
0.14777890996765658
0.1483436922542581
0.1439804640410855
0.1454564812158212
0.14103061324732316
0.14198370994530676
0.13696532647246748
0.13885966599153585
0.13377648800205535
0.13629491336206548
0.13124728535423316
0.13408769468669215
0.12940123005686088
0.13007531625806654
0.12811347866350317
0.12930241261155084
0.12616582765304882
0.1281304002677532
0.1250764536363054
0.12646756387531982
0.1236535466553948
0.12469582889086965
0.1217376700211153
0.12265298192979872
0.11921877488646165
0.1209596534884617
0.11718827500797696
0.11920238549699426
0.11522649724749741
0.11652787248236711
0.11300740202594652
0.11126117649109256
0.09883886133998206
0.09619328710223522
0.08709635224842048
0.08759256023869659
0.08418791713317969
0.08757732177257138
0.08317934589175634
0.08816713688546578
0.08260255800148741
0.09044552277542266
0.08525814819536791
0.0944011550113102
0.08964581843688009
0.09959127813033886
0.095073190299177
0.10469777504443123
0.10149724971849323
0.10895194725368289
0.10913415308278897
0.1131506090850491
0.1126120672202064
0.11971027467838735
0.11963689254858405
0.12399772365710611
0.12464868944937936
0.1265093344721949
0.12759580874895718
0.12674620077785095
0.12760183728195001
0.125222565415469
0.1254919839356577
0.12317137053921907
0.1235730203607001
0.12330799277616507
0.12429940418168327
0.12764230056185874
0.12883786131996863
0.1332203794028956
0.13356115037767397
0.138690177252733
0.13961919621965052
0.14631757334510875
0.14768152315279792
0.15619773601795386
0.15705215920031648
0.16674295833610486
0.16637308417446486
0.17652128254274538
0.1766006370481523
0.18477110511458938
0.18519259745457398
0.1877183913507309
0.18806339666466534
0.191635933378173
0.19135599986274734
0.1910396227511224
0.19084854073650467
0.18594286257678774
0.1862065273034624
0.1770028750466326
0.17747540202729828
0.16801457514547793
0.16820682933513376
0.15932124941437514
0.1590617705271839
0.15176870614840202
0.15143420959643591
0.14789057102269168
0.14962103805470128
0.14376774577369056
0.14432223502991146
0.14126321079900603
0.14158438614603824
0.14257798258021773
0.14227990875325433
0.14692157258819863
0.1463727098311089
0.1526245360684936
0.15268825404240763
0.15808083870638806
0.15859887776238907
0.1606191188507132
0.160746218944102
0.15804722431293258
0.156893617236997
0.15254903843246262
0.15348997879743956
0.1487784945605352
0.14892548478567066
0.1421834583830702
0.14251780738996653
0.13368988100021853
0.13448949445041802
0.12393989641588465
0.12441361561916854
0.11372740846144998
0.11375765163024114
0.10611465905455485
0.10599074362787703
0.10190551813371314
0.1019148096458025
0.09526569468720425
0.09531149293049268
0.09002263869499728
0.08968585130843486
0.08681671710644961
0.08616539488034158
0.08601040236880392
0.08578895483935357
0.08522744979445161
0.08615405907918783
0.08552325151930655
0.0869341507238131
0.08659186428090315
0.08880288991860087
0.08815642847713127
0.09152018379738021
0.09037182052889729
0.09599130053140688
0.0931220418958491
0.09708296967050033
0.09233504166813356
0.09603870032003946
0.08964991617506589
0.09491332850320529
0.08829439978276589
0.0941564250917799
0.0881017287144315
0.09290512210723982
0.08913901978486745
0.09277798789148607
0.09133630141467675
0.09510515457494832
0.09460592898959841
0.09849693917895924
0.09815529234582616
0.10392625472254798
0.10293830023490315
0.10914552789213283
0.10791288435143549
0.1149924634850345
0.1143383305308598
0.12293486065916977
0.12286387304376006
0.13162862338248804
0.13147454277867163
0.14190799270295676
0.14495181544644806
0.16032566175459775
0.1631965797055901
0.17358064690966132
0.1786936636051156
0.18476428456652172
0.18786299843830814
0.1953738744066116
0.19621252281203513
0.20385955704024503
0.20480772568554675
0.21111670581107675
0.2112678105420076
0.21647998106160696
0.2164101667786645
0.219509397120306
0.22006785882985927
0.21980936678372953
0.21998203645749717
0.2212100559718249
0.22197266977290087
0.2253989209875884
0.22516200524331098
0.2292636240704566
0.22914297073674175
0.23216422135271864
0.23183344461685626
0.225837277199508
0.22612118101492965
0.22043233964787798
0.22062173869737256
0.21826282163168975
0.22377192889571354
0.22750283381737815
0.23218430618996552
0.23283630095570074
0.23599293427643017
0.22993975138661718
0.23001466131816062
0.2227414202096536
0.222838691675549
0.21643178009571107
0.21707206288797468
0.2087973913509332
0.20943967528825944
0.20151885406839506
0.2018049888442273
0.1909668412920517
0.18790421816961425
0.17342330920487523
0.1726638063591025
0.1637244834942733
0.15950284051019234
0.15631418497645774
0.15370022310881207
0.15022969615975945
0.14938859197878732
0.1462164034264516
0.14519040153234322
0.1432455367532968
0.14296657053921555
0.14145578455838717
0.14116156704116595
0.14005100398778497
0.13838213130246255
0.1374053349051894
0.1364981982194989
0.1327181716150908
0.13189306218000596
0.1273924264455827
0.1289150617690911
0.12096982435239939
0.12129872129950091
0.11314171943382278
0.11369935896520289
0.11438115057615199
0.1153436584951164
0.11691123389334036
0.11867963691279095
0.11893226277322679
0.1157252038160007
0.11100601978320142
0.10743959962758544
0.10579194368268376
0.10410136220425242
0.10674303091490871
0.10732249347633027
0.10792362050372935
0.1083480833968125
0.10956076938636823
0.11022466116611139
0.11551583281696352
0.11520570634465356
0.12024287675728411
0.1209976290058384
0.12732925270314308
0.12629485387779746
0.1302945890276737
0.128284914125845
0.13073525448304313
0.13100385422663868
0.134236423622925
0.13746672236854626
0.14552372327097465
0.14837175937130015
0.16028830363096044
0.1617436011880876
0.17441480035109017
0.17459914542231877
0.18659049706429387
0.18663271651619703
0.1983446226747574
0.19822782436100372
0.21069414536784845
0.21081664070112074
0.22467589193198734
0.22525177839757626
0.24055105285254386
0.2387551739305429
0.25537596925587697
0.26131900944016606
0.27017717105005995
0.27320926196795203
0.274481909552268
0.27565944050911023
0.2772454581408476
0.2765832170666747
0.2789114458251725
0.2760862664897749
0.2778049594799064
0.27645136290934824
0.27604651188138846
0.27408460720172295
0.27353817668987146
0.27286872466443707
0.27320692978308386
0.2728360555279744
0.2697069862162183
0.26853582679542337
0.26289191053998756
0.2626614960720212
0.25643746711016924
0.2554601035547636
0.249650324179977
0.25085505894362453
0.24601526128877185
0.24648775818358415
0.24250695444874584
0.24213847336972683
0.23581234041415303
0.2325031171227798
0.2201061027836102
0.21733222466371302
0.20037328090706888
0.1988559212094392
0.18079385030407047
0.1806071421032163
0.16337590832901006
0.1635996624981458
0.14688498669819766
0.14745001838593244
0.1319845046435357
0.1320325893259687
0.11686452363787143
0.11901570679829514
0.10532682140769867
0.10634859236293444
0.09606068057639627
0.09008963269699855
0.08849438337992534
0.08490887494511941
0.09070231886031645
0.08825776424346132
0.09282048175233291
0.09118905754633079
0.0934440664499628
0.0933696565377287
0.09506364619298845
0.09512694864008536
0.09691975609943697
0.096817295259709
0.10057678691212751
0.10141579252010634
0.1107206958366106
0.11351887294445319
0.12420156055197164
0.12564231984863225
0.12957178449182885
0.13164020400883739
0.13419879019965095
0.13381796589546338
0.13634087952468896
0.13483467976340616
0.13711637852552863
0.13619133554556487
0.13808574929518863
0.13756369235033156
0.13901954295126806
0.1388617830786974
0.13961299737443042
0.139893035050509
0.1398771550673029
0.14054048300833896
0.1416630800915204
0.1432571852089986
0.14522673253320964
0.14737759174991047
0.14949911213076614
0.1510873689586464
0.15118753630282253
0.15169585700934096
0.14982872256605276
0.14841557883469006
0.1448416329350838
0.14650721936913566
0.1424159901816681
0.14308267160813506
0.14044643924923614
0.14117140269388553
0.13964182010217346
0.14004148847307676
0.13913232080731366
0.13906400003437794
0.13822116998597975
0.1383871884244844
0.1370719863914267
0.1374580804601562
0.13515300272090378
0.13587813593275275
0.13061935815590953
0.1303516868283994
0.12019731897461833
0.11774834559371437
0.10788748929154501
0.1079593502301885
0.10598168454318997
0.10487652083126277
0.1025276390419656
0.10197019484621635
0.09854765881815564
0.10006818588374289
0.09862140123748993
0.10060622747940547
0.09951541959947537
0.10063047115873831
0.09973052713709356
0.10051280000680314
0.1004915695297058
0.10103345243002232
0.10192574768450403
0.10214511511215618
0.10184743114761548
0.10094493854975495
0.0989841175013456
0.09639448341601932
0.09420026958475552
0.09244157814251648
0.09128467643244753
0.09104647709307279
0.09091521517531505
0.0902531732355975
0.08901198495799516
0.0870970218924888
0.08409286437250098
0.08347341551710856
0.07908362640934712
0.07866677441462532
0.073977960658221
0.07544623918234801
0.06901570540285276
0.0715203099284702
0.06501940002502847
0.06726049697707813
0.061824011298687254
0.06357834237209958
0.05999026668780153
0.061414906631933525
0.060102213562302435
0.06163490176197365
0.061271055950071214
0.06353628103523072
0.06305027722308117
0.06526232548900941
0.0635905044600837
0.06754936938336384
0.06749425802288792
0.07355991514567153
0.07343234353593749
0.07904855906644671
0.07714661254560472
0.08297225733620782
0.08121365907574098
0.08803408322921684
0.086757741625479
0.09372382733888503
0.0926715550549705
0.09915145167700978
0.09826911961609804
0.10468932889031447
0.10520366204960867
0.11394115158749556
0.11509265356670044
0.1270849357756915
0.1277787422588482
0.14059494876589534
0.1399277129778608
0.1520142145254773
0.1517068190570951
0.16210011166878205
0.16206130986697628
0.17047819238381576
0.17142376967505832
0.17795080523115367
0.1782644372463198
0.18295754659719898
0.18215416389320058
0.18365617396596032
0.1838388211071789
0.18334515779102148
0.18360509711880804
0.1819926388945082
0.18201551691330167
0.17986760078933184
0.17964808876820573
0.1773964766665751
0.17722917411316927
0.17478479913791925
0.17456753484179455
0.17151819334667318
0.1711795016031671
0.16720154649952382
0.1667429030855027
0.1616657984432562
0.16115930963392613
0.15497948890420907
0.15453879568005313
0.14736439848504954
0.14704278422235037
0.1389717629037539
0.1389632637209054
0.13121456425489217
0.1323422517517648
0.12536784330700348
0.12585748324980342
0.11881576163822288
0.11926218960262047
0.11218259690434751
0.1120021144781626
0.10267378277256085
0.10296624867938446
0.09138259380782361
0.09285425550897049
0.08011157134089453
0.08341797168889624
0.07122684817022236
0.07492574451459819
0.06430672535086472
0.06880780744871279
0.06033851251147982
0.06606439768595988
0.05980740177273858
0.06696460977408944
0.06270878602308108
0.07133615348038203
0.06869231286412487
0.07865209009653117
0.07719825710447097
0.08822352168002212
0.08755805552912373
0.09929467658050785
0.09899708785342902
0.11104727244557054
0.11067382597583086
0.12240524394263112
0.12216264082030594
0.13333666537474412
0.13330755796105082
0.1436804592194987
0.14387426852562488
0.1531807385440016
0.1535526755513134
0.1616031859340824
0.16203949238725188
0.16870792818064007
0.1691190624473086
0.17446031820553912
0.17490451325332457
0.1791396997342725
0.17908838087391174
0.18129134791693113
0.18051296070785025
0.18178360660871704
0.18173418146737327
0.18171326538944557
0.1821113418032809
0.18152592708111634
0.1817340955575583
0.1815343833453779
0.18131687096941904
0.180910017328636
0.18047894006836881
0.17958171735378456
0.17898953363598202
0.17733613149537042
0.176574592856804
0.17385303698375523
0.17295514490675432
0.16892052389197323
0.1679993800533712
0.16253403856381446
0.16169530869109933
0.15481070477192097
0.1541122609185239
0.14594052342627206
0.14542850789637085
0.13620233811669605
0.1359077598836467
0.1259279441762626
0.12586725966937953
0.11546843338671087
0.11556760199196602
0.10508879810731875
0.10499349274555514
0.09475367490309684
0.09449098952644151
0.08476820835838378
0.08437770318353605
0.07542677841519667
0.07494755249503397
0.06698911461794489
0.06648403322987652
0.05985903334079295
0.059607977764469154
0.05455252157909061
0.054556680511295676
0.050867422879493134
0.05108312911809627
0.04849650680505071
0.04883903091902204
0.047707958353188556
0.047901376910457115
0.04794574354997446
0.047797755465275336
0.04763451872684579
0.04758134469851591
0.04599425964565692
0.046430108060038604
0.04439273585893608
0.04496858442052607
0.04275153651487986
0.043431820704324005
0.041175399278148755
0.04236713090487582
0.03992988291794387
0.04207895001107686
0.040626140257512246
0.04484191572212943
0.04321031769374515
0.04907818815994769
0.04758280327335485
0.05521564608924009
0.05413880207514297
0.06368515264063217
0.06296240056353562
0.07421462042067416
0.07346494498662338
0.08552639194583551
0.08423093393323906
0.0959932144656946
0.09462388712257562
0.09496418027118793
0.09415632138429529
0.09467749670559249
0.09439621715635904
0.0951843133624203
0.09570403087955492
0.09697795544851233
0.09833181424467842
0.10012587761732879
0.10207458367707006
0.10297058954815697
0.10673721032113692
0.10723279320288294
0.11227716986342899
0.11413183078520171
0.12075764563923423
0.12083488927399193
0.12818609776856224
0.12806590397987894
0.13615171069461532
0.1358511437564628
0.14458077590296695
0.1442260980062098
0.15378397656273574
0.15312950525053468
0.16273223270869447
0.16207164886400222
0.17130235056725351
0.17068669282344473
0.1792662599224714
0.17828337619678047
0.18634155053992882
0.18451013284892914
0.19093264673180585
0.18704898724704022
0.1931112512873332
0.1875232601153983
0.19311856050333717
0.18572789314873886
0.19084108847972303
0.1815162935264788
0.18635698996816974
0.17524425337633168
0.17988859679700728
0.1682804692116506
0.17231441631755487
0.16175699940451613
0.1637534465069297
0.1650697172130697
0.1662368862639158
0.1670842380501073
0.1698427381790759
0.16964496718782426
0.1727775042798765
0.17158223920721372
0.1743739381026447
0.17264288737038103
0.17536673032621394
0.17435534070010406
0.17565579851320798
0.17466225863905746
0.1747562251230995
0.17217919324964057
0.1705072707322921
0.169691557262184
0.1707493366537368
0.17027016256002026
0.17021684255343336
0.17014264901090828
0.16889228950561908
0.16909915373811849
0.16675466460162358
0.16712703499089543
0.16387264816250816
0.16429893466986362
0.16023363521669978
0.16070060291731167
0.15580427827611265
0.1563755907568191
0.1505769153210634
0.15133643808798308
0.1451134903785948
0.1461634455225654
0.141036672804617
0.14367783671210746
0.1406784823248409
0.14505999904393388
0.1412640390624738
0.1503265000140127
0.1469788929219877
0.16086437652576374
0.15703590174834
0.17293689832433157
0.1692146914816931
0.18228691947490808
0.1832204233035117
0.19215930379130386
0.1937867314924138
0.19760119066887236
0.19663578879906377
0.1976973015372316
0.19405829193822818
0.19628069543735013
0.19258042631559943
0.1956788945823603
0.19083958475553867
0.1931655639041161
0.18795564477067286
0.18968379307085148
0.18424966022957465
0.18550521866833547
0.18046822050594669
0.1819584332172303
0.1736990103589828
0.17646166874616417
0.1687787110249681
0.173121518660901
0.16614290523541891
0.17211287089901098
0.16588730591485387
0.1733683560673462
0.16797138048229832
0.17670729183195175
0.17231021324555276
0.18200424923114342
0.17880182611364046
0.18914598657737758
0.1872858918607474
0.19793162365618275
0.19694064198521335
0.20755146337417404
0.20576197809931684
0.2150337180564026
0.2124199839905413
0.22047462050745956
0.21972538156489163
0.22539725375533018
0.22460675250229878
0.22483855008136822
0.22523934500897602
0.21764163965963015
0.2196852401723859
0.21178094632963426
0.209217048651093
0.20610007152215257
0.2032979748190233
0.205261937493557
0.20354425262078293
0.20758402186166536
0.20756243185215087
0.20982948532169676
0.20955736248390544
0.2098457303482527
0.2103316005098593
0.2101664375109583
0.21050274770738334
0.21016817550584924
0.21065546968577853
0.2107452148519843
0.21194683735576536
0.2128225323109786
0.21481993717384465
0.21534564057777586
0.21826588454103146
0.21573392397673594
0.22237814872686779
0.2186013636264811
0.22949258961841043
0.22390347445518574
0.2374674581658808
0.22941855087297344
0.23929215573438015
0.2343990025352073
0.24004501875276377
0.23298678973428236
0.23508737311902994
0.22536064884821427
0.22525463187588543
0.21525855624329449
0.21735804266531591
0.20548813335325508
0.20674064626590816
0.19438585083993212
0.19422741865669615
0.17946156745294783
0.17849869410799424
0.164684211084535
0.1631028065651179
0.155019453343313
0.15392739467738112
0.14835936690354687
0.15106111078762896
0.14440931042934096
0.14876382025995208
0.1423668553849906
0.14784267272890175
0.14277831132810873
0.14957824491875982
0.145574026018877
0.15369946619234812
0.15125866566557047
0.1624508454959204
0.16315665743193367
0.178262473334137
0.17717106219314852
0.18944334200916257
0.19004618639069848
0.1987861165806455
0.19710904411794247
0.20639351398699513
0.20397996631133056
0.21330935278733734
0.21135725689095589
0.21624011725253178
0.2140360689413375
0.21417960233990455
0.21186655739837076
0.20938819015160257
0.20821881981988452
0.20930120004045563
0.20402550796120758
0.20895820720801597
0.20503993483644678
0.2131706592788627
0.21137431874488985
0.2214070287089416
0.21973199632602056
0.22673340475579484
0.22785397826651235
0.2321745269727669
0.23268389650324692
0.2365830316590439
0.2369775359737908
0.24038994827783555
0.24065227405492937
0.24333663853612908
0.24336100556185228
0.24407651732918734
0.24396819773012493
0.2424603993589907
0.24224623449736285
0.23924876134459847
0.238923988175649
0.23504250529268547
0.2345501468419147
0.22987426829509683
0.22918236631502553
0.2232874759474186
0.22250723767813976
0.21322621820758678
0.21081495969870231
0.19723720377306378
0.19831604577099082
0.1876935905569449
0.1878263433151024
0.1821088245432013
0.18255880487536544
0.17644200625719883
0.17542075153533776
0.16762377788268404
0.16804118794390763
0.15975859148186294
0.1600794552670907
0.15108685196049457
0.1516085294527526
0.1417190371246867
0.14194555502442038
0.13196337097035096
0.1330759027994935
0.12287201746031938
0.12423539452055817
0.11525662493476042
0.11646335237885706
0.11043869592409965
0.11114161618651776
0.10548287135717932
0.10873426397604356
0.10579591991444365
0.10778133203084371
0.10428671372618785
0.10515990115976519
0.1019516537589037
0.10270100314924534
0.10009112405695646
0.09944147186576306
0.09779598492141378
0.09730615063430753
0.09565051758977322
0.09558174270785341
0.09476107445866454
0.09512640040197166
0.09550328679835769
0.09627754645851018
0.09804894842013157
0.09905337790323465
0.1022335563898112
0.10271204525714034
0.10771065230421299
0.10820866831934066
0.11521853321961527
0.11455215345403529
0.12236490215749322
0.12071505527542688
0.12680826818045057
0.12583802441870864
0.1311018115701533
0.13112759992195874
0.13703727482547548
0.13651746279591204
0.14347997837242574
0.1428739300746342
0.1509000274538846
0.1503296869245788
0.15917619986043643
0.15905641578263738
0.16774869944459256
0.16889789845629508
0.17577430131173702
0.1762679322941626
0.18383316962676644
0.18265209573316413
0.18775468987357571
0.18697055735310938
0.1930982534523803
0.1885352390314811
0.1947326656405164
0.19196507627540924
0.1998983345311622
0.19846587854953532
0.2072800584777217
0.20586535176633056
0.21514707399371202
0.2154973959538389
0.2248564927450968
0.2272596939746858
0.24563921074152362
0.24900215210290785
0.26256200085709464
0.2636773460965925
0.2703359612828038
0.2694003897860808
0.27556525167459783
0.2752088731595704
0.28094285640182276
0.28013227998359536
0.28349817738731403
0.28264467243848684
0.2833898546867991
0.2828371324097906
0.2819002130982972
0.28160482630381056
0.279461086133551
0.2798050514312019
0.27473598221863316
0.2757321993529341
0.2697735794721117
0.2698918590751294
0.2633768304816175
0.26373758199978625
0.2566504002089198
0.25703066659843493
0.24940008453587428
0.24948031202385576
0.24198225751624627
0.23966564639660623
0.23474119892389614
0.23283620089325904
0.22677572709543767
0.22688867908800256
0.22140303745685042
0.22237646475839087
0.21810968348996876
0.21874306302190347
0.21479972430831037
0.21525469712521653
0.21183755464357767
0.21215502300513
0.20908903502947607
0.20909160192952927
0.20609254362009558
0.20580963048242995
0.20230264950977317
0.20018049358253817
0.18712454624260502
0.18402488358140665
0.1729112230278886
0.1720260716436257
0.1644531257411277
0.16584330056263744
0.1558211356798239
0.15665594591807613
0.14718741979136707
0.14971137540189322
0.1399071124288497
0.14375036184119927
0.13426689751903706
0.13895679974383215
0.1296556276599171
0.1340916104163701
0.1259751393048066
0.12858471667113794
0.12374218387338325
0.1248987083485356
0.12035795999300009
0.12549217839862575
0.1223980735041445
0.12432733305497218
0.12188081142241665
0.12317597509999985
0.12212208817091307
0.12317750412394206
0.12412628893632398
0.12464184515039871
0.12615891701803275
0.1260909011278811
0.12679888277467632
0.1272468987481475
0.12578256921960798
0.12536174281547882
0.12161801469841645
0.12346137266055345
0.11955479827922372
0.1206867265648285
0.11610127989538277
0.11850733783090212
0.11419530907304254
0.11537038932171657
0.11258814186401268
0.11273912977881902
0.11071685582400986
0.11064085279501028
0.10865257083567814
0.1090503161758587
0.10711819324197756
0.1081180724996844
0.10902449493615994
0.11206884758638641
0.1136311528728442
0.11405655154279161
0.11390245098075506
0.11363192717329612
0.11549060274226504
0.11267708832146751
0.11700058413844454
0.11266459237096067
0.11812323985416016
0.1136000725446862
0.11797878050770043
0.11543766412565715
0.11760570234293755
0.11630830456013364
0.11684324053631438
0.1135372070606069
0.11203896801944026
0.11104853821200229
0.11105799965227516
0.11133698440655114
0.10991257212503834
0.11181677917109821
0.10810020715858028
0.11090010312178812
0.10646938476587357
0.10886316541236035
0.10558226653064633
0.10549821894041694
0.10418670974355711
0.1053196484892246
0.10422319226816522
0.10305464185231061
0.10301546332693878
0.10400448084465473
0.10498885866008083
0.1039039978454821
0.10612451843846261
0.10564346304090409
0.10717053914694345
0.10692873135156743
0.1081244466723721
0.10809934275874274
0.10950755374833791
0.1089519862550683
0.110595286813066
0.10907748230293941
0.10800723296579613
0.104103919295926
0.10393506470170717
0.10221024565092679
0.1026784156693868
0.10058548545501911
0.10071879725648357
0.09959033906078714
0.09852582672720199
0.09824986544435906
0.09725838206681853
0.09762561687388958
0.09797525821113355
0.09794011341544744
0.10113847425986326
0.10178039655142045
0.10957921434160789
0.1090682866919269
0.11881767844912196
0.11794063420409989
0.12345395799467372
0.12225945381863579
0.12846108466171233
0.1258099130329897
0.13349476047667155
0.13051255032179568
0.13860940546538467
0.1362141894973307
0.14334236711463963
0.14310473641186722
0.14947625322600247
0.14874718650443763
0.15569008117193914
0.15514209063710588
0.16241132611378595
0.16115699511563814
0.16896260452944115
0.16806507241768529
0.17485367922194694
0.1747308193680244
0.16930913389444735
0.1700103824689376
0.1648885172164288
0.16530113841008315
0.16110691484364956
0.1615488492171774
0.16198897720038066
0.1687334657496072
0.17566432311800892
0.18093444397299527
0.18547672727864292
0.19142270398038788
0.19123667313635925
0.19588924164401986
0.19393791243158043
0.1946864205369423
0.192615181763543
0.19273720836080435
0.18877834427305493
0.188975608237317
0.18449189012188685
0.18498690839209822
0.18015861431743715
0.18149971464319894
0.17767040413196208
0.17666371097520084
0.17106609439212594
0.17248036074641657
0.1660766650641982
0.1654492141248077
0.15856461758316817
0.15838518669093546
0.15054893084627138
0.15039756193763507
0.14242155726067943
0.14288560772572242
0.1352906087573799
0.1349010411050456
0.1292068752745731
0.13330426079695604
0.13228855470814802
0.13531713174502888
0.12903524784489598
0.12941480541412348
0.12448139539359356
0.12758822106259693
0.11695207153864551
0.1167825620929923
0.11726557601114422
0.11657309417134475
0.11715685352335403
0.11683913755989987
0.11803947189083491
0.11744783935568705
0.11652536375448752
0.1175094419830977
0.11145626563645016
0.1064124503213823
0.10044508134340052
0.09502542090857852
0.09321992139148588
0.08868723638959454
0.08866268469952765
0.08792596880855118
0.08788757406996102
0.08783553120852668
0.08962417117077681
0.08944664139486641
0.09158456053818302
0.09089269383031934
0.09258481474993485
0.08987252661098605
0.08825075141184403
0.08794043080408982
0.0876972197313405
0.08627511303598774
0.09018711531840291
0.09037038369154692
0.0952057431715954
0.09514869652999504
0.10057927562263991
0.10065041582610605
0.1066730314816277
0.10675104820162917
0.11401042982543284
0.11497551643861699
0.12272803068909012
0.1189975620831572
0.12471682882355224
0.12201398133541475
0.1316282852148232
0.1327218133778149
0.1368972288926271
0.1343957521873735
0.14178551314815815
0.1426813085439014
0.15259838640015758
0.15404590572336738
0.16582541844741797
0.1657583500840509
0.1774766975219738
0.17714676076177824
0.18749500936111288
0.17988998525318758
0.18908159759551282
0.18930189643659967
0.19867010135091792
0.19906228960724817
0.2103191938451955
0.2142943959580552
0.23099853880507415
0.23407662827695996
0.25439598482199083
0.25563811560365773
0.276059172830121
0.2762239638925171
0.2952385434810239
0.29514939725804695
0.31305124174074034
0.3130263079799319
0.3308073082565829
0.33119015412976943
0.34959279941132465
0.3501942199028383
0.369753286774197
0.3700012921859126
0.3876123508835488
0.39401744049404613
0.4023696634993295
0.4052849518439751
0.4055688584773594
0.407444615851172
0.40800502844618153
0.4088071953980527
0.4095082139092745
0.4084059239929219
0.4065235227810931
0.40568153579681926
0.40262198933400223
0.4003631930693003
0.3984652381540786
0.3979318241107798
0.3958049546010827
0.3953943465837646
0.3892716372374924
0.38835911676359397
0.37921723883572217
0.3790301872364427
0.3685881100840837
0.3693751424330409
0.3578795212789933
0.35792812128942875
0.3473070598983872
0.3475012719593003
0.33869625570247625
0.33861825559218683
0.32771795275227056
0.32350588406928943
0.30687873050481673
0.3035229694275117
0.2829326708768464
0.2821208772770782
0.25990004990211724
0.25976529593548714
0.23806549019242065
0.2381568711095282
0.2167829714006511
0.2176694550349544
0.19851401494338408
0.19882873074330978
0.17859126155124572
0.18067184623570742
0.15788908024639234
0.1619578870523283
0.1400208257629853
0.1387190945334227
0.12496640317837064
0.12727928132286695
0.12057539582607811
0.12372287112479614
0.11544166539752936
0.11911520960834106
0.10878197214361607
0.11349428099266907
0.10327154109066607
0.10745499969496547
0.09830081887874981
0.10163200201838239
0.09333471506525426
0.0972311666636065
0.093995118043404
0.10150651646615431
0.09874472799351286
0.10097470608728974
0.10041587281146795
0.10275412515649647
0.09995888201513543
0.10027230195825809
0.09881004653311008
0.09850894831297612
0.09772900951372192
0.09728912364338564
0.09650467441778138
0.09693936939327398
0.09639473686142629
0.09851422876005356
0.09780450903302994
0.10105056443218242
0.10033876584975969
0.10417854809786654
0.10456362683189657
0.11063912994609154
0.11153123141760511
0.11976957825252242
0.12055351689298988
0.128636466297825
0.1267611058935919
0.13493753588674032
0.13335480124429264
0.14027555507205744
0.1399736835768788
0.14741574101736496
0.14771883093785126
0.15601430215118212
0.15649835166922607
0.16570797434357512
0.16609198811710033
0.1758965713085933
0.17597479722297574
0.1860106947854697
0.18605983486009506
0.19591639550924378
0.19613502297828667
0.20542707528681495
0.20576947132525128
0.2139702173478645
0.21500836942695786
0.22031500695400616
0.21791481412887262
0.2178219765759755
0.21644564480206588
0.22310999824913688
0.2214028761700888
0.22968724168229646
0.22944766190061117
0.238352553731469
0.23914523873684498
0.2466185594006087
0.24763731489797877
0.25216489585385987
0.2528325612340017
0.2546856795499792
0.2551203910883841
0.2548816698360786
0.25484574364869456
0.25274981681576253
0.25227531757578847
0.24831350909041316
0.24741567139322243
0.24134890857923974
0.24004802421404872
0.23374395721185168
0.23282825813177385
0.2261902413352286
0.22571646304763426
0.2192781793648273
0.21981156905699648
0.21044810319859467
0.20985893824982582
0.19809097006738327
0.19725649106876678
0.18492435841727936
0.1860508245577626
0.17195347306735198
0.17324404404458296
0.1597270512173425
0.160488072401877
0.14794451405495895
0.14815756176215691
0.13639784224621218
0.13619272882854674
0.12548736103359068
0.12509073749150734
0.1159041461174221
0.11538590608940429
0.10816379934983283
0.1078231944825499
0.10250454838950633
0.1024350434289978
0.09666498052006572
0.09572060876151885
0.08958831427386234
0.09030172786543829
0.08602373337968951
0.08591591872458672
0.08508085987403514
0.08434028390906577
0.08697018442099835
0.08624727357116212
0.09134934249848065
0.09060858393815847
0.09696834778844508
0.09664957723311046
0.10329337010155569
0.10320141675600052
0.11023022020552133
0.11166876078571834
0.12135348291280813
0.12289373803591774
0.13298918936876863
0.13388000609043613
0.14498316153912297
0.14486904218438654
0.1552827302584561
0.15470764506402826
0.16547687521993976
0.1659894438365846
0.17515031141927015
0.1760358082248951
0.1819433550155347
0.18115192143195924
0.1857079574634306
0.1849081621617695
0.1865987150607101
0.18644641704236642
0.1858130212561695
0.18593472066213065
0.1841402444616073
0.18415831255702017
0.18185409176530778
0.1815996013886778
0.17912142416430465
0.17864723540170402
0.1760696764469002
0.17541558601475518
0.1725079631790738
0.17171494130206857
0.16803082145401746
0.16713730167476737
0.16240821807092812
0.16165258854865855
0.1558756698889058
0.15531308963206025
0.1484955917715415
0.14814715631742623
0.1403824097380512
0.14018016842299494
0.13231831799693386
0.13347656563578858
0.12630892923297857
0.12674235635875752
0.11961462058673482
0.1203323961614035
0.11302115354512647
0.11302355773012207
0.10312567968135272
0.10336618314661844
0.09135181402656506
0.09249617476156351
0.07947548616134707
0.08211238294264038
0.06978199813105518
0.0725689491118238
0.061871717762518895
0.06541370165773265
0.05688758513669112
0.061668786176512995
0.05533304252566245
0.06159146888513135
0.05700742453698854
0.06450703342588195
0.06166307445003186
0.07058565505326868
0.06882280361336383
0.07888755973490814
0.07781142594982633
0.08864426126415337
0.08793650230595262
0.09911781191850579
0.09862140323463309
0.10972066139896448
0.10963946463737491
0.12024227437533759
0.12047016381929769
0.1301936455581725
0.1306919369464171
0.1392440955351095
0.13987319611380658
0.14687640736777866
0.14742375391894194
0.1528155644819126
0.1532697132332617
0.15714869099059875
0.1576152989519699
0.160276260278414
0.16028467799092075
0.16083795289024833
0.16012863344053307
0.16058065945437164
0.160412641435817
0.16046258487376483
0.16081650984463958
0.16039162104201743
0.16134781262761702
0.16071741429762215
0.1613427614576284
0.16011650826963972
0.16032085905071616
0.15836992751281934
0.15780153511549994
0.15530983742765261
0.15455915120637811
0.15110246778451744
0.15021158415985827
0.14547585271943989
0.14455254749119173
0.13838920830450505
0.13772727759120507
0.13042490552929256
0.12968916835582417
0.12106923260545455
0.12053129082377806
0.11085334441737073
0.11054316854153845
0.10014469957481875
0.10007703296297231
0.0893344240619599
0.08943197985120478
0.07874285819304218
0.07864127763673039
0.06844406195501727
0.06817129139141002
0.05897207846614446
0.058565735577499105
0.050830879025817816
0.0503384553338791
0.04439570863590795
0.04387274901716365
0.03991123549681685
0.03941574601066088
0.037491150335372515
0.03707548744380595
0.03710694881386063
0.03680612338848527
0.03855284858756671
0.0383483783592907
0.04142027139226644
0.041133063212674084
0.04486677102482894
0.04427324319847294
0.04824875957869896
0.04878700593999416
0.05213917193011758
0.05110878531234326
0.054814691887438295
0.054106308378153
0.05777583303170077
0.05794624047953036
0.06068389195999153
