 1.440000000000000298e+08
 1.452136940564887180e+00
 1.829096812753522538e+00
 1.264979834083351351e+00
 9.187175583466069551e-01
 4.837233112520986089e-01
 9.432816942135415772e-01
 3.631769436808904850e-01
 1.020041101972088970e+00
 4.147756364670621143e-01
 4.121399466535439204e-01
 7.266732632954453486e-01
 6.488014008778670849e-01
 3.634358496198493160e-01
 5.968636649476852796e-01
 6.373995936243932459e-01
 5.223058103599774737e-01
 6.322671560263930512e-01
 4.308235824230156052e-01
 7.123458174421226641e-01
 3.015672788309828323e-01
 5.099248116422034904e-01
 4.768266179409216265e-01
 3.972225271092657550e-01
 6.226006145232260147e-01
 5.000498708056316799e-01
 5.439205775345847815e-01
 4.268880230457207103e-01
 3.721565049117093182e-01
 4.418700783241577557e-01
 4.433745529838645782e-01

