 1.640000000000000000e+08
 2.623197666693993124e+00
 3.647244593363958121e+00
 1.707793873955504971e+00
 2.089609680956541649e+00
 2.332093575828257936e+00
 1.748280378589956552e+00
 1.831297539457374279e+00
 2.697153379287921204e+00
 1.901082195168949385e+00
 1.833162740723720763e+00
 2.240935159138136346e+00
 1.678024230181234921e+00
 1.787037931592142526e+00
 1.739320405361215016e+00
 1.720809002433030477e+00
 1.711569782127168482e+00
 1.537726162312056832e+00
 1.755591037906418572e+00
 1.311927715628536273e+00
 1.656767216560009137e+00
 1.289671775881118698e+00
 1.526010824618014849e+00
 1.543873618460835262e+00
 1.410745110819952686e+00
 1.455658978565624873e+00
 1.372092451312254768e+00
 1.207783435422768781e+00
 1.008733286265190543e+00
 1.115939161087541320e+00
 1.233779271689288581e+00
 8.019434738519962691e-01
 9.117983034835304146e-01
 7.532594566229865451e-01
 6.762164799271124238e-01
 6.636557111680884136e-01
 6.563676394181198193e-01
 6.587980997907258995e-01
 6.747152436974110934e-01
 6.642831649135272354e-01
 6.834584908806459191e-01
 6.672355686645959905e-01

