15
0.4623158737062134
0.409087882720099
0.4125395022246479
0.41331907319083816
0.4291306297515273
0.44465812810272454
0.4192072885089878
0.3833513600793909
0.34830885078995255
0.30623596886675397
0.26158960723971153
0.22400145907623362
0.2248157819961712
0.2185656028232198
0.2044671748969487
0.20405952787253875
0.2163033176731542
0.22853971249698737
0.24409835061153123
0.23121255166752055
0.2128880390354386
0.22047283739250684
0.21940865252183425
0.22940573880868065
0.23345578730177804
0.23654423420704354
0.23220168303035363
0.23444203065198815
0.2237721868671348
0.21327792556395078
0.19501331098077682
0.1752519903701427
0.1530804697022852
0.13012255075036216
0.11053027747118276
0.08917503236152338
0.08130194361816753
0.08017966906296342
0.06871448591790803
0.06680058516198938
0.0630023563179212
0.061661842633624696
0.056656742267034085
0.051853405225939585
0.04659380220175876
0.04040665159180228
0.03761438086872492
0.03851946178719239
0.03848727492791403
0.03718658094983455
0.03611316820803481
0.032935349593702604
0.03159052759022278
0.030548647436268547
0.025883965335498645
0.028917278746879646
0.03010504804639961
0.03263244799334857
0.0334087020235121
0.03443461068526786
0.035245350183716516
0.03551206524368065
0.03448062742099665
0.03592187485594196
0.036829404239394264
0.038675103365701166
0.03930329789285043
0.04054831619784358
0.04075843692891641
0.04089340783418394
0.04038314702556109
0.03928404536015252
0.038957326137468815
0.039826341771915456
0.04029976483948665
0.04060358181509701
0.038684835347997965
0.037746311240603056
0.03496297190755719
0.033328738210945924
0.030541070818367055
0.02911408428178235
0.027312467753826078
0.026085980656053585
0.025298891845238654
0.023092953854897593
0.02167730984750344
0.01866438631547287
0.016900170799767685
0.014448378056380889
0.013391159484679267
0.012738938219067967
0.011784386618314404
0.011171810354007761
0.011244343513862961
0.01135563339944071
0.012539996059345427
0.01328537818664484
0.013483494199739156
0.013610633651501728
0.014357574838970022
0.014836918692060072
0.015863814040114742
0.01527488115725852
0.017065691268517136
0.017743247390216637
0.018178063902558446
0.0181760151788685
0.01817470042594401
0.01999744716247451
0.021124410108908323
0.02184643139318439
0.02230978308702858
0.023002666070403324
0.02344731848020899
0.023774089173736367
0.02398379179282136
0.02441709834306894
0.024695169541776866
0.024051015755630022
0.023593116788428348
0.023640892801834956
0.02419581848985739
0.024975420140522873
0.02303453057874832
0.023091135040873127
0.02165373805879991
0.021441847814259053
0.02063082245642913
0.021299779583231093
0.022337108305535862
0.023669346381517856
0.022751680131795696
0.022357838466227863
0.02154777779088388
0.021027927484231396
0.02248026687401108
0.024192491036226487
0.02692796821095138
0.02868343998165096
0.03192500886344995
0.034005261156301515
0.03410666766677895
0.03395049578820744
0.03370284853241629
0.031983769554040316
0.0330237438738983
0.03369113952159344
0.034719774437432745
0.03574062619793315
0.037246822225121184
0.03608583352581018
0.03507277081484048
0.032214567507947225
0.030380337170902487
0.02629835120929341
0.023678767617003424
0.02402489310691807
0.024742340633476488
0.02587749572048797
0.02660597290501353
0.02555706062875566
0.024883929115199974
0.025059565995563613
0.024022712854347917
0.024792836620163863
0.025287057717429926
0.026109588732115573
0.02678536719496933
0.02931993671024333
0.030412224925619107
0.03213915462074399
0.03212941890641828
0.03184909571111457
0.032080493232534896
0.0322289908403471
0.03292800589428195
0.03337659351395513
0.035725113710825825
0.037232258770058334
0.03714783857941771
0.037191816406792706
0.03619756240724625
0.03555950742903709
0.03549190845293632
0.03544852732171662
0.03753050359875355
0.038926195607002154
0.04028522759042142
0.03902934332465798
0.03932445847008915
0.037616815075674555
0.036170725250100434
0.03191792562113726
0.030394650913413333
0.02818213146627562
0.028610590737736183
0.028890469951812305
0.030984521743136168
0.029964416772226145
0.029610726011289536
0.026247969852121574
0.023395902844232142
0.0211022532288189
0.021733712562923335
0.022416297376314898
0.023139513075734076
0.02395385387966308
0.024349096736582768
0.02353207618014743
0.023007759422485084
0.02123829899711701
0.02010276116306271
0.018085723839150965
0.016814966624208148
0.016114910649808106
0.01566565502730438
0.017959959317980178
0.019432311729799555
0.01981150375243219
0.01867642743052838
0.017920775040601744
0.017435840839274533
0.017432673048970507
0.017295377548976455
0.01938537249590897
0.02021311432313919
0.023444960267325933
0.027708583947370746
0.030944999168185834
0.032605547406346566
0.03391187391513546
0.03293304303739457
0.03230488573085503
0.03558967918306359
0.03769767051679781
0.042066013554661774
0.04532067413612585
0.05018329947943733
0.053303852485890535
0.053065146673528456
0.05291195902533286
0.05068845396614777
0.04983105935216181
0.05010908021667867
0.05028749800200961
0.05250349431401214
0.055813171153644814
0.057937131212900256
0.055274540992721645
0.053565843873378295
0.04978838555984001
0.04691292077751415
0.04375073605115314
0.0423741249446691
0.04301329572772219
0.04342347873954257
0.04553517489435085
0.043505079071604946
0.04130209356105253
0.03988834428514091
0.036944808926675114
0.03265101656347639
0.031819230281209664
0.03008544197248401
0.03011204845013382
0.029536535961125227
0.0314457948125111
0.0308943952656685
0.030360729973937163
0.028558847560602188
0.02961823042669432
0.027874166203523894
0.027782452866286538
0.02764835928750723
0.027562305748349763
0.02919382249866476
0.030240836023416557
0.030550540693853292
0.030699809583418263
0.03020649779184286
0.029889918683721383
0.02740004769989534
0.025802191843091078
0.02633950650527501
0.028119892755033175
0.027046714888679855
0.02677769325121103
0.025577523975426827
0.025194177742528096
0.025147342794915522
0.02392267965581196
0.0231367613563765
0.020665756982963638
0.019129490368961055
0.01843798964670381
0.0179942242925045
0.017722453523408586
0.017548046689511477
0.017130984639213802
0.015427769592882919
0.014206525274234296
0.013003118842098208
0.012778026549215282
0.013336112760170698
0.013442799778451593
0.012713223739925941
0.013191065799237327
0.013902850446262088
0.01621576448596438
0.016962080038189477
0.016842403502324705
0.01676070880610379
0.018232368509429452
0.017446318006651116
0.017454725516090484
0.017588339926776032
0.019969658723227222
0.020950667359706375
0.020604560734581827
0.02043473541531231
0.020274393872296733
0.0196606363932994
0.01903400504830257
0.01677573749560887
0.016566109403472317
0.017770245023081492
0.018542989942267152
0.018803422716362244
0.018970553477794274
0.020107377886289413
0.020924359150938005
0.01926934941405972
0.018207259443006992
0.01846582927150844
0.018631764501707167
0.020155894453231495
0.02069881086068773
0.022861089791279647
0.024248715927626733
0.025337116110453705
0.02717817720406653
0.028359664224990578
0.026874256057004265
0.025921006608987256
0.026092871532639766
0.026115731740779597
0.025826346860831278
0.025640636304624535
0.024630363788911307
0.023982029049202016
0.026253958100666476
0.027711951372084355
0.029588007294168512
0.031422057575719135
0.03094452360236048
0.028755437306038755
0.027952519891689474
0.028392256011378958
0.03222985586594635
0.034099665765684614
0.03620322168124612
0.03774094653222412
0.0418541314382775
0.043875377166892236
0.04694067773577815
0.04558779702270578
0.04555534749754865
0.04301301417695636
0.04176982198317971
0.044963651114355234
0.04701326678361282
0.04855464362141981
0.04954381053963614
0.04891934371112412
0.04931147445502553
0.04936086411354814
0.049392559553052426
0.04719905059832656
0.046611541078489395
0.04446632986893103
0.04431397269759059
0.04338044720431976
0.04506468209508197
0.04512709052253961
0.044482745667440565
0.04439835123551355
0.04428291315051866
0.044208831633287385
0.04399508633005941
0.04133195553536669
0.04104118739181426
0.040854589136672816
0.042199599489742626
0.04378584786554908
0.04687045231785761
0.04689139433557766
0.04736728988894634
0.04538937444829186
0.046578038451855604
0.04414407823512011
0.04481408957697034
0.04728632431238435
0.048872862240305924
0.05085759538683331
0.05213128286020255
0.05349954663962488
0.05457736949410002
0.0535878475418806
0.05140957290834317
0.04879192669415258
0.04711207205043228
0.04773654706510659
0.048731301326069405
0.049101114357244256
0.04933843907069303
0.047464484018779875
0.043452942475152474
0.04100838736116197
0.03634308691298212
0.03500472765457632
0.031475323073476044
0.029199631211878685
0.02861153323173228
0.02823412580458239
0.02817707747946869
0.028140467148649373
0.02735207732213193
0.026252131971408278
0.023716312209174684
0.022088969071640246
0.02063713958344073
0.019705438999006685
0.020036768204258943
0.020249396213735203
0.019811963129565947
0.020436733632760273
0.02092944763969277
0.019677268957867686
0.020549896247662052
0.020077861563386316
0.020384470617890657
0.019816345614779275
0.019064551482449163
0.018222618168391942
0.0194384319094443
0.020091326024307146
0.022255980772215744
0.02513220131928328
0.02697799408382457
0.02920985750841615
0.029707907524971416
0.02968841769529103
0.02967591024462319
0.029176445919015158
0.0288559184687481
0.03012208810629644
0.031049345724389336
0.03203161049393149
0.03298073353315164
0.031833707986849064
0.03207894495994331
0.03223815320887991
0.030919752676334785
0.03007367911420268
0.028132830760832415
0.026838695503947456
0.026066504647282027
0.026475864268029885
0.025553801989318285
0.027116168166929893
0.02918206218443882
0.030033234978515108
0.030579468676166573
0.03153655614393472
0.034919052430775976
0.0361084118840334
0.03492661254971026
0.03304264093662604
0.03516212462313308
0.03563750998592992
0.03797190207634287
0.039469980530192024
0.04161651863776948
0.042994043220100746
0.0412338934643337
0.03695967389006583
0.03663088060316677
0.03641988000009821
0.03575585937681849
0.03256143651906012
0.03117873686851241
0.03048896742516294
0.030243964487095244
0.02675822749764948
0.026879472444630306
0.025005315424962822
0.0236500675849232
0.020690282684685164
0.020039874013774082
0.02167637948100817
0.023156718570861663
0.02141727569973109
0.0216271473575251
0.021613368397638468
0.021604525854431275
0.022617322692542366
0.023267277397038957
0.025259313174280467
0.026537687055619992
0.0270114606620405
0.027475233807078555
0.028544819389559085
0.029231217840892536
0.029008286817590934
0.028322873853043905
0.027452891177498787
0.02671245932561205
0.024911146835720994
0.026693873548856047
0.0278379249226681
0.028195839297884842
0.028425528138949427
0.02806378765561276
0.02783164343862608
0.026445262823379556
0.025395831038402775
0.02407660963558
0.02323000928615785
0.022769419107119902
0.021452360269331814
0.022298453623561608
0.023023554684321924
0.02294795893409041
0.020930005267195195
0.020166094522529338
0.01836636400706269
0.02020344485200425
0.02074166153281238
0.02108705801368995
0.022441749363326394
0.023311112282624228
0.024436081235882017
0.02543569518107772
0.026034046280326677
0.02641803356905697
0.02802303935779854
0.029053039673643092
0.03151011158513678
0.03345233111907448
0.03471370704350098
0.03552318549502654
0.034635757361308646
0.0326219552261933
0.03132961294945845
0.03062503545911175
0.030172878187980503
0.031195808489874726
0.03256997915052671
0.035734771487563315
0.03776575301397685
0.036552122045611875
0.03577328355823644
0.033760352805674035
0.030885659701919067
0.03104068257140114
0.03114016732444978
0.03223529355357769
0.03375965832691488
0.036484623563769976
0.03635501484248851
0.03613661371838782
0.03447237093102188
0.03211792038423782
0.0276988863961566
0.02672571099339366
0.027743179805822644
0.028396132714471355
0.030780444705115782
0.032310558877073355
0.032018656151831255
0.03161971295890463
0.030240316867881527
0.029355099867801646
0.027980884375568504
0.027098991985547407
0.030512734242260347
0.03326774439005819
0.03711634981940466
0.03958616322168811
0.04063933099839433
0.039140303929177715
0.03913476240042451
0.037791153966579914
0.038399741546979387
0.03751823753774759
0.037798690864571396
0.0371160287996715
0.03738262203097266
0.03661312472001429
0.036241213065507115
0.03215807726217106
0.031085989710867068
0.028608435937048968
0.028378847818546403
0.026365373323938082
0.02636805346614589
0.025904424645674648
0.025239626065890173
0.025178897302421028
0.025139925078150768
0.02655240266615318
0.026828445528314458
0.027142541718779382
0.02734411057146015
0.030005861302740064
0.031714019686432164
0.03213607621635511
0.032406927799679776
0.03306966046682059
0.03403021226656603
0.033360813625121666
0.03244013314939299
0.03316616207318338
0.03179534682405553
0.03423446858058358
0.03372773376333297
0.03856470205357835
0.04082715562321029
0.047621040309349306
0.04932666151445584
0.05639547304925515
0.05916371010030203
0.06142619809656222
0.061028853666511916
0.06132450002032779
0.0642398527284417
0.06611075826112936
0.0731524036907044
0.07767132634343477
0.08261560729126789
0.08643511658965884
0.08510970868813182
0.08425913819999603
0.07970803477837861
0.07678739860711294
0.06830929533680011
0.06532075327415986
0.06525174586154132
0.06520746087683486
0.06663550285277435
0.06503303308893991
0.06400466024788944
0.05658540155135266
0.05182414844288996
0.04724942514251072
0.043667076667014464
0.044088845990059314
0.0452481601388299
0.04682103635692814
0.04783041776401304
0.05092983246156476
0.05046664184658489
0.04695011908048168
0.044693417213660463
0.043608648435537876
0.0458195151570426
0.04865601090308096
0.05007774417153641
0.05100642735100782
0.0477584993023901
0.04710223175202451
0.043354176991275785
0.03979564890326875
0.03606466161523013
0.033670328764827326
0.03167108376930319
0.030388083426705806
0.03235600503300749
0.035476454971754195
0.035528702730286604
0.032439517783919666
0.030259523481757058
0.028860528639798225
0.02841539431514422
0.028129732731753673
0.028958517811407396
0.030967186036738866
0.03276279728496648
0.03319683491270967
0.03475641335299351
0.03425411005451367
0.03393176071489952
0.03222614669177925
0.029274030658982167
0.02707031929040064
0.025656104200592486
0.025935250276058478
0.02611439015699115
0.0266193919092097
0.026943472961074875
0.025110206063490105
0.02167749248073354
0.02091275184327851
0.021379180054400516
0.02039746875013397
0.02104263638832399
0.021456667836537224
0.022840795953503686
0.023729049695417066
0.02453663436240672
0.02505489570943782
0.0238569104645092
0.023088112501720173
0.023246432685544015
0.023382825557821323
0.02331654052438792
0.02327400260592937
0.021807054482427764
0.022827054433754202
0.02421144153655005
0.023968452271961618
0.025760253797162624
0.026947742431678308
0.027709804274189485
0.028966246977025028
0.029772559570931927
0.03005146161375028
0.03023044488858545
0.032206449538262856
0.033439743472126235
0.03667874649288092
0.03875735216382985
0.04194169133420852
0.04106661936092367
0.04050199847146579
0.03987821053591312
0.037132960965720385
0.03380706314413859
0.03549127755497788
0.03777197231700759
0.03923559091683175
0.040537534735079414
0.04137304732537757
0.03968208516320057
0.03815228509408862
0.034920635532004855
0.03284674888749347
0.030609401759307004
0.029173601175379593
0.02771475579150241
0.027965767882210234
0.028524053329253715
0.030798078650613497
0.028697936144793736
0.025410859355187547
0.023301402706971865
0.020864952289726797
0.019301378677158386
0.0178866075721429
0.017423326825865313
0.017577117380484432
0.018724301958504688
0.018717506187175083
0.018713145052364714
0.01923772838015299
0.019880338182190614
0.02029272815841681
0.018089880065639993
0.016417115856651576
0.01639250326984614
0.016376708328570664
0.016908123957540225
0.017249155914882772
0.019190063812789728
0.02043562676458076
0.0217364854436782
0.021392956346552364
0.0209750235900664
0.020706818407130383
0.01957410183956377
0.01761545881470922
0.019053071204918903
0.02052739445111512
0.023368595408258027
0.02376649431254268
0.02493268191145941
0.024870543723263392
0.024830667011345002
0.023482917308562883
0.022618009138585096
0.021974042751332235
0.022310467042670333
0.022769948001751725
0.023064816429206138
0.02551418860789752
0.027086054663060712
0.02631551881034424
0.02582103325942765
0.024435671854497635
0.023546626659366982
0.022821644612613833
0.022707671212977006
0.023986117444477564
0.02367333148133233
0.024812933564073273
0.024237808772308467
0.02539896309292154
0.025144371848427886
0.02472651761010836
0.022442107533753395
0.022037005680848668
0.021632592031054734
0.02137306263250493
0.0215404718300108
0.021647905415306954
0.023730301983188606
0.025770843893334047
0.027397726306479745
0.02844176578043955
0.02916702368194984
0.029632452450407368
0.03208784223057116
0.036249142702030036
0.03949604976513226
0.041579727795432155
0.042839657127033165
0.04275768781703766
0.04270508463281979
0.04162717039378058
0.04093542709014359
0.03959675038485985
0.03803348506694614
0.03758504986752029
0.03981130792816591
0.040093025963479925
0.040273816380180974
0.03730617788953486
0.03332832465064219
0.030187243875707856
0.028171479064788663
0.02639309390547705
0.025371502984510446
0.02685108774744326
0.02768376026043208
0.02951926449983393
0.028822094283631163
0.029899380004292906
0.028366973589622067
0.024947276866727312
0.02250409502474153
0.022852624265980257
0.021853178755062923
0.023083715249530363
0.02450385453661348
0.0257017373062891
0.025971607106774697
0.027821042672690317
0.028959176947021176
0.02968956600247002
0.029625462048822084
0.02958432382180111
0.029801340156516046
0.03024968211261437
0.030484355721475707
0.03063495573359822
0.03097100470316761
0.031186661585668175
0.03295803267305668
0.034342013971237824
0.036438374796266035
0.037783698487335454
0.039022961963595545
0.037731793916150426
0.038258419313759714
0.03763006335282123
0.03833198810647069
0.03701433709371609
0.03777660373152615
0.038241077574482286
0.040996272971739224
0.042171043174034764
0.04350247658449449
0.04085201589612237
0.039540549389558304
0.03720420525122229
0.03672016643693044
0.03528911750366662
0.03437075268306123
0.03515909772163901
0.036036534902310735
0.03574547302206965
0.03555868626362201
0.03556735955989257
0.03557292558212029
0.03403466773287071
0.03148503274397183
0.02962168192405457
0.028425890639994796
0.027928203780669215
0.02760881700593631
0.029876619849124937
0.030400225000571247
0.03164559531933559
0.03145834014862665
0.031164644308479737
0.030775896469572097
0.03072850022819992
0.028652609197151443
0.02944585770229835
0.029039625903492048
0.030765047843808173
0.03282802195302768
0.03669853098152745
0.03791195383101863
0.04333717720085139
0.04333071399242214
0.049303404345273034
0.05471243275858732
0.057698712050336935
0.05961513418119072
0.06117778760943992
0.06378606110587184
0.06545990087889242
0.07276020313332708
0.07942434696377917
0.08929731800451197
0.09432713313658483
0.1005280965856243
0.10450751794088044
0.10495297692845207
0.10523884686182572
0.10093902561041089
0.09719058757175573
0.09592593689763684
0.09511435690028837
0.09870018204814673
0.10297308104411271
0.10571518163108701
0.10204968687246455
0.09771815323880198
0.08840231084159199
0.08232193001951661
0.07496060431061795
0.07023652925845138
0.06982753799003699
0.06956507093938563
0.07347688799122039
0.07449087700592141
0.07538374336736454
0.07595673359627063
0.07016339771395433
0.06266631318492177
0.059456042017771
0.05446952773927964
0.05346762057452722
0.055231393451054024
0.0564652908235977
0.056914213299444454
0.05725733930622056
0.05367752665828643
0.05138020898885514
0.04375936914074101
0.03886875285412013
0.03522529195992689
0.038149497311816875
0.04224966995192128
0.044880924707467566
0.04629947240382153
0.0472098146502617
0.04551435622323611
0.04097325756724004
0.03933687056923573
0.0382543426305259
0.0384425126617101
0.03720241848669866
0.03900500951832285
0.04073454704593878
0.04295404450484314
0.043479558037965674
0.03855443356839576
0.035968683712924734
0.033912811168844655
0.0324190042848568
0.0314603650244323
0.031880952348039844
0.032150861079325105
0.032092260631310904
0.030369523700712893
0.0288435752268973
0.028625709448314017
0.026302159590317578
0.02481103905704504
0.023796849683388657
0.023088944128276688
0.022634651096778098
0.02273087864580683
0.023189119094156344
0.021596629069639783
0.020574660650753033
0.020604068934719156
0.02090926005098603
0.021086889550551807
0.02120088193733261
0.021928164375695672
0.022912238443076334
0.023129084589048
0.02402188580925994
0.02354252845045275
0.02284254781501478
0.022366401122731704
0.02133519202503337
0.020673421392320222
0.023636295206946878
0.025537697050020503
0.026422612596527638
0.027222749214222193
0.028054147425935393
0.028587690935036606
0.027803980966159363
0.026022294854362114
0.024489548004214542
0.023797522649377505
0.02335342061619022
0.023012623572861757
0.02404524154805068
0.024615105096031143
0.02498081071436492
0.024567181857240238
0.023597036912939538
0.021670225883270704
0.020165804683837597
0.017854645404603537
0.0172124856008544
0.016991482391851487
0.017325006515950037
0.0179284063723482
0.01882572146096856
0.019401566626871283
0.02041211067769705
0.01983623719291163
0.02061900633355164
0.021121342504387138
0.02087164028498104
0.02141609753200287
0.023252239067159935
0.02417990646809104
0.02756452863086545
0.028895575114557086
0.03084515384168538
0.031620929971906124
0.03163264119459333
0.0305207037043749
0.029807126236833677
0.029396079878356168
0.029132293989216455
0.028247220426515375
0.028176069852170603
0.027848235633907967
0.02763785050587665
0.027013185972593924
0.0266123122367552
0.02311624892880272
0.020993497338075984
0.019839272238665637
0.01909855701801626
0.020046948315854192
0.02021969135134386
0.021936234271066814
0.021981089934831534
0.021717538393647148
0.02041490559432176
0.01999006413710392
0.01827607530154949
0.017176135940365742
0.015988941327244575
0.015227068170735226
0.01624781835141092
0.017115518308858126
0.018330744613929924
0.019110606896560935
0.019208939452085055
0.019272043625266935
0.019101644312181757
0.018625553943613173
0.01929276624277011
0.019720944685291068
0.020657973124237648
0.021545800819135787
0.022875395625020625
0.023212881133132947
0.02428467989503571
0.02536852247658553
0.0261129688152588
0.02439226915236682
0.023357395402575656
0.022721586445066052
0.022313560859333503
0.02126719345662479
0.02059569509641108
0.020208466674475265
0.01982391123210272
0.01929065962861732
0.018948449448527145
0.017955289529023182
0.017317936668401878
0.01716359733360252
0.016990399713776735
0.016870507802712324
0.016793568076307778
0.016901893207112013
0.017814369182783372
0.018399943733187756
0.01887560684067168
0.019180860039370584
0.020148508995509937
0.02080271108169751
0.020280667211437207
0.019945649509305222
0.019853742196353354
0.01979476137395802
0.018784856938932015
0.017174225225428785
0.016045530382116747
0.015321199010072627
0.015642113139682185
0.014871286654781043
0.014376614592864878
0.013627159354548014
0.01314620212835398
0.01222337985977456
0.011733999494736604
0.013319387213252
0.014336797781027514
0.015769709095697013
0.018892123079130005
0.020758065525876623
0.022551311283480136
0.023423580561470557
0.024751675589175973
0.024885799938924487
0.026321818887445718
0.02724337317772134
0.027957728284392906
0.028416160266791883
0.028968282541018454
0.029322602831215874
0.029386917379349897
0.029428190753785367
0.028414653455614503
0.025561369572819938
0.024294560636640854
0.022466295622332745
0.022868525786664762
0.02235833112875122
0.02290484181898554
0.021468760233286775
0.02079159842647874
0.019955938086771808
0.019697231532000304
0.019242623173213954
0.01895088170011927
0.017661639139215448
0.016834277484668765
0.018466507219768745
0.020053349465758923
0.020519273096973767
0.020818276060499262
0.019754047479784133
0.01907108684378186
0.01908379347016662
0.0190988367050045
0.020829482959992825
0.02336182958259881
0.02470937171636255
0.024272474209748904
0.02399209854197261
0.023710261431112854
0.023757406263198732
0.02167541144499214
0.01979993586141671
0.02025689279044955
0.02055014144073084
0.020958168041204803
0.021220016023504165
0.021096961432001272
0.021017992079365826
0.02030303540172369
0.01842249987712441
0.0178150817616563
0.01787592026997478
0.01830575214271533
0.01770728430868202
0.017995118383435704
0.018279552217223636
0.018401760908158208
0.016807814192985944
0.018803028072999228
0.019544211049876924
0.023170227708017303
0.031458701737215204
0.036777767205924884
0.04578710653330518
0.05156878185056459
0.059601670896305976
0.06511867434625143
0.06861699084994179
0.07086200898568977
0.0739435637637613
0.07592112821678507
0.08646928375662168
0.09511191359426872
0.10545640274567529
0.11209490035600758
0.11983138574806064
0.11750623868297455
0.12029496350698607
0.11518759086813342
0.1129700798769102
0.10654761297478296
0.1009551858702793
0.09701767758663409
0.0982397666673991
0.09648329375951756
0.09964367903623803
0.09245308841264517
0.08882050958217554
0.07928669065745192
0.07253168645571875
0.06084480581849516
0.05334483863332559
0.044250921110333574
0.04174620226193536
0.04545356581995237
0.047910190331398685
0.054716185241525196
0.060009307643587854
0.05985166641417705
0.05975050134846397
0.05472732216772034
0.05150373495142588
0.04956053438319954
0.04769987509208138
0.053353111134070944
0.05770629250080082
0.06275162779464401
0.06598943352882282
0.06701733675915501
0.06130213121739848
0.05938659335046175
0.0540367365738323
0.051927714751460304
0.0503797732090141
0.05315490832062481
0.05560649906796418
0.060528727302813314
0.0607066587495938
0.06017644157179704
0.053625626726612564
0.050508592443167084
0.046256545183011435
0.044745790902926616
0.04429819012275687
0.044010945710197265
0.04413297090968175
0.044597079489766246
0.04264572714871561
0.04139346155459838
0.036998999493748526
0.034178886730060205
0.02990592987961178
0.027163792164963556
0.026980787615513282
0.026863345831157855
0.026658707063585637
0.027662598788310712
0.02713588181669622
0.023994651049113178
0.022870793504977813
0.020659451405891854
0.01885453952056365
0.01885283877550626
0.0188517473352418
0.020257766099319282
0.021160067998313006
0.022286221225816655
0.023008921535157503
0.02459750245044645
0.025616962228075846
0.025508495241641182
0.02430367026933204
0.023208166511763835
0.022505135267753985
0.021859801489966704
0.02087726429487683
0.022188522201684168
0.0218729797972556
0.022762033974292044
0.022499780703465685
0.022331481652037313
0.021853016434421134
0.021545965002754647
0.019768322536359
0.018627533939404285
0.0193752486575731
0.019855088918140647
0.0201427448230787
0.02041798791121217
0.019801602869542002
0.019406042434773077
0.019417226107470344
0.019424403144769276
0.020589297353066294
0.020585252480724705
0.021913030429734113
0.022947607049052913
0.02361153876328155
0.024010961362943752
0.024267287792851557
0.024461943617917238
0.024900664427367457
0.026419657439473537
0.027303817618433434
0.03016576131429046
0.03200239201763783
0.03118120466628765
0.030654213899532854
0.02898887038713672
0.027920148793867405
0.025974868732271346
0.023481599969010832
0.02253788854817524
0.021482382276289277
0.02313836745585782
0.022496183382147785
0.02268710902759811
0.023876284558640205
0.02463942895422604
0.022594348222304748
0.021281933142822562
0.02118782364989972
0.021239519354389336
0.021169657090324197
0.021124823511182212
0.022386753274250857
0.023196587147527405
0.024122331907055247
0.026406042167918045
0.026790581471448426
0.02703735665872058
0.026337446678530017
0.023879773475261133
0.022528730335410963
0.023816822771619384
0.02502876543154331
0.024851403410632893
0.024884387485841913
0.0241568854359352
0.023690016502230304
0.023487579710038956
0.023357667430994274
0.024892662088257748
0.02418811272157045
0.0234987229303684
0.02305631225019655
0.023231392407929933
0.023343748773886244
0.023103144435056296
0.022355181007345754
0.021489862050122325
0.023016003647606965
0.024589374183834493
0.025526091388813787
0.027487935310840775
0.027288121966047758
0.027928274435058305
0.02565835762086113
0.02496162805708562
0.024968075619682176
0.025575176859474316
0.025447217389505485
0.027963129575477766
0.029994643092299236
0.030072262546864136
0.03127864970023921
0.02997138603592304
0.029373981474732847
0.02916940349633491
0.027783736717029273
0.02689449555020655
0.02819084284100648
0.02902276390217477
0.03152650076090098
0.03263949277061122
0.032891078810089215
0.03305253224654371
0.03233296102412472
0.03154079387446991
0.030836203458889624
0.029227462437136736
0.030423392442788192
0.03237673734884427
0.0344789525527313
0.035721700911130645
0.03894377642432492
0.038376126746390266
0.03727014361215727
0.03428689060635393
0.03162625141024314
0.0297785109384995
0.03087807505646312
0.029808865541928534
0.03136819284416912
0.032910058596119326
0.0342689980243746
0.03291275973696714
0.029591626611155285
0.02635919524160425
0.02428480687806796
0.021266789982310064
0.019330000484317274
0.021217762027430025
0.02197288522490678
0.023278668978022294
0.02411664581746157
0.022768988430719273
0.021904139503863166
0.018961216979300977
0.016727662610137816
0.015167492641958248
0.015489646483680088
0.01612148012486819
0.016600601133845577
0.01809016642929741
0.019148790333549194
0.019974780430944528
0.019074873077880403
0.018497364345895936
0.01707162835339958
0.016156673072317013
0.017902826949163158
0.01905508703823963
0.021712314192018946
0.023417569604090572
0.025237452568978958
0.025081967577001325
0.023977099038588485
0.023805706169119697
0.02260106555118384
0.02098753260635668
0.02102554051455783
0.021608867922433512
0.021983213870940394
0.023126217445798184
0.023859731338002618
0.0228973289029158
0.022248035368985578
0.019988005771624247
0.018537648884797187
0.016671189661204875
0.015473403582615628
0.01574232526422867
0.015377255566041843
0.01640528087698132
0.017135603324548127
0.016470065040070765
0.014525021716357354
0.014192124020292794
0.01450216279512152
0.014701127832030949
0.013736877416726303
0.01334352261809804
0.01315909543412226
0.012979857074728764
0.012832332277719027
0.013677102102772298
0.013932142588928302
0.01440068484732848
0.013351619795339349
0.013645282811568443
0.013747849334376146
0.01419060405488191
0.013559419411408296
0.01235770620158791
0.011696795576633159
0.011930803566047973
0.011855530815429248
0.013101349842395492
0.015578188427852012
0.017167680841651514
0.01824814209902272
0.01894151993239357
0.019547507587953993
0.01955621747262938
0.018524319416835744
0.01837496503345246
0.020416596245050975
0.021744714932480685
0.021972441560911143
0.02219260703568943
0.022149084701988953
0.022121154573777432
0.021717727770553696
0.019842371628299896
0.019063756665807778
0.017946789371000124
0.01797434210388514
0.017526134225201686
0.017929887093243092
0.0181889924401022
0.018978194618482738
0.017961796211659407
0.017638462781730112
0.01743096600054463
0.018033533613929297
0.0180294169870204
0.01802677517286302
0.01776058046567341
0.017589752027292162
0.01838675572689047
0.018515664575224394
0.01820273097149823
0.01800190820005499
0.018442081318833112
0.019286411684066383
0.01937904605417888
0.018446944703473453
0.01818715493654573
0.018611594651005155
0.017963945157058365
0.020202322648774362
0.021638784460695757
0.023516417520095537
0.024800101022280207
0.025101050353758723
0.02529418230920248
0.025508181185216517
0.02564551334403721
0.026262691224343434
0.028224417638780162
0.028796767300286276
0.030538075104585047
0.03097031712229188
0.03182590111275291
0.032374965662292116
0.03049885666696035
0.029736815172689134
0.029594817531428664
0.02942496492095121
0.03152613911015674
0.03287455174124801
0.04399070960537464
0.05112441977097199
0.06425668285857568
0.0705567035108151
0.07890468948821085
0.08288793955774348
0.0897167328016031
0.09292970539696273
0.09480727402155843
0.09529596389113791
0.09949300032115752
0.10854776950893473
0.1143585990951565
0.12741999481923708
0.14433709753235063
0.14805823802988785
0.1504462517770224
0.14696015127497256
0.14659499119254343
0.14205565706192438
0.13695233443423957
0.12940474310456743
0.1296261183304203
0.13140805027733415
0.13855862517888137
0.13882209183806712
0.13612754007975683
0.1343983318852623
0.12199198520403212
0.10543115294807374
0.09108705172554125
0.08188183334359268
0.07703852655327334
0.0720583525552467
0.07862605179344634
0.08503106237522304
0.09409543437336744
0.09484744166029133
0.09834081215200935
0.09457562265907987
0.09143643866972614
0.0839772139394844
0.08048502086979621
0.07718938981072584
0.08087323368669044
0.08339932687482471
0.09024580664347844
0.08863043804962749
0.08995102971999315
0.08133533257998199
0.07580627415685753
0.06874430185065945
0.06421233457868693
0.057748633477612936
0.054337069298693245
0.05649698047133927
0.05788308711695674
0.060895487494089115
0.06282867263378071
0.061124409924466876
0.05990822190614163
0.0548708904569947
0.051638221129538045
0.047077243739702596
0.046818416537246686
0.046652316139253865
0.05259125525050577
0.05640252447037392
0.06188842418005137
0.06452541271855247
0.06289903365584638
0.06185531720320853
0.05675854466559526
0.05348772946955981
0.052643459433585435
0.05222414585371813
0.054760857742466376
0.05638877339544996
0.062153977997294836
0.06277405326688855
0.0635623346024433
0.056582411373637294
0.05195229089956672
0.04910430224388138
0.047423706080897486
0.050367580798186026
0.0522567901143629
0.05924835024510744
0.06483149651659124
0.06663061888694302
0.06778519204967087
0.06405322304489021
0.061658260185186484
0.055562497152494485
0.05405114632065463
0.05599489080179427
0.05724227410939219
0.060868027966780376
0.06083847439276275
0.060819508610332924
0.05665481373964929
0.053982152331021285
0.04814176262198008
0.04388338696808243
0.04217165598289843
0.04107316558010084
0.04348176583141406
0.04502746681080961
0.04779127844965502
0.04727541897068669
0.04454163870981114
0.042787255920735075
0.03940450095632586
0.03551563063026137
0.03460946926559928
0.03385037817759165
0.035188958081202835
0.03540342726699392
0.03751757189305654
0.03559250926230999
0.03564553257365987
0.032691497878562244
0.031083205809781026
0.028246732585864142
0.027939094742571727
0.02684040666808884
0.028314342566397144
0.030785828459148776
0.032023450635291946
0.03122819356835188
0.030725830325108013
0.02988014659050158
0.029337435455222625
0.02759464080701855
0.026476215533609748
0.02544578553982689
0.025374290929442593
0.026105340767224056
0.026574486466940928
0.025754472984216212
0.0252282355387644
0.02457832015633155
0.022479736537728324
0.02326968854083703
0.02377663425929558
0.023913543733368393
0.022698979414506888
0.023562990218831854
0.022949450134830792
0.023792042801532153
0.023603149755512257
0.024675983626090022
0.024300098342662908
0.024905278287148072
0.02592848004728541
0.026585112031732628
0.027057662448580048
0.02709927036011407
0.028812873558988053
0.029912565440753953
0.031895291702936354
0.03351439076976582
0.03403917651385104
0.03437595379275303
0.03281190331669504
0.031562077632231865
0.030638334815323354
0.030045529854836793
0.03191972353344705
0.03209607783515997
0.0344193732470105
0.03399236451176447
0.03477970547168988
0.03180980696885046
0.030228032211027166
0.029582735385405814
0.02986171953281368
0.028911566061617287
0.029220048644671006
0.03130633957751024
0.03264520099149129
0.0333227703788505
0.03375759540433306
0.03076880198639487
0.028850766434090427
0.02726110978858468
0.026240959669226748
0.02711451089323408
0.028720147239576912
0.030266361708804677
0.02979226281086825
0.028072189792841266
0.027923058487647
0.026909118220377098
0.02718872379334638
0.027368158553324643
0.02724541801372228
0.02771076529454107
0.028330506139956874
0.028728220136377595
0.02906554927045526
0.02928202768883531
0.02697112590774244
0.024336790901949026
0.022197047111609015
0.020823882730938516
0.021287308662737047
0.02062999621252858
0.02180291580529363
0.02028085681498403
0.018874884759473673
0.017303076764814167
0.017493630848655295
0.01746162557117313
0.018398916391227003
0.01761991987654578
0.016698187683700624
0.015966902768832995
0.015753031216929583
0.016118441511851826
0.016352940802646317
0.016839043425242492
0.017150996103744206
0.017744658291722556
0.01799862447321501
0.019034191220305932
0.019698758341533933
0.019087804023800337
0.01869572871501189
0.017435407965597984
0.017495388275155066
0.017435846615013746
0.017397636205318846
0.017889284120973306
0.0183459733463509
0.018639050199829903
0.019363237558179223
0.01982797931366448
0.018471998605298197
0.017728820283712105
0.01761306757352083
0.017538784147945817
0.019739953964972305
0.021152538033304236
0.023128659197074974
0.022975085476183068
0.02390045306273814
0.02492263871381729
0.024913314273830027
0.02483861286325139
0.024790673798464034
0.02305496021645889
0.021941079163682833
0.02262938333439871
0.02345385831995588
0.02415797777807106
0.024609841110486714
0.024532671194997097
0.02448314798586861
0.02356037954762116
0.022916988470259043
0.022541207235328594
0.021871714465312397
0.022476810029245717
0.021899239024837328
0.02212112135912999
0.02331673403143497
0.024180455061356472
0.023779705090793926
0.02313976583654542
0.023082210662434603
0.02304527506511323
0.020918127979944683
0.019553047439469524
0.019901811647423925
0.020176839854916875
0.022176474316003624
0.02345972459518365
0.024523354463439846
0.025205930880252962
0.024855241546889544
0.02344157688718675
0.022968292824690158
0.021882485270919978
0.021927417812134618
0.021577214394865565
0.021352474002695597
0.023098339537877696
0.024124409002827214
0.02345395850456169
0.023023701972273637
0.020471457714255868
0.018833574280874343
0.017990288459076464
0.017679875277879138
0.018186936626093397
0.01851233940811157
0.01859952597933235
0.01865547730145343
0.01936764222726608
0.018814062507841844
0.018115867917710377
0.015293539112244622
0.014549278249538397
0.015666702980213186
0.01681141570076104
0.017457837786426823
0.01993110623003442
0.02105245446205164
0.02154131209021602
0.020983161716691658
0.020624972939398474
0.023160530526470588
0.024787705415082094
0.026366428153924044
0.027436506346457484
0.02962297552775803
0.031026125574391054
0.03243055763699978
0.0317131819618205
0.03268375716820802
0.03330661646014205
0.03302876798423878
0.03183364922813197
0.03225647950946869
0.03288962546796465
0.034712672609899964
0.034151979264094565
0.03379215855359018
0.03245369471967783
0.03159474568576105
0.03141637676627828
0.03162562193450593
0.03220073632738937
0.03256981163569684
0.030445803677478497
0.02908273764796121
0.027133131827001788
0.027320709675697736
0.026906834633616275
0.026641233458187228
0.02593151865354534
0.025475011152214105
0.025182050918767965
0.025641965120156558
0.025937111577579264
0.025039946988214556
0.023940947865755107
0.02220014191139231
0.021082992867202957
0.022474523684142704
0.023367528052727023
0.026894378238630723
0.027718985022195282
0.02790031675353014
0.028016685019523178
0.027655250856847287
0.025980822163671872
0.02612835205216197
0.024730165165173238
0.028244442240689574
0.03005660481999629
0.03264537952361172
0.03342481289129124
0.03968527832632308
0.04736091123042307
0.05475862770497906
0.056246285126375924
0.06053945064188852
0.0629868735545253
0.06470244408247545
0.06678521316199654
0.06812181445327228
0.07375903768097154
0.07737668301641686
0.08253149948830903
0.0866123401572381
0.09174784420637673
0.09504351505674681
0.09515745367546824
0.0899663933319161
0.08429805037182109
0.08010658890124385
0.07407827760360307
0.07177384381716113
0.07015003547858616
0.07061674001095872
0.07166121726392553
0.06856666162368091
0.06658075396577551
0.05742708860350386
0.05048703989040723
0.04404817081371274
0.0399160753227233
0.03432743857107926
0.030740973238873044
0.03396227730193758
0.03658337008319859
0.04115819223468893
0.042529860363767644
0.04364994340120511
0.04143681165221062
0.03903354385740434
0.03525455465860595
0.0376304539606733
0.04312679574323001
0.04698058779591149
0.04769592496311041
0.04927661844214922
0.05002400823970135
0.0505036399849192
0.04559591150159888
0.04312821123382264
0.04163409196095678
0.040675252227321726
0.04168286215024922
0.04232948819118152
0.04490814066941955
0.046786095549765545
0.04300466325724679
0.037240782584083275
0.03321730303654817
0.03063526549262282
0.030002036832851055
0.02904033439110734
0.030996046903587173
0.03180883020699894
0.03419886770751409
0.03473485082229442
0.03580706472680617
0.034632386421421725
0.03372518855090256
0.03156805369521646
0.029960604558467704
0.03181986748798988
0.03301303539932568
0.03772428871322839
0.04074769986561489
0.04291129204205575
0.044299760943984884
0.042985610661002226
0.042142264664351003
0.03858086208318399
0.03431089990033835
0.03477559124869168
0.03507380340402443
0.038018419287173734
0.0410003223061737
0.044599385971073005
0.04420378519593238
0.04598389443639274
0.04347169270342091
0.0419539600747643
0.038611220037650704
0.039046584446287565
0.03895828817596307
0.04320926861562091
0.046407257501237205
0.050796869582049764
0.051177644258152674
0.05142200352426382
0.04923723891840515
0.04639226117826367
0.044378853437872186
0.04749352579166925
0.04745836015481553
0.05021399905604371
0.05236664977837553
0.05531575577611911
0.05462777970233151
0.0543530034868993
0.04986902402778513
0.04883088733364367
0.04582734404772264
0.045445488824779855
0.045200436125907725
0.04695192807471907
0.048075934774964975
0.04817405089073213
0.04383025463461865
0.041291595511656974
0.03825590218098079
0.03622691496327672
0.033357169083556924
0.03329311805759446
0.035378372561409764
0.036716568854903
0.03705765622426456
0.03727654646168542
0.03386800985831619
0.031680607294006076
0.029685355183027208
0.02865516363700294
0.028707268932172056
0.02874070711093504
0.0298555363307889
0.02919929141633
0.02940697905563867
0.02857272980794493
0.027690466396811615
0.024831194543820222
0.02450956706210664
0.02391168421656391
0.023527997426112026
0.02550582391682142
0.027009745443023273
0.026516553808588562
0.025949805417254595
0.025752130682637965
0.025625274417997956
0.02548183719278847
0.02538978743925883
0.026377904185617623
0.029652403762910357
0.030204631347134435
0.03055901921922518
0.028947162734127792
0.02855958891090155
0.028310866343583832
0.029219981360407026
0.02956873269397418
0.031724990684161215
0.033174246604012296
0.03126582355160367
0.03004110750352238
0.028991004066755185
0.028317108134963388
0.02857994158535141
0.02707576104588715
0.029942350897639428
0.031781963236364306
0.033619472151886015
0.0329101988223137
0.03245502803190049
0.03027563919827246
0.02887703291116487
0.02877736223436811
0.02864790565555608
0.0326523399699372
0.035222155379644855
0.03567565763717617
0.03596668927816397
0.03299771261225904
0.03109239431056938
0.027752268670770085
0.025608768324499567
0.024460150449049676
0.02403443914782723
0.025678658937569727
0.026628365554267376
0.027237832586734383
0.026104880484603653
0.025377817048938538
0.022124985216990873
0.020157162898672313
0.02031807592172216
0.0204213406362335
0.021345590353780645
0.022560064880418784
0.021971762568970994
0.02159422401374617
0.02226704053101125
0.022698815438085173
0.023546915328486125
0.024605837819994005
0.0256692221295527
0.025028159219448985
0.025199759857351
0.02509325445370431
0.025663433623671447
0.02478512061426749
0.02631318699111761
0.02882499317561277
0.029815581514904974
0.03163439537777652
0.03291200939172297
0.031577972152291724
0.030721863851874403
0.02885035308546969
0.026341053801887077
0.025927908258793406
0.025662775233818564
0.02622197603175458
0.02753641935250032
0.02783297482874675
0.028023287060854742
0.026258623178820027
0.02319028078355939
0.021221195277206846
0.01914395571165448
0.017700498959164684
0.01797296843912279
0.019352547765188372
0.020417075491017993
0.021100228101128334
0.020846107795739078
0.02068302801331838
0.020371299704514647
0.01859233407547878
0.01751204837868588
0.01681878320998802
0.01716670232258406
0.01904945554568065
0.020257698175108405
0.021040668115365646
0.021543133147836475
0.02106208374802419
0.019548649837237253
0.018370731287133367
0.0176148109738545
0.016757207412122586
0.016206846818004546
0.015463707951651057
0.015610140114304885
0.016261221492077847
0.01625948242665056
0.015556584559479187
0.013379333589821133
0.012395499358534349
0.012315828897752044
0.012264700982611397
0.013540222198614697
0.014358778283935768
0.014254653418392221
0.014800433392197035
0.01419686859160335
0.013809535449504523
0.014673748381966568
0.016283243412098847
0.016486455470107887
0.01899913286050033
0.020315667818415945
0.022112942182352498
0.022824121343410702
0.022049599589601922
0.021552556116833228
0.02031177334360114
0.019515510390976983
0.020804169612477375
0.023091793266028258
0.027158061955237234
0.029767559106947096
0.033238899358544814
0.040892628792236096
0.0458043517214728
0.053754692074989334
0.06007177082448446
0.06464526257162401
0.06760907424115455
0.07135002789668143
0.07375075658793946
0.07498700507875365
0.0833994190565093
0.08648896613798888
0.09473810339330346
0.09965637442919023
0.10865031146618641
0.1107972826247353
0.11065797629084613
0.11056857750553498
0.10599074363957017
0.10183794540030215
0.09935932928286297
0.09697918424606558
0.09442906833349858
0.09484719954825603
0.09845226568602072
0.09314672872485737
0.09153280137777825
0.08215739424657101
0.07557574360358749
0.06551434529467134
0.05990590044468755
0.05134291621280209
0.048052353106417714
0.044047528255371796
0.04415486432277221
0.04256538341657669
0.04586722305895087
0.04724364981321657
0.05049863121897304
0.04945426269991274
0.04926363481713083
0.04735043997868933
0.047079986744864535
0.04568665996086436
0.04804793318753003
0.04871488105203382
0.05302496264892815
0.05358625768161488
0.05558820060318486
0.055496718386008635
0.05543801036560628
0.05211325997139475
0.05052098090042729
0.04655312098068414
0.044006776911889076
0.04546528483207778
0.046401271249696
0.04753883046700235
0.0482688504839556
0.047077142274491654
0.04631237255169733
0.04232537717037383
0.041232451028432086
0.038541950302231044
0.037222374307407685
0.03637554640125849
0.03903970220809658
0.0402080497029901
0.041455643666648744
0.04225627764917068
0.04018919399371419
0.03886265870460744
0.03630133674450571
0.034657627764525856
0.03315571754796004
0.03539503551100563
0.03644623821061785
0.03921584637045076
0.04099322144248913
0.04194763378915129
0.04256012068819917
0.038336554179176474
0.038682774096038715
0.038067253015872445
0.037672247021857154
0.039694298601084164
0.04099193489614495
0.04504846812031678
0.048489612801692686
0.04954977665989258
0.046706586872532325
0.04488199134800643
0.04185811305394593
0.040928347105334884
0.04175260659021598
0.04228156887540933
0.04620434810695177
0.04566510023157064
0.04779037283423901
0.04915425043976267
0.04864645893001393
0.048320587572356084
0.044988421589539
0.04201213410221126
0.044087423458794156
0.04573960913712512
0.049677674109400466
0.052733802868273325
0.054634543675022997
0.05291138395939092
0.052417736601594815
0.05073149364622852
0.04964935999363012
0.04801172243362988
0.04696078092558726
0.046700316780697734
0.0460466727198388
0.04664575548088642
0.0470302123080318
0.04294231345089123
0.04031893530264865
0.036984175306582746
0.03600419272546661
0.03442501795554041
0.03492833980320074
0.034639165442784704
0.03478660758898471
0.034828177430305675
0.03218630760971666
0.03279827541147162
0.03089322924905143
0.03211795460754393
0.03247052120036186
0.034329516248906324
0.0358718340428904
0.037534606676563616
0.03812676776437071
0.035110056062675025
0.03415898061201347
0.03208425496488942
0.031957121419752564
0.030492377661655752
0.03120109927053392
0.03165591599836819
0.03067497549587915
0.029894062892765274
0.028694922684623637
0.027455282719429288
0.027524553837776678
0.027569008053628063
0.028704451417485625
0.02868146387267303
0.029018217475116032
0.02837953927166267
0.02850925371492076
0.02738819104272521
0.027582727316567034
0.027136139760108435
0.02684954557618869
0.026984911312369835
0.027223182709781794
0.02703834159756959
0.027898920131187423
0.025953651102073583
0.02574022090045407
0.02322356812492717
0.021608525256023563
0.023624562630107017
0.024788250184393443
0.02856452371023873
0.031447782964516315
0.03144138762160337
0.030413053408029574
0.030545207187335777
0.02927617842387986
0.028442521016334703
0.027645548312889616
0.02592739094172834
0.024824776454370607
0.025301970824665624
0.027362126608856546
0.028684215989020576
0.02865716462042278
0.02863980460939092
0.024028990880523054
0.02061017176800739
0.02249917369176815
0.0243374501106708
0.024761484388320956
0.025033605176277847
0.027046382058653298
0.02767501004831355
0.03046583711948559
0.03225682926725932
0.031371908033702205
0.029649865109209934
0.029779244197616565
0.02733377987357245
0.027576632607433357
0.03131907173534511
0.03372075371730973
0.034066716581952594
0.0336627118984518
0.033006011509666845
0.03250067294896343
0.03184846616985249
0.03142991740623795
0.030101670359507122
0.029249277871429006
0.029666212576637752
0.03053281723283435
0.029854467110985588
0.030194278449560814
0.029007287856545817
0.02685197204004285
0.025468814429452865
0.02288043805236255
0.021219367105067707
0.020766190176909765
0.02183689102406805
0.021295642636929575
0.020948300581460664
0.021974295758641193
0.024427799584754394
0.024852922504177907
0.025619421567414393
0.02611131653923489
0.02751532325375042
0.028009184929627617
0.029199484259357023
0.03142294457205248
0.03313649446835519
0.03423615214360085
0.03680334158467398
0.03701338611006815
0.036885575106365566
0.038337066877104135
0.03691939540370256
0.034335273200865365
0.03267693233769719
0.031094479150500128
0.030078951795988098
0.028067919531509392
0.02677735479828004
0.024920262708815488
0.022375897982968112
0.021026997140599305
0.02016135023550698
0.017111132070159383
0.015313489863851816
0.015218010888084117
0.014012070119615444
0.013525049524088305
0.013091770821822191
0.013672076238776466
0.013469988725775863
0.013596620145262184
0.013173735937680654
0.01463209599242442
0.014508726240003838
0.015514770621179983
0.015345580949821429
0.017778946263638344
0.019721960284035587
0.022584281158131093
0.022387055973473045
0.021871642547709704
0.022922407315224876
0.023596727651017713
0.02464702560200378
0.02574177516602778
0.027307491489246258
0.028312278087990247
0.027936315354223952
0.02769504411567721
0.026006376081749806
0.02599867315820075
0.024416135899086273
0.023400554592055287
0.023523444040016956
0.02538073448610923
0.026572636571137984
0.025889767186478764
0.025451540927849053
0.024399080034421303
0.023302942418460204
0.026074610167425256
0.027853306965197184
0.030438624893845113
0.032097733105002475
0.033679893317949745
0.03361924565359616
0.03288519356569059
0.034375883589661906
0.032942485230323774
0.03231406934765277
0.033299817180091784
0.033711766719221645
0.03560072224647906
0.036387331862880665
0.036892132629967475
0.034144061787669676
0.03238050812613423
0.028748309916363943
0.026732446883551808
0.02600570353154657
0.02553932148647996
0.027355966549560965
0.02656002237272632
0.026420901135764348
0.02519645919705314
0.023981826513977792
0.023202345183769502
0.021360997180931176
0.01990025511787596
0.020365459146978637
0.020731654985242806
0.020740199867117014
0.02109331588839853
0.02144399655617554
0.02110024092441974
0.02087963834979547
0.018668035476567105
0.017248756073390607
0.016908666669048087
0.016731648705078168
0.01596329724565087
0.015470213512596476
0.015784101144016363
0.01598553615550654
0.016546590600056987
0.015316416887228948
0.015456778489071473
0.015546854484583957
0.01614962141634753
0.016362496524528525
0.018428842321825546
0.019439779096514984
0.02170484212945138
0.02221603686241091
0.02328365177364995
0.02366336445158127
0.025535697820323906
0.02582346493307299
0.028603424194351502
0.02855303276570962
0.03190058008684638
0.03334548549610312
0.03750165086922411
0.039184733385447944
0.042088198724239474
0.042021740819662194
0.04415042838377568
0.043900195504916494
0.04396167021262884
0.04326156158013931
0.04498239912787323
0.04744484426613285
0.05000129102449788
0.04904658448574812
0.05278789337775229
0.05180896440035817
0.054351429633614785
0.05595666840663654
0.056986818238379845
0.05670294148753468
0.057404464680224435
0.05743216985885257
0.057449949447499246
0.05763640361486113
0.05775605916538319
0.06024039246440071
0.05884792825410904
0.059639123857800694
0.06098966408430204
0.05756011571630645
0.05535922901107896
0.05036951401161467
0.04685047095582157
0.04459215171214125
0.04412125562263549
0.04293536267290351
0.042676232313609216
0.042509937367027746
0.045397507884612075
0.047250584406826376
0.04463519007143955
0.0429567805539264
0.03910938809542963
0.0374515384147406
0.03693717655202991
0.0366070887201099
0.03738433024339602
0.03633647434220773
0.03566402074936473
0.03504568699808673
0.034648875993680266
0.03329357043434144
0.03242381335062349
0.029566584962340072
0.027766998149936186
0.02758848442398946
0.027473924591621585
0.028775823218540983
0.027957325064137086
0.02977178487010437
0.031003216106115263
0.030996053868479645
0.02965249432794663
0.030556716519875786
0.029467030558020055
0.03067635829543679
0.032219115404743356
0.03320916810173482
0.033987212931106445
0.034461071501249246
0.03286988507989622
0.03184875323846687
0.030116661617084498
0.029005104930115634
0.027423030837169984
0.026340731373440184
0.025891285277965966
0.025602856648275607
0.02435868024685144
0.023560239459024346
0.022325406412431963
0.019616184699141875
0.01793284829043649
0.015617569195014653
0.01418027721497638
0.013748023916575682
0.013470628634262675
0.014965987069022512
0.016269167674169187
0.014710924358182432
0.013710933505261043
0.014922927539067092
0.015700715536076857
0.016238639567102302
0.016583848242204956
0.01649135147254148
0.016954325524862545
0.018056791443845154
0.018764290602239355
0.01902740592892528
0.021263156711311796
0.022697932852408825
0.022030710212724156
0.02125897948549771
0.022091792866722703
0.022626244550149728
0.02176941274922051
0.0212195474267591
0.021389204105480664
0.02149807999483003
0.021649835150361493
0.021224889718615563
0.022498952171035095
0.02331657210586643
0.024819360650614374
0.023372591391724196
0.02269111773464493
0.021979058897897686
0.02220156456387584
0.02292017588705151
0.0241402698887251
0.024239204257578403
0.02404544074934441
0.022652419580589035
0.021941251309840874
0.022393477920208696
0.02268369092428373
0.022369343192373235
0.022922817290103904
0.02243374194280428
0.023268339259845065
0.024054658250536074
0.024559272510774343
0.02357009696232711
0.02134769324661857
0.021182608661970744
0.0214877099277974
0.023796613780969242
0.02527833535150602
0.027458946224113483
0.02699568448645877
0.025825945544361142
0.023732128785552618
0.022308331147646535
0.02139461979094983
0.020397984135577443
0.019260698704304455
0.022100710339560226
0.025764385557792403
0.029342595046902006
0.02961882709931169
0.03002608612973854
0.0280006481221883
0.026700838612386923
0.027057104343629925
0.027285735179901526
0.030639660348606445
0.03303934291392572
0.034769295138077784
0.03587947888306243
0.03602353992057613
0.036115990000934635
0.03375142213511277
0.031226755832204592
0.029149978556566834
0.027817222460077944
0.028185379658958055
0.02885258162742645
0.029649601853014705
0.0275581551140533
0.027497656135766567
0.025124072542864088
0.025205283895173302
0.024392328770389327
0.02505539224436944
0.025311109776467233
0.025036760287065155
0.024918509141624124
0.02480359658730962
0.023959370461623365
0.025301972582564503
0.02563333724206535
0.025845988004038107
0.027723087482806195
0.028927701864613728
0.028565750054693913
0.02825273941622249
0.025756723505851804
0.024154924188952827
0.023967908882031232
0.026244861984594362
0.028144533682751455
0.03105893933342463
0.03276791029657862
0.034917727340927775
0.03461890685760258
0.03294418687595894
0.031869448004526575
0.030682819151217563
0.029921309066782417
0.030897185973271027
0.031604178395364516
0.03332551480753621
0.034430169420396714
0.03564213826194711
0.034022941331853115
0.03323538165465521
0.029830895965605286
0.02858531710434091
0.026789926328729587
0.026194609353327025
0.025961287892136434
0.027197141844151063
0.02866779838181446
0.029611581082735712
0.031325799143937766
0.03242588560894644
0.032702234485487765
0.03307003931157617
0.030857288102533836
0.02943727176354267
0.030076293274516164
0.031040577277938675
0.030720175178555995
0.03281637422565993
0.03339880408410229
0.036085490431116723
0.0364240648238448
0.03434299810927046
0.03300748929781697
0.02920983178150819
0.02677271381676888
0.025882323617857306
0.025120462421123046
0.02547439900609159
0.025701535130371708
0.024440062781615333
0.023076325664682054
0.0239922193002468
0.022221124543924463
0.026086329134882458
0.026253878529430598
0.03630849617999591
0.051517483390021344
0.06465940707670395
0.07331395191074574
0.08541376363342565
0.09324790397810227
0.09827540424394178
0.09833526357112175
0.09837367784122716
0.10716361744118523
0.11538654222371195
0.1305022871102907
0.1402027019727287
0.15092470860301313
0.1578054751978221
0.16113235078934715
0.15809796919212188
0.15363677505970497
0.15077383749417156
0.1417959813702167
0.1340141973246835
0.129020296317526
0.13572383896754855
0.1400257867207511
0.14016949389829927
0.13813568761019038
0.12520070106133935
0.11867549819687954
0.10438930813182618
0.0946878104489472
0.07960365793828643
0.07138098628492019
0.06994624381082618
0.0690255086883464
0.075171593046749
0.07943501537452662
0.08614231472347932
0.0827820016765851
0.08036174263094494
0.07170721069503064
0.0661363538919582
0.0625612987071563
0.06392837079910894
0.06540573942126539
0.07131198534111508
0.07510227395286405
0.07450963830446815
0.07146251787549321
0.06950705140536191
0.06212107946731992
0.05734487973825531
0.05181606209131769
0.0482679852167551
0.04812483693664999
0.04859145061487059
0.05117415274246091
0.05490869843838269
0.05194566299912141
0.049026602082729756
0.04272860439380113
0.03870009396149684
0.03410347999568396
0.03208487742855822
0.03078945451090175
0.03246645397852705
0.033578963838725086
0.03527666417253694
0.03636615051103321
0.03600773050849604
0.03577771718493183
0.03325095055964605
0.029552301048927358
0.027195916640217806
0.028807791484735487
0.030151622541378577
0.031000834037964557
0.034129981480154004
0.03316378612544149
0.03247753454622891
0.029517681975788315
0.027947378002079255
0.025361102041923926
0.025046713115018174
0.024032546401049758
0.025413948936886192
0.025957212687581145
0.027482252839876604
0.029343412070633672
0.027771631766232763
0.026453531077218928
0.026080984909305573
0.02312330354255351
0.021225233913597843
0.020885858329579354
0.020668066617434575
0.021904024601826874
0.02178442828415722
0.022334000053467307
0.022864232779310704
0.021105718029260638
0.019977204499485816
0.01828004790645925
0.016633865899575103
0.01623709485987943
0.01778509021634235
0.01830516954691219
0.021995217289942953
0.024363277497233694
0.026122159443497876
0.027250908618663475
0.026007146524299987
0.025208971614893813
0.0229794398348591
0.02137110548857447
0.021869554270282712
0.02378462632603848
0.025495086614538198
0.02617272232617437
0.028196537274104365
0.027692685029848823
0.0276662900553163
0.02442749080195302
0.023140164865984206
0.022754504933423205
0.022869982282110176
0.0232073341541303
0.023815268469570047
0.024911518538991685
0.025615028722986637
0.025102445386020796
0.023178302586417645
0.022095424765152853
0.021400496120193662
0.01976648800830251
0.01929665944731721
0.019682934226898003
0.0199308231427901
0.019758543812056384
0.018769381678672044
0.017771622675873656
0.01718303106828944
0.016413865554309702
0.015911437027484095
0.015712383345871665
0.016488543583177032
0.01698663854032632
0.017586030156676126
0.017970685189379502
0.018558925037103942
0.018357639730500235
0.01796486063515869
0.018355329806575425
0.01884328389490539
0.01854286572978896
0.019481422054098065
0.020032020790899448
0.022699826852502235
0.023460233933856232
0.024573885949688658
0.023884684008960624
0.02451232352086543
0.02379849675540411
0.02385870412912825
0.023155046918247768
0.02414520529013634
0.02597402587098616
0.026073137516968707
0.02543957940963988
0.02708149542340571
0.028644657767798478
0.029647805369960555
0.02830060427656507
0.02743604817251204
0.026081944545803978
0.025212958793245786
0.02663951529652047
0.02755499713418273
0.02964772209815584
0.030990712502913166
0.03230418886516617
0.031232582119509925
0.03248412099989892
0.03182284612121356
0.029349980839905573
0.028389972605588162
0.02777389458798709
0.029678952708684408
0.03157922232141365
0.03555729305375865
0.038110189834254064
0.037748642387965936
0.03751662205104175
0.03444040817589415
0.03246627120690521
0.03189178096774672
0.03178952063061035
0.03152827050832822
0.032825055701538944
0.03653741475175163
0.037932195036501824
0.04009934653479079
0.03886617806323213
0.03819752006056733
0.035060065497868644
0.03464598390755342
0.033443057019096153
0.033434876344707584
0.0343334213175065
0.0365850096492557
0.036945385792615755
0.036910240029508566
0.03876862215612897
0.03996122481887701
0.03969256761808862
0.03797715323094781
0.036651096961725256
0.035800110388524216
0.0344790083557119
0.03363120112622908
0.03327881646495963
0.03478297768687068
0.03498447321456187
0.036468182592302965
0.03539966909008596
0.033135544932668605
0.031682560392925684
0.03034398540395766
0.029484965037121277
0.028750028868142544
0.02891870546280825
0.028603428375270867
0.02840110169083556
0.027983866193314846
0.027716108471044252
0.027082343457186502
0.024828219766557063
0.02724575546373993
0.027442789549812406
0.030040555007288933
0.03178488394261056
0.03428522994852403
0.03310338343926041
0.032464153665547744
0.03081201733541826
0.031238378714781183
0.030888657180785938
0.032942321368849045
0.03452219502303614
0.037758293508752504
0.039339255246493496
0.04073786959709686
0.03777131725672393
0.036288641644854666
0.03368739957636815
0.032018072169006165
0.032017963418785024
0.03201789362915015
0.034398899015585245
0.035443509241967784
0.03472039268556095
0.03425633810910971
0.03125370518881921
0.029992656377065743
0.02696116132063888
0.025154930148915764
0.0236117508442308
0.023939997402163904
0.023729560248798347
0.024892377190117217
0.025638606160271468
0.0229364122777836
0.02120229980794431
0.020066798832530507
0.02046813612440746
0.020255101650928437
0.021724613625895728
0.02309439588558763
0.025245222066734747
0.026800602304736475
0.028303868278667065
0.02926857783847213
0.029888404042791576
0.030286172817642194
0.028966825173032996
0.030155528907183548
0.03151357278621174
0.0323850871658696
0.03244219324971027
0.03340417375587933
0.03402151746400695
0.03363856502995481
0.03339280820416018
0.03275961844303098
0.032178169889834594
0.03237764069838155
0.03262214445247779
0.032473020802759774
0.03237732182934355
0.03323089080083721
0.03174327712892426
0.03211207674439235
0.032800208868070585
0.03281361633221981
0.03082965864753143
0.03144385772299114
0.031010918180495162
0.03175623256181808
0.0307723626818304
0.03076211587739969
0.02870527689353159
0.02835624135535512
0.027118981181589067
0.026008200171719557
0.024717386658286947
0.023889016856847595
0.02353395191550838
0.022854633914987942
0.02359597636024276
0.02407172726289729
0.023476439461358335
0.02298472307685462
0.021341016915425656
0.020286180928351397
0.020027736236447425
0.019861881311717153
0.020890386337864112
0.022850384278448037
0.024924969251931346
0.025720207714536016
0.02604073189788589
0.024600261112851223
0.023675849890191798
0.02141681888514158
0.019967102837377466
0.01882784314373407
0.018206426802852956
0.020097801899534532
0.021311577551078757
0.022723110776327177
0.023628951539034004
0.021720707297631335
0.019196143374837587
0.01710587609693842
0.016740508455276474
0.016695850617361584
0.019282829206710102
0.02115995363822542
0.021305855266515072
0.023016939810638466
0.024463570867925742
0.025391935398674882
0.02458799208429036
0.024072067547729555
0.02211210411470717
0.020854312417500097
0.021374498431901555
0.02167323342114604
0.022930318811832086
0.02276099828414415
0.024547701417249202
0.02335860525298622
0.02246298925686125
0.021888234470709624
0.020152224439058654
0.019380945927447636
0.019442252448989776
0.018896146178368066
0.019696882816159684
0.0213429936237601
0.022399372774305017
0.022210707973711646
0.0225978112640237
0.022340280988780558
0.0221750128840144
0.02086936770591923
0.02003147979594825
0.02045370691995951
0.02072466798074542
0.021775123410442396
0.020980020776091582
0.02075676615249464
0.020613494187725977
0.02009555843254641
0.018587571267257144
0.018541519962084547
0.019138677105817504
