48
0.3122578185862402
0.29906072528362576
0.2991496949305908
0.2886548563534224
0.2838253299288011
0.28644081829161677
0.2652514556871766
0.23977504356246823
0.23549848121286818
0.22972207761841437
0.2324590363419964
0.23992675461526178
0.2528982600744503
0.2440962667801777
0.2275058100425381
0.2287693939004197
0.21551175898311525
0.21347358596740373
0.21179834608372936
0.21771744403259916
0.21685116568331086
0.20907337204952148
0.20332906122336625
0.20654169513121445
0.20638082951655354
0.20597085950282204
0.20978329735361637
0.20039768258093468
0.19708356472703595
0.1941229353489329
0.19304366431261502
0.18612623342853693
0.18806118415058448
0.18829786180307537
0.18917132896920744
0.1951318510056154
0.1957446257190103
0.18991379228847263
0.19235128751372074
0.19073994599240018
0.18417002779901745
0.17594637140884226
0.16551570497039356
0.16710530341855856
0.16819441980873154
0.16640980988079263
0.16156504492069781
0.16185265184189987
0.1514714956902768
0.15452082102143147
0.15367566745764205
0.15247173038215042
0.15236274774072064
0.150893105683555
0.16252296547389453
0.1634335916657902
0.1679470356690862
0.16830591360562233
0.16465920016761257
0.1566113004795823
0.14557399023588308
0.14726757459149745
0.1517523236469562
0.14965143263887323
0.1504206150879843
0.1531033947851922
0.15445378693186249
0.14729337161787323
0.14800914586829103
0.1490452878881856
0.1590207747308068
0.1540533985575654
0.15232045913634934
0.15185932793902301
0.1525126756079239
0.15362872099078487
0.15649252427105398
0.15475199657816693
0.15613289089064397
0.15650296675468375
0.15965731344568648
0.16119991533633146
0.16131096240608103
0.1552816221899663
0.157012087504243
0.15908906916763954
0.15436369040997514
0.15611570723791313
0.1600552351198816
0.1563951543438771
0.16143388219604257
0.1689799194563246
0.17055762404332778
0.1653853803965751
0.16472159680982004
0.16829892238830624
0.17079804332908688
0.17133320496321316
0.1733893110423477
0.1712914651203832
0.17268732320488145
0.17772657321204663
0.1676850036662769
0.16808649382153887
0.16307422064789495
0.16151996611436356
0.16204217884366526
0.16677137219638513
0.16278050422827683
0.15661080615092085
0.16111971149265564
0.16343303496890585
0.16370592574512463
0.15784167546502184
0.1572925483296678
0.16140196959289219
0.1597776924164949
0.16463607594489363
0.16512867961512975
0.16897845083334864
0.17019207013461143
0.17430405431973753
0.17828075352193543
0.17629990600778608
0.1744843494296997
0.17795368037503753
0.17981865182833937
0.17848971320636453
0.17301286224661258
0.17622965820397704
0.1762952491216345
0.18205618253770817
0.17937643157488367
0.17459356653965963
0.17192929268962454
0.17197812797579934
0.17306566705314183
0.17648674658399163
0.17354448365613162
0.16409039225923275
0.16258206596255367
0.16100607726859037
0.16053532200385354
0.1585313490173799
0.1597341595464864
0.15419624681730126
0.15472122919956735
0.16377897027380323
0.16338550943220612
0.16003094865830744
0.1572724872215264
0.15506617331386288
0.15481812990028465
0.15365716489333553
0.15431862093325663
0.149260719167658
0.14817513820579242
0.1496875027665112
0.14196985680756427
0.13942018679758741
0.1414870488238845
0.1420711559373811
0.14238360017127275
0.13733144115508755
0.1370784034288353
0.13171828557884532
0.12217787330759221
0.13234481431462694
0.1322083329137177
0.12855385271434563
0.12029022585711979
0.11913226284626222
0.12465554730663973
0.12052346589456679
0.11741859826296562
0.12111743283088798
0.1213051273368953
0.11843374423452328
0.11747339353046365
0.11147195432681407
0.1119487832188301
0.11134881732079428
0.11268860296238642
0.1101781431496076
0.10058378383602144
0.09630720680280884
0.10276977614259548
0.10675311367616629
0.10676127895298247
0.1107089212209507
0.11198660226245676
0.11193509575488424
0.10804449608106277
0.10776605770505236
0.10715442751130659
0.09793762134055838
0.10348845352862951
0.10629429016230962
0.10951933826732511
0.10906791528096303
0.10978799973174054
0.11047710515533953
0.11083992660320317
0.11035173394999505
0.10999607805574192
0.11464560437944386
0.11369799550203015
0.11813086488932197
0.1199795871683958
0.12026743144523748
0.12115950580903732
0.12245704556001184
0.12664485932464067
0.1265968595464023
0.1282523343058677
0.11409752926629398
0.11306455228377044
0.12266092956282508
0.12680716638679054
0.12668690367177504
0.11971542806566722
0.12183539475129336
0.12173053120717701
0.12458748459060441
0.12434697454437892
0.12795435864097657
0.1317677395506461
0.1351064348670698
0.13807159305185154
0.14091711501944984
0.14242078430874716
0.14649960831788927
0.14762459928311486
0.1469028771396376
0.1451368967837897
0.14009430235393752
0.13860329214083775
0.1348278079016475
0.13414116305849513
0.13556611255576687
0.13915751261681633
0.13957210146882962
0.13700839312179464
0.13933637581424013
0.13369254303873834
0.12769210734472175
0.12490170008166297
0.12496112185410098
0.1244748160661191
0.12442267079990027
0.12358443220421056
0.1257826524049234
0.12564291648591122
0.12078317322140625
0.12485425608912058
0.12616653954974535
0.1239525168801562
0.12308328500189479
0.1223530880297576
0.12338810837604793
0.12045883462522844
0.12030890282851685
0.11945939348449434
0.11949069106481681
0.11901576388446966
0.108780941562869
0.1061883361211886
0.11336555511252128
0.11270412249041155
0.1119287748583793
0.11371984341166737
0.1063884459269458
0.10370415693435349
0.09886300433198046
0.09580909555322882
0.09401459144633223
0.09164278442786139
0.08821628248092848
0.08549682458524686
0.08129133652287708
0.08106840977018115
0.08055285951644088
0.07400901032649425
0.07478364242517235
0.07534896200351048
0.07469863744000134
0.07308018467994758
0.07022552254968013
0.06648750469809135
0.06598021387548468
0.06708965520980457
0.07353320235177195
0.07263863008116855
0.07425119613601935
0.07739258069182688
0.08413411331417774
0.08658255892369486
0.0939787252302054
0.09563765470902276
0.09542791120141823
0.09685641315444125
0.09838549700562664
0.09491574026640943
0.08971213880492353
0.08705079529267684
0.08862571397209183
0.08674212025884061
0.08624814447693178
0.08656089235566627
0.08626940486154903
0.08451088290446034
0.0883531440523504
0.0900702202875256
0.0897427092502213
0.08859539185168018
0.08444518806669654
0.08472523762393769
0.08331230782604451
0.08279264809842132
0.08276640790639905
0.08425737016370255
0.08402994478249644
0.08320464008026247
0.08269053645337703
0.08326455914291057
0.084327250923855
0.08443619305057933
0.08463958994026576
0.0839982529051997
0.08392665111055114
0.08349943203945505
0.0822099581850016
0.08172781760336967
0.0815854852883778
0.08228233436289367
0.08444230163314127
0.0850514277443698
0.08585433932690407
0.08445207572563602
0.07581321797861376
0.07594622870227383
0.07421070352098279
0.07083234263943605
0.06463541681813265
0.06346330653289144
0.05679232678149528
0.055152047318254314
0.05347424731250703
0.053203179766025344
0.05276374820540264
0.05173189815997284
0.05218256514663022
0.05298014393083045
0.052643024502271984
0.05394300319333725
0.052405317818459474
0.051456476676104694
0.05154102433230062
0.051738730502778996
0.047410737054074885
0.046375771205079214
0.04697643719059443
0.0463556514931576
0.042389062594723644
0.04247467926842841
0.042721526337348166
0.04164742630862419
0.04131446713944853
0.03965291966745674
0.03859233191661712
0.03833854611313461
0.040286816578194086
0.03935438385984047
0.03797433379824524
0.0374655806585975
0.03813743781901284
0.037597223695897596
0.03790830959932563
0.03780159256541527
0.03716155165115823
0.03721240695392267
0.03725663518129465
0.03786204970078821
0.03559903063689423
0.03510826559671748
0.03410650661989185
0.03517622217256619
0.03483428313923198
0.035109659731746186
0.035468380317786076
0.03514842331919959
0.034550379044760805
0.03312732292437631
0.031757981491758465
0.033737826611852074
0.03375299308371069
0.03303120165628721
0.031915683710338885
0.03189902344669319
0.029844458137707152
0.02974098184847852
0.028368669706883592
0.026953417007671582
0.02688600903543289
0.026362162152794244
0.02681854222084734
0.02676205994434953
0.029719051497743093
0.029480645879874146
0.029196170812842256
0.029348864062781064
0.030783875797919507
0.030789291804061966
0.030720948504737153
0.03908690146717203
0.03928463890363314
0.03918989985645784
0.03980475100377156
0.03980609133111951
0.036074255294794855
0.035225737051149016
0.03919136329942907
0.041663311788084224
0.042081091071989395
0.04339359906768539
0.044901912560639336
0.04519465093621813
0.04526524371674509
0.04571388327222137
0.047130931234431274
0.04997587070154826
0.05093946967414933
0.053147004333065
0.05350663520700382
0.05333004679880937
0.05420235626334318
0.05392182786166989
0.05350819004403878
0.05565705535317527
0.055942747185074616
0.05654594274802108
0.056907247439923876
0.054845389179698924
0.05598371220933262
0.05872155676004095
0.05764805095891177
0.05782330317818835
0.058293611229006816
0.05748587585755316
0.05759779389962522
0.057672545033804846
0.05851615653479992
0.05871476389247791
0.0584453113714678
0.05953141123615946
0.056509184602471424
0.05605719760796446
0.05602749436659984
0.05632887130397409
0.05497828795346379
0.05436931341453654
0.05850185168986206
0.04982820081937059
0.050975457316875396
0.051133019530136235
0.051448012894467605
0.05252477760460523
0.05335134244491798
0.054100917091668595
0.05067774094773559
0.04812626031515086
0.0473444795652479
0.04652024313994139
0.05119142306779784
0.0517657861542446
0.052300935795141786
0.05274024136458577
0.05129914863754271
0.04912163888551282
0.05009501244004678
0.05119610609706032
0.05115431284962165
0.051612366973254165
0.05095049693270734
0.05188908454365169
0.051915438663141134
0.049629628268140845
0.05175867960538364
0.05131077107561407
0.051229193971021776
0.051540722832790424
0.05051963011776935
0.04839714109297097
0.048514897714557574
0.0480194083758847
0.04762435794415378
0.047675654577163114
0.04771553640364729
0.048328448792856894
0.04796445277981723
0.049613317017395735
0.05053427099123855
0.04921635536760017
0.04925497255236181
0.049647044893076676
0.04969101850267423
0.04910673741769613
0.04969485492931885
0.050418311923708874
0.04620574078710876
0.046305662348302495
0.04835336538167271
0.04956676665867679
0.05026191130019736
0.04955540329187481
0.048576456255158246
0.048204866308336064
0.04774259416656073
0.04811546826731707
0.048316794725614315
0.04813262862046222
0.04184475859264789
0.04100031414377699
0.04082662066317639
0.03993143077014172
0.03972018253416535
0.03729674686507679
0.03594779532733212
0.03257454972498949
0.03229558770675797
0.03185710023950654
0.032346879079888605
0.032149336866804844
0.03310728866828693
0.035179350242573494
0.033010228082596654
0.032742721904279466
0.033597472900862034
0.034074036110351764
0.033493894854465356
0.03248808526968568
0.032640480090068445
0.03311099353977318
0.03345057676202575
0.03394719883569181
0.033786095326036845
0.03305217690263856
0.03246164164236024
0.030782537256848055
0.03285340432246994
0.03501988536731459
0.0349080889380004
0.034675684985786
0.03455476044681973
0.03525879529075789
0.03520532716665542
0.034640972907444285
0.03483946110730419
0.034223972887750566
0.03324058009457242
0.032565946977365444
0.03136589603055869
0.03271059079856625
0.0333680404408643
0.03312654735802796
0.03320446071435404
0.03601160903836487
0.03551941935088567
0.03667283398888188
0.03653131287584349
0.037466016332536746
0.03778921219486033
0.038085578168820945
0.040891359149125846
0.04125642245756115
0.04205000933820849
0.04171840789710249
0.04200736729009017
0.04113698570640131
0.04087355627643649
0.04008792646435037
0.04036853924405604
0.038784012152508575
0.03881615925533946
0.03951086132646308
0.0391935158937138
0.038976514729336505
0.04059778953560738
0.04090534001879103
0.04084932364873667
0.04160935452323423
0.04150871922410495
0.041790119439067595
0.04233897848616575
0.042445901705281064
0.04334489361623026
0.04444695460339637
0.04102377027896215
0.040341502380990754
0.04110021688770765
0.041606452354927825
0.04199650690659539
0.04162288885638011
0.041887584173909746
0.04188595794946024
0.041598172672649474
0.04255009569275934
0.04016033539171799
0.040037000210244804
0.039862238541688945
0.03856877987020532
0.03906091564856792
0.03878521680277767
0.038822168709128635
0.035559011400474544
0.036084588676226985
0.037767441731918934
0.04076186555810026
0.039874880169582905
0.03980413444103106
0.04139998792049187
0.03902802190670328
0.039262489860968024
0.03827468413855756
0.03853435284586345
0.03815442928916014
0.038357053641435955
0.037715711291216356
0.03762456435615836
0.03639899559472813
0.036820874572862726
0.03670210484729243
0.035963535295048595
0.03509775244765787
0.033976863094300085
0.032253278020613195
0.032377516522827214
0.03243606761842018
0.03145456253859876
0.03190787845011622
0.0313319768469488
0.031239121854449964
0.0315135995952779
0.03076064124706609
0.029417239267183672
0.029209542131432144
0.028808093057782463
0.028731573244512986
0.028074142349113953
0.028094049435231333
0.0288598237789969
0.02794148381946056
0.028152622153262443
0.028233862219274236
0.028609014176422698
0.029032082321045954
0.028940589159896227
0.028601439629764983
0.028155148061745364
0.02735969146043026
0.02766385134334723
0.027545947283545053
0.0285161522240238
0.028106543768543397
0.025075876664032246
0.02280072139367573
0.024628417707594937
0.024358363070618363
0.023299518003448844
0.022918745371140886
0.02266595082088457
0.022581708220438996
0.023210997371287862
0.023452008490685825
0.023244724726188198
0.02423043912719333
0.024347095816278096
0.024316256117782348
0.02364205250457731
0.024532360422456195
0.02490430386030044
0.02546865213307094
0.0261682109415543
0.027885354966839054
0.027595373456464577
0.027169152374108437
0.027186409607221462
0.027018076144920827
0.02699378463023497
0.02772322630090876
0.02743904300509863
0.027383449491210674
0.027932226512321936
0.028084233711359746
0.02703333051804264
0.027794714382731133
0.029420288531555816
0.02910671938477112
0.028637956156362332
0.028656475717329783
0.030819879429707875
0.030595795282719343
0.029621584329762793
0.029486358684749664
0.029220689931261378
0.029232088103602883
0.029098559781742764
0.028817910732758047
0.030264474685654557
0.03046464897126096
0.030016413902334286
0.03004279557767538
0.03045782791036487
0.03004793278813229
0.02820947008207499
0.02802146975619298
0.027948409012043263
0.028639398849332393
0.028420135626112602
0.027846865232397103
0.027756094796771425
0.027665863501798577
0.027988857830430036
0.027177982602534522
0.027393425485531153
0.02747400263127259
0.02761364903334339
0.026652247543129226
0.026431356042016785
0.025985742068414447
0.02635837975960024
0.025771345175312543
0.025633757778800906
0.025605962610116082
0.025769128869071557
0.02559895353217535
0.02523318690965119
0.024284269193485104
0.02495373475303982
0.024814423754500936
0.024290656166729995
0.024621628581400143
0.024463358426595274
0.022962697445016153
0.021574690805473206
0.022241816382299218
0.02209275328683293
0.022005610425298323
0.01990327387974242
0.019882016830236774
0.020050694320237254
0.01993900460792289
0.020063113835410512
0.020269709513546192
0.0204031491165392
0.020397314932356404
0.0199319432236445
0.020211131645066233
0.021157740638415783
0.021128696482103655
0.021600523861902154
0.022008788518524603
0.023328139257295377
0.02303078217306435
0.022168353868678447
0.022078918717466384
0.021951283080580853
0.02189598622099447
0.021203217898267897
0.021453875525579324
0.02145657828477396
0.02149445966884686
0.021221882163909498
0.021069751498200368
0.020732356852142902
0.02064833845719122
0.020851757597673243
0.021014656315954283
0.020234677776404867
0.020627320174141175
0.02053558025260752
0.02277572391252185
0.022647328773812425
0.022616273115003405
0.022874447264193503
0.023316126421895494
0.02274948132668232
0.02273144273811517
0.024760642982767627
0.02449178073428245
0.024698654105369894
0.02547090606174654
0.0256811851857106
0.024680637506755226
0.024006280993781853
0.024122907930934412
0.024409722226951775
0.024704735715558878
0.024168025396633794
0.0288596754366528
0.029076979849813323
0.029123794619296012
0.029163381667338024
0.02950084045182827
0.028348962881713582
0.028515721840455147
0.027247227269656022
0.027079184381629578
0.02615692570859168
0.02595251887052467
0.02459386239282917
0.024801418622632018
0.024973608625681525
0.02428746567469579
0.024400045935770814
0.02451360829457259
0.025022563625207817
0.024731017400834183
0.02437299164046491
0.024089604462878167
0.02467038706703034
0.024767636731323952
0.02489141374517036
0.024993835695745526
0.024825578718548003
0.024807840652620605
0.025826279224088217
0.024469385025478862
0.025006462458469547
0.023021819410577682
0.0233658510457679
0.02299592386907919
0.022777950633179177
0.022517729179989596
0.023336988908365996
0.023810440987733817
0.022827898269753805
0.02303559581498218
0.023109885413288383
0.022472651936891394
0.021923691913640003
0.022594529728403312
0.02284471469760212
0.02266708977853867
0.02205702476224769
0.022706230809958844
0.02283481332370757
0.018301424196900548
0.01782045067339173
0.01751525491566789
0.018219793194998463
0.018093140195406896
0.01910937004264809
0.018682622648320057
0.019342162136792344
0.019634314466566022
0.01956384189935183
0.019086062207459606
0.019230044657789085
0.02004972621133033
0.02049884341807894
0.020579552965194713
0.021249138980941745
0.02163542943280719
0.021145472262244325
0.022973371059421613
0.023476287445793265
0.023851235394965763
0.02395548134588106
0.023758261012435253
0.02356979994827835
0.023788994763277185
0.026156723656333217
0.026435329133948207
0.025784664589640113
0.026600353011885246
0.02609126420364778
0.026462695454873772
0.027433675519227457
0.02847714871514857
0.0287871068011365
0.028359210569796903
0.02857274580713597
0.028746738317560333
0.027714782494011676
0.027383972550112035
0.027159351944121137
0.027470744373044562
0.027625480886696693
0.02707236332067915
0.02708698450255875
0.027555384451543225
0.027533853632743004
0.02647356816432093
0.026237530913012074
0.02659894214288329
0.02717979789579301
0.027238981062177172
0.0286789764324106
0.028740063317861695
0.02801517096067857
0.028283508201936165
0.02801615724596164
0.028428634332523198
0.030731359700427438
0.03142673974900404
0.03129701422374439
0.030475340337434074
0.029688939491313373
0.02987013417294766
0.029843836173191456
0.03016589727219793
0.03069607596150591
0.028832105873746
0.02848411915899551
0.02908004986265233
0.02855927104046245
0.028630093782814236
0.02861810697211456
0.029162258800195812
0.02658058915498863
0.026030513920982
0.025382410566264186
0.024519252665277103
0.02445787447143229
0.023826577985804665
0.022312526368806193
0.023026190066535723
0.02313994798506411
0.02330104063530647
0.022067404113622163
0.021213546410044398
0.021430274698162766
0.02145190069930748
0.02158159567984698
0.021134866371883693
0.02328993417208901
0.02324466918114056
0.023065544845422187
0.022732572775569254
0.02286124853050982
0.022922528274278566
0.022934378932255865
0.022308322292547283
0.02184164855618388
0.021834832252675962
0.01960171337987253
0.019823777417981046
0.019773414654960218
0.019213657897688762
0.01864377881306259
0.017760576774039232
0.01588809561587584
0.015320972384115466
0.015437306029941996
0.015414262623117812
0.01554169305288628
0.015419164842113732
0.014781561107663696
0.01410088377568564
0.013719021233885978
0.0136766939935574
0.013598546643619905
0.01269593029284768
0.012593914766134516
0.012426643824673837
0.01280963917631093
0.012497320370026738
0.015526296773849417
0.01673179533764598
0.016949219124512766
0.01702389163186217
0.01730965459201537
0.0175496622897859
0.01750360417698616
0.01571265631157616
0.015394302594160475
0.015301952977518967
0.015772514033043042
0.016410926468658268
0.016659449144492522
0.018089973030481866
0.018361778795420378
0.018430674680753555
0.01732715548145052
0.017671789662195007
0.01764227799807677
0.017538522433289284
0.017417149381118633
0.01737634385487254
0.01768917889000243
0.017747043279671144
0.019985288051249352
0.02377418571679057
0.023837507804273184
0.023573363557336312
0.02574153684223321
0.02590930211527172
0.026336253795079253
0.026598394908201994
0.02854750379005977
0.028739880595986977
0.02872263536922888
0.029292497909862963
0.029207429513568094
0.029230001302417947
0.02957444553207003
0.029996404074668245
0.03079112540772781
0.031011301051822482
0.031050562790663466
0.031030836048346912
0.0308808509252458
0.03116576679421706
0.03112180248837711
0.03098769034238738
0.028421563881779247
0.027550877660028644
0.027400764771833314
0.027337956285934925
0.027205506393404372
0.027354993539165595
0.02832839174324371
0.0289886636994726
0.029115974250848855
0.02963063584991078
0.02944336706256745
0.02923459253365832
0.02904525726231912
0.027619516736799004
0.027476850200180838
0.02941169025514968
0.028704678234549568
0.028443627205014196
0.0289534717280454
0.02943006198318382
0.029660123620136754
0.03009894329598639
0.02979869882723954
0.029683143710591536
0.027455560026845714
0.023678112152745835
0.02350281344193729
0.023796285812631573
0.021841172527656934
0.02201286025875444
0.0218454872390197
0.023364031601041668
0.021602114854084375
0.02133205698551059
0.021447499300947623
0.023075798264166326
0.02308184318178703
0.023062825861625738
0.022578849200546137
0.02337684009933019
0.023504530749036513
0.02326137478024413
0.023134681798109662
0.024081434172413624
0.024157293663160263
0.02441850528178449
0.024626893811126788
0.024432861884384455
0.02469466939986793
0.02473518832147792
0.02467203944005038
0.024608901733703833
0.024860544611028743
0.024465804471199656
0.023990162285270858
0.023506139655572317
0.023632599201570726
0.02307104448056393
0.023503502898963222
0.023248711332522386
0.023157649285177263
0.023492756386604922
0.023780831702700914
0.021851149158211357
0.022027875735347136
0.022309788607298337
0.021813881188211842
0.02141675719568321
0.02122010231312686
0.02095001337606726
0.02095608929222258
0.020876666475580063
0.020789785542208058
0.021120347287880592
0.02110286199041639
0.020697073773652847
0.020139251573521966
0.01990529752887796
0.01961244487430006
0.018332586433366563
0.01786268730162253
0.018264887120038906
0.01881960816795956
0.017677769324640675
0.017619652378663007
0.01782052778841915
0.017848592327924958
0.01660622287545178
0.015497595723866392
0.016355635271124054
0.017298280368897474
0.016388289436999524
0.016691846172751938
0.01619701251080838
0.016233835215751526
0.016498035438407832
0.016297327061174146
0.016354017502206594
0.016328093366060382
0.016422305748678857
0.01835493759529029
0.018304770857309836
0.01918635002500749
0.021359341731196652
0.021752824302762198
0.02192409143865948
0.021259182732123145
0.021315004416724858
0.021946813737395977
0.02154933585133752
0.020953910349053178
0.0208122650343646
0.020247176920309612
0.019970759272772073
0.02013751356019376
0.020345464467395036
0.020273691263321132
0.021544997764569893
0.02179635786055868
0.02187221952796718
0.02222887674331589
0.02173474906237767
0.021840542040983114
0.024374038170464147
0.025109735734777178
0.025280861689433595
0.025564466367365358
0.025280245188442994
0.02587550094645023
0.025447623354481502
0.0248937448481151
0.02616762976313895
0.02687974464198101
0.02655746245599554
0.02654231423655033
0.02670145052380038
0.026621058258520458
0.025859503172940248
0.02625961481685889
0.0265846997276485
0.026222176886612585
0.026340102880136187
0.02585565752501488
0.0257249204602228
0.025645818914985047
0.0253555426148951
0.02540605331305008
0.02518551993841466
0.0228439511375943
0.022820596134061493
0.02152589503943217
0.020627133478773037
0.01988886369843443
0.020055187296694105
0.020590534837564085
0.02103031285315334
0.020611530368853007
0.02062340070063152
0.021171860199788742
0.021522175282765038
0.021570012371078976
0.02155940102929821
0.021411921246266164
0.021083490007130234
0.021440201138823875
0.020260508104866706
0.020202487689371003
0.02025053041022751
0.019981062259231862
0.02066140003157278
0.02063714248674166
0.01798893371092473
0.01773820856549169
0.017817290254764664
0.017781304417769195
0.018052816366191812
0.017383981997425642
0.01738823259993758
0.01721223523059036
0.014888671225492629
0.014004850063836035
0.014162524307150788
0.014349355879178398
0.014066991491954256
0.014239623429267143
0.014222767830633745
0.013077730413961918
0.014049230025321035
0.014502259597271
0.014323354248050578
0.014714219283560913
0.014678490478050497
0.014325261492666594
0.017046960084933446
0.017034288620641297
0.01743433400414452
0.01747039126612934
0.017495792140118534
0.017350877266627898
0.015984779145898523
0.01592825578065212
0.01555131890242973
0.015386536835415576
0.014890332120735707
0.014448661650499892
0.014606790655140048
0.01405076149168095
0.013690364419193933
0.013711455237254219
0.01421654751397562
0.014451903356070113
0.015436456067379636
0.015119345347913192
0.014990985630584373
0.014887638316973602
0.015444204441470656
0.01530222530161277
0.014988491729124144
0.01541943326966551
0.015564138861703656
0.014976279481108417
0.014746029828274644
0.014655902996690442
0.014253534148624306
0.014429171351735881
0.01460120363088073
0.01481548026846946
0.014823409517080414
0.015232855720635189
0.015487679402248017
0.015527874919875742
0.015539457972113119
0.015774637069650675
0.01592951367077368
0.015784940591255233
0.015309905745877457
0.014984521672372944
0.015022430825131489
0.014892484327974924
0.015392571539224945
0.015928414065546948
0.01357240577686168
0.01371723686031321
0.013871441861090133
0.013937709516810434
0.01437516123649925
0.01446860771261096
0.014542981326536246
0.01460419479826093
0.014770980075890812
0.014958346488372548
0.014816047988093538
0.014919907435727716
0.015128934938542659
0.016209906269564155
0.016246259994505113
0.016051437768313494
0.01553336746055326
0.015646833383500973
0.014747224673135115
0.014677990162285685
0.014671208929243803
0.015040193499135107
0.014528281564444847
0.01443117446875123
0.014054438009377807
0.013534542225922958
0.013440461844556198
0.013433665518804677
0.013634929050297374
0.015213047933751321
0.015296687951855887
0.015443642103493594
0.015529357370503769
0.015703566850503087
0.015520360075428868
0.015507541271690623
0.015366901210489399
0.015335348543228456
0.015448764046190389
0.015300347936855961
0.0159595115133098
0.01610957425182014
0.015249324637544965
0.015230596210117693
0.01521290586329901
0.014897534054966114
0.014386847610515133
0.013771464584075079
0.013377278116388691
0.014158450121354077
0.01360345351462964
0.013495008652646556
0.01310228378228063
0.013030620594174125
0.012875954704493113
0.013275383884486519
0.0132729295646367
0.012688096271094941
0.012800055345576279
0.012683220716359358
0.013028661045163514
0.01239392120789422
0.012580978677677108
0.013339574325431114
0.014095854500987735
0.01371905264140761
0.01362067500325464
0.014300851381583846
0.014459815044601095
0.014388204261581395
0.014487128495945384
0.014740526482152976
0.014968036528328848
0.01666165667281672
0.01707577103107698
0.017058532685852317
0.017052678636380412
0.015505938993846951
0.01644599144168126
0.016739745382247696
0.016593806640727262
0.01617075780735905
0.016441612365942788
0.016474279364569012
0.016812743738604415
0.016759078407826446
0.016770508983432842
0.017177955789521766
0.016401352411389857
0.016970452449309767
0.01741726355847894
0.01734701858795946
0.01774507339205962
0.017694867807073543
0.01791276130470312
0.01832448785656627
0.018261728432366536
0.017252342515658367
0.017259199259683576
0.017759858171123234
0.01795002609879588
0.018004766553817293
0.01849109280470246
0.018161247050063084
0.017984713365094048
0.017985355660440253
0.019419459600225158
0.019566574010732047
0.018977054905979358
0.018796876098869774
0.018570670478533374
0.017988168352336634
0.01854784012010377
0.018611395458961157
0.018999556595819474
0.01859891283686894
0.01883347418119653
0.018943042675697862
0.018744930569449553
0.01873507977344592
0.018636590372222494
0.017247083517235803
0.017056040662676165
0.017857469621066907
0.017563966876883275
0.017423488666761158
0.016323282681248625
0.015870482772563147
0.01581413215144341
0.0164856788989482
0.016282496462952944
0.015879225480974566
0.01593289698112173
0.01589893437112957
0.01573869362438964
0.015288521257501665
0.015362794562806625
0.014800228165827434
0.014318222709818638
0.014404388681762068
0.014474203972967807
0.014774493506178368
0.014425921448420387
0.014739645684616415
0.014704400467471153
0.014638603527854335
0.014811994877348933
0.014963930422757439
0.016250155453615092
0.016266367038555468
0.01579239964957734
0.015851251152343936
0.01598783994655822
0.01602719721253369
0.014633721577626116
0.014875241697359105
0.014835825461038663
0.014820974799242286
0.014882094822194934
0.014955239905089129
0.01437225459312125
0.014308491318128695
0.01398899966830889
0.013792197207559892
0.013296692527253783
0.012772437761939965
0.012853518925098473
0.013631311031786851
0.014406557118058843
0.014703408039893437
0.014848190042085386
0.014097693221855853
0.014520481939077479
0.015186953119983589
0.015326600506522287
0.015408343056329099
0.015589094768902407
0.01506757393767965
0.01515058805816912
0.015112996615746555
0.014437980224187763
0.014481300246248628
0.01644142741451857
0.016510454525806618
0.01691142618919093
0.01671890390481414
0.01675121379477054
0.017647952241253078
0.017267139061858925
0.01767111068966756
0.017556686067983548
0.017067416625499467
0.017852762822763
0.017874743666542868
0.01784064552996665
0.01727463122726658
0.015903340870852146
0.016040746714462095
0.016166741689333766
0.01717333601412736
0.017262828307898204
0.017226298908181267
0.01728239883201205
0.016931220618384812
0.016955931825616558
0.016780984356153886
0.016741639748228343
0.01695511526279312
0.016440047093089116
0.016383760144810397
0.016377891904245212
0.01717708992894556
0.01713016581115927
0.01736861564311545
0.01723148736936201
0.016415188051959104
0.015582202161859295
0.015057038655704137
0.014870225829312878
0.014845955615179885
0.01512232817856276
0.015295586760826367
0.015211888022538365
0.0151248494737412
0.0149370278751075
0.014803801524075413
0.014819976537964373
0.01489631207520374
0.014940216193025622
0.015046906637131532
0.013191122044156553
0.013253047341555718
0.013421177008650533
0.013309439013921067
0.01380434813984032
0.012962189956317066
0.012856210160221695
0.012162047009855561
0.012320144297052133
0.012189378921782712
0.011436303336065483
0.0130663211672738
0.013762904931066702
0.013870424834707296
0.014160720122800861
0.013978622812962528
0.013823595916791944
0.013458979667792642
0.013902939083337272
0.014167681735340332
0.014844555020619883
0.015199823261975871
0.015087927323689061
0.015041867622524402
0.01564360870109932
0.015569353149396037
0.015392699925834273
0.01547058273261321
0.01547749238425431
0.0146097175724145
0.015029607397023465
0.015718378332243228
0.015825026495153674
0.016201231166496043
0.016464545331555894
0.017190150999697226
0.017098211795617022
0.017080398429763895
0.016544945934139306
0.015943855439681555
0.016142318449962948
0.016018528176506962
0.015899158833628062
0.015944086603955455
0.015888459842297056
0.01581581264867937
0.015787138038502475
0.015573188456637703
0.015509075696727966
0.015193397602537516
0.014612965344196024
0.014797187707899291
0.014269159320487558
0.01405481603642726
0.014133014659742107
0.014161468793044973
0.014012916574224864
0.01460977894551181
0.014736298775283513
0.013079247401922978
0.012386332136710622
0.012290536516293415
0.012082189423179693
0.012454029827523118
0.012718128464818559
0.012087623410180723
0.011440575948984575
0.011738328155548436
0.011162566108502575
0.011091380746199806
0.011454299422845359
0.011451186172964173
0.010879408508911946
0.010598382893526931
0.010913942527454479
0.011047513892321746
0.01096999707673782
0.011092946920352363
0.010719001724847027
0.01023186230098968
0.010412855190164287
0.009847876882025564
0.009771892468932102
0.009016208706698418
0.009179925952569988
0.00919550416853737
0.00908670793824059
0.009580361856447839
0.009372835890980988
0.009361836374492137
0.009298939375211134
0.009229466882818668
0.009118990737526403
0.009536182345433906
0.009849174868862392
0.009861985445625701
0.010325715886706293
0.010521739040090008
0.010347003994549327
0.010278443946728113
0.01065552707789435
0.010738446552546986
0.011217082221510763
0.01120162906653114
0.011434774676642353
0.01072601464935565
0.010699815344546337
0.011012190819943472
0.010962427486940303
0.011032267282720309
0.010781878606614134
0.010376677921223777
0.010581349874803218
0.010473137901466326
0.010622380254946539
0.010032126552965183
0.009691464395839287
0.009646370456290446
0.009974845972390723
0.010155688831069324
0.010154198256916989
0.010520065063155887
0.010092962484528624
0.009872998958318002
0.009981334312483095
0.010709216752783815
0.010983034637004717
0.010532172987262728
0.010527921666298137
0.01075854666796647
0.010548355472767291
0.010552278235477802
0.010179856148971189
0.010533983525340693
0.010477670098397724
0.009799132147767708
0.009759425896077414
0.009668730453611702
0.009729783275562206
0.010036520759599639
0.010125684001485379
0.01010272726265569
0.00992788381568528
0.009891801463813722
0.009440583452945137
0.009261947639499444
0.009318973477696694
0.009395410361309609
0.009010200828674238
0.008957306460155813
0.008460637489749177
0.008426667412621778
0.008132693566228385
0.009720933802716455
0.009548375239929631
0.009280932950863022
0.009965958624053297
0.011719503326518712
0.011749791161861353
0.011883353912648989
0.01149290630789873
0.011496542396104934
0.012201996185792707
0.012314107328098366
0.01257408362445509
0.012472299707993705
0.012078116985440117
0.011877037912276107
0.013124624152645896
0.01268961850076713
0.01339242180381265
0.01377270525495014
0.013780632676622183
0.013718891986412058
0.013624587378668037
0.01366144291378829
0.013488897887832321
0.013327574783118462
0.013788862741265008
0.014268653487925874
0.014280375554478204
0.013895993195118925
0.014127372293905342
0.014554863152908134
0.014530226150761993
0.014667433200816442
0.014949750852652509
0.01486671639895766
0.014770017373626427
0.014378670174460527
0.01426212697039083
0.014356016047048276
0.014347645809547971
0.014561004394232345
0.014573111844831602
0.014424724617551931
0.014462780996031802
0.014649375845350433
0.014666661554255049
0.014784506796156562
0.014807847585776295
0.013204015569544168
0.0133220340705453
0.013431213280984932
0.012821987728573889
0.01096024783494251
0.010933079701215898
0.010784567051417325
0.010716103525935402
0.010693828667709031
0.009977150588939132
0.010186575002166678
0.010857132208969866
0.010681260293470744
0.0106841413632079
0.010846386094023096
0.009617042546817408
0.00957921376186669
0.00902889209853779
0.008694280563937146
0.008737384050458414
0.008071610251422971
0.007859114660397789
0.008018794560696518
0.008373424353587212
0.008274773190437042
0.007989866541248605
0.007683442678794241
0.00780951384028565
0.00787703015009636
0.007924951310822331
0.007707172592769437
0.008170091660432607
0.008951066242736873
0.008669511629800827
0.008624850421558496
0.008793174511118563
0.009284146629871813
0.009469686944540803
0.009825151477123126
0.010512987652987887
0.010386433227122868
0.010299273811883516
0.010287836494284936
0.010385945195632488
0.010193844660450554
0.01013711379003149
0.01006239869068935
0.010021485854105705
0.0101117235168791
0.010014713227692025
0.00990239666775663
0.009731202796626424
0.009685594031320065
0.009761040413412832
0.00986832779794263
0.01016212745058044
0.010102965255441765
0.00997965129692995
0.009693640750251774
0.008812629114730325
0.00886822221354941
0.008559640848017488
0.008583604953530924
0.008490730548526613
0.00847736730799916
0.008280901988279327
0.008247824617272697
0.008113797539899477
0.008017871199923955
0.008057284146321621
0.008006299860552535
0.008327089459761185
0.00859306547617358
0.008456104489991841
0.008218776942000693
0.008290990386870733
0.008854047161287905
0.008556759219252785
0.008292823423449941
0.008043479941567835
0.00720194570249598
0.007162160506488948
0.007286189356885293
0.007603023081243415
0.0072993217352615375
0.007101522311819036
0.006784548087188951
0.006176426334464378
0.00631588343672894
0.006361758916576451
0.006336315098343714
0.0062579285628492605
0.006594690213560552
0.007481909916412133
0.0074928897304159135
0.007922717784844378
0.007818729035172617
0.007867245803000408
0.00797811479550156
0.00820691268947284
0.008735065850552143
0.011122860077065741
0.011659696552504385
0.011578682384600025
0.011763940021601823
0.01207556195815252
0.012155951065432366
0.01228179408274839
0.012331745119310263
0.012549771089278064
0.01242689327233562
0.012927474886181864
0.012947140331492494
0.013033246928472507
0.013258747709242867
0.013250265639131002
0.013270433632941786
0.013356314929375947
0.013228954973671823
0.012891662107075113
0.01298042895921383
0.014555395789868142
0.014742116066383532
0.01460666684784872
0.014704220282410781
0.015179726578699662
0.015331467324614862
0.015169431457043761
0.01620308268110274
0.01631008335932146
0.016256140253665268
0.015833294487850664
0.015733029557124963
0.015729299639292305
0.015585012284271513
0.015563940843560857
0.015974748426076827
0.016169697792651663
0.01631253203147871
0.01671922945076326
0.01638576296687355
0.01565696697499876
0.015753088278467452
0.015663999388188247
0.01568305984569322
0.01560210117608947
0.015474299587035091
0.01535396336619072
0.014929586984996092
0.012547421204803245
0.011895467936089114
0.011725547583305148
0.01151053633059973
0.01123016846387942
0.011238121593126649
0.011087788937412297
0.011132689682278827
0.01086040807079018
0.010821201146120995
0.010543128031958835
0.010528727000690035
0.010470285790314436
0.010426298619796841
0.010479570570446302
0.010550515550030124
0.010592535491382097
0.010621793965715628
0.010176351649996267
0.009934088040369481
0.00834092150486501
0.00819554381786688
0.008702173955780759
0.008052640913813911
0.007633890945008507
0.00800221017834884
0.007944955289569991
0.007576763382652175
0.007518728000711613
0.007254212990921479
0.007344063092960841
0.0073401472668361304
0.007603355085588725
0.00777795054449779
0.0077589068133486865
0.007402914309192662
0.007184487955738228
0.007150243608795383
0.0067921268835034005
0.0071890684560494385
0.007364828937563871
0.007284712354053434
0.007075749029627318
0.007166706849622719
0.007418322496848786
0.00941459580550831
0.009365181969615938
0.009401446717461239
0.009628961616511575
0.009744563442535568
0.010213771293045267
0.01027487187726026
0.010259450520819002
0.010240454021386448
0.010206018239683532
0.01031807932423191
0.010375560727282605
0.010821825024657875
0.01089342814728903
0.011305985821639103
0.011371237350700676
0.011269087324162666
0.011454549098883493
0.011336314185031336
0.011424258434958286
0.011492184186174889
0.011715316361595401
0.012031288842099919
0.012170747786862848
0.01230945165767787
0.01177201178039542
0.011912491269852866
0.012013748593856675
0.012243456026731726
0.01263946282739084
0.012029014118258513
0.012552567794549956
0.012675849469293713
0.012610560387113168
0.012604238071310071
0.012346044537952648
0.012337313394525784
0.012282527673894414
0.011975137795064298
0.012431836929056939
0.012320399622584894
0.012441885269990592
0.012117493263700131
0.012182042922113022
0.012278344502703924
0.012569320303651375
0.012562759037825272
0.012416457164904068
0.010528074222484711
0.01059349616874921
0.010560468926377612
0.010427897852092624
0.010713837769833139
0.01047508883561358
0.01046749547525705
0.01046272965781738
0.010494160389237533
0.010697263820715603
0.010483468717510406
0.010519126333435493
0.010113719830247322
0.01135134767460094
0.011102929968795522
0.011056865907046368
0.010999236138742
0.010823660737788461
0.01221749957409344
0.011988338068527426
0.01211363048438103
0.01211096874501854
0.012268661072626662
0.012117295511645322
0.011946869868851727
0.012013767200859995
0.011857512338778894
0.011922357300164577
0.011114311624427694
0.010890575473612564
0.011062050015655312
0.010943337053501546
0.01091293715098996
0.010865520668175874
0.010859340493282613
0.012384930150333864
0.012231230981140206
0.01221914265157973
0.01219882305825958
0.011765861267000147
0.012040648282924435
0.012389523826381789
0.012479644241639262
0.012129191051870524
0.012308952450831375
0.012190674495852665
0.012280735660524428
0.012191458788516804
0.012094706465869734
0.011997583968651625
0.01197173645624204
0.011789008402133587
0.011689455649191308
0.01148509288617538
0.01148859298041781
0.011554491189017956
0.011733838920440142
0.011537175903488165
0.01172188467907327
0.011802300122210967
0.011704308721646293
0.010607362930927844
0.010525527365166015
0.010495895933849345
0.01074244650572251
0.010757143789010779
0.0095091079600614
0.009477468742106544
0.009280550382184274
0.009148872848192465
0.009386824941153891
0.009708700403628751
0.009782743309214253
0.009821155925157608
0.010000043125432474
0.009863872449263648
0.009917232472784336
0.009754252777020618
0.009789814610877263
0.009457464257567879
0.009490570701759727
0.009509611268850212
0.009464788447659283
0.007923201513837831
0.00799258648857601
0.010618445697831214
0.010735271696595217
0.010893956594717001
0.010673683442562329
0.010181661891978033
0.011130578978892467
0.011167013129448004
0.01081762516315877
0.01097334228205594
0.010916923783201533
0.011334871316227653
0.011357814468867548
0.011371541270147072
0.011320070213843856
0.011389717322884461
0.011111584089331413
0.011231749193139497
0.011583159213448201
0.01162978770011727
0.01148487938268318
0.011482476580385599
0.011419083311826554
0.011345288132123573
0.011613664607110025
0.011173903885672638
0.011083653826058727
0.011005390480090145
0.010738263867035594
0.010693994039116061
0.010577237687250317
0.010591464243285137
0.010562326315664804
0.010616020685044658
0.010168832186703445
0.010499499682930217
0.010580610093515403
0.01059400334982101
0.010529781684207993
0.010563773426474849
0.010552296410885046
0.010586827125621827
0.010409496087159962
0.010418499240301715
0.010435573807491544
0.010553444768036303
0.010576600297600653
0.010586214209418856
0.01067178474837959
0.008836361712433892
0.00884006593734755
0.00873731300771659
0.008859132578146984
0.009089602386721107
0.008021669676410006
0.008011662158459533
0.008131278189868151
0.0077946862018240795
0.007655740453424132
0.007218855892635997
0.0071688253844560505
0.007258103915728709
0.007697044194181216
0.007819704669401937
0.007825024009867431
0.007635245539385677
0.007484987375098579
0.007540509850522837
0.00740587488868462
0.007836204479432504
0.007729459857561926
0.007646779277934261
0.007479940953561655
0.0079544260326574
0.007994567796081924
0.008125349966959067
0.008252169101531367
0.008477537299020257
0.008657662698759814
0.008949498077206105
0.008985483288314692
0.008841466738222226
0.009129858771429807
0.008724309918866026
0.008591177440795836
0.008665653966258029
0.00859290450663626
0.008762186992425293
0.008889574416564933
0.00886615334675009
0.008978700657505894
0.008843031164568917
0.009013500763012503
0.008979395153036996
0.00895291702826877
0.009139403276681122
0.008968759601659911
0.008196846915502288
0.008140922012904703
0.008517848330146847
0.008485582686265222
0.008549826001618492
0.008776700421501294
0.008698956262035465
0.008581500785626478
0.00853869108435657
0.008836380978585861
0.009160133895832461
0.009144886037899855
0.009126481946865073
0.00871795852672405
0.008517230906132421
0.008517078812261202
0.008518938693689446
0.0082900295660264
0.008098677078700964
0.00816673046362275
0.007731635862002544
0.007729098897256213
0.007841142082402388
0.0077881820187541756
0.007952569741493392
0.008176006475401112
0.00838164253811373
0.00856029224223605
0.00886857975933261
0.011018426965140061
0.01089894718996192
0.011022033368260535
0.011155939801977835
0.010482170753005324
0.010200443973354357
0.010255097609962795
0.010051536638269862
0.01003363125098026
0.009934939705971183
0.00980770407880861
0.010030007482752264
0.009803623264717105
0.010126618670236244
0.009795595165434934
0.010052733094296105
0.010195912181829416
0.010016621155771573
0.01002553379255428
0.009955730610005467
0.009966079134618352
0.009577213230493245
0.009574796373588214
0.009237414234116689
0.009047538359239021
0.00930736423635132
0.009427708840112877
0.009353098743360119
0.009106207496589077
0.008909521349479577
0.008941185694100419
0.008872740736225166
0.009475351024011057
0.009654586511265528
0.00972058956696978
0.009855835618075738
0.010631155501618908
0.010648908157172602
0.0109136594023806
0.011275442112698611
0.01118912393456991
0.01138697425227272
0.01137651595325026
0.010777478249805796
0.010954842459976586
0.010946650277919004
0.010676903772672518
0.010245441555812007
0.00830787163070133
0.00812419822218177
0.008011580332590258
0.0078668679462097
0.007883830811221753
0.007861646054116501
0.007765300725711772
0.007691230543868944
0.007630123037094885
0.007495518082026899
0.007571971193895245
0.007348914906717532
0.007288798487968112
0.007598363145102531
0.007609319647107401
0.0073647727994197885
0.007272072517108044
0.007387740747739788
0.007376991776234476
0.007703929196269946
0.007808046620976308
0.007806620307987944
0.007662486640488019
0.00792250878035848
0.007838197099552625
0.007659903581752201
0.007726031431676831
0.007795743847587668
0.00785757954582422
0.007910595642760237
0.007920215171297
0.007899318827575266
0.007737355914042089
0.00756133581935951
0.007727533602632162
0.007713817110010945
0.006965381413444449
0.007046499941599807
0.006677945126990131
0.006360625762981326
0.006506720134470522
0.007355700743195891
0.007402637294412698
0.0073817183930514375
0.007074050460252004
0.006863902151843327
0.006973579563011028
0.00709627828823921
0.006631317749712504
0.006642179834104092
0.006756639411125473
0.006758001609464552
0.007047964601804121
0.007154167949785874
0.007230774285252325
0.007348309908199873
0.007324551013258008
0.007398858922944288
0.0073876519521643815
0.007462529595373381
0.007653740706306975
0.007106816315439482
0.007229147934864858
0.007110785331335427
0.0071846556015728565
0.007033627141901459
0.007032484293899113
0.0074530774174689784
0.007922433036344595
0.008198524619274639
0.008325956572154805
0.008325952666719675
0.008749313432131216
0.008768071511562663
0.008755784774021771
0.00927939159092788
0.009690393361740279
0.009780735493348309
0.009881652144105585
0.009893899051227234
0.009450418794652185
0.00996401055690178
0.009810805024009498
0.009823806630507447
0.009852469480430486
0.009737574330892267
0.009775701406106183
0.010094445283105734
0.010006447350736568
0.00906997202225338
0.009012637726260044
0.009114819892519584
0.009540590918995574
0.009880747673631262
0.009972948298495857
0.009711824902281932
0.009800228284446903
0.009837109035796971
0.009679952817458615
0.009772344290229707
0.009495364472635845
0.009417144485861085
0.009646871885844382
0.00968978249587554
0.009756911198976788
0.009741236203086253
0.009671764265761195
0.00992229909061636
0.009968829564394653
0.009957804288259637
0.012787753180064643
0.01307773241790209
0.01307507622499676
0.013141999500018644
0.013239886315528545
0.012522965499465263
0.012293231908934709
0.012175831918752843
0.012335173374083826
0.012388750533877542
0.012106271598890867
0.012129964344090687
0.012871110331189173
0.012330595417298244
0.011838411818283033
0.011659568519045623
0.012475560608342982
0.01265254900897183
0.012675717057376752
0.012326739473655243
0.012347261533303735
0.012889283480323298
0.012815620252609574
0.012918595086699255
0.013194078988800671
0.012859615646633423
0.01296469991782552
0.01283591669129385
0.013244549402806498
0.013203055681890606
0.013525628870378866
0.013202361110617665
0.013378961478813544
0.01341845960500689
0.013317532056456749
0.013325713284827264
0.01371479949362469
0.013635375707309943
0.013768937404188927
0.01402265334696721
0.013766888675453755
0.013784442444077267
0.014443973456271443
0.014357234391155676
0.014740671163212947
0.01445097457252485
0.014244907558919216
0.014505163541736496
0.011585781823294719
0.011637034592925102
0.011523875245417424
0.01184055440542948
0.011820506786405853
0.011818900616726647
0.011418248137739085
0.011270144989826647
0.011193723394902254
0.01098358894678062
0.010864060670720736
0.010991815063718866
0.010142889805199227
0.010252764884271792
0.010236779277442246
0.010225520384043937
0.009274603569558707
0.009195331814739272
0.009286055339934577
0.009332116164892957
0.0092415215366918
0.008627556056181318
0.008709977736744536
0.009301780656222862
0.009212087934883918
0.00929216800809205
0.009235115555745499
0.009259921727033158
0.008874826851906792
0.008901226556597877
0.008314416103195351
0.008379775920152419
0.007979545995994847
0.008002343670391914
0.008457332355171909
0.008479758913103746
0.00807065348246983
0.008184862022579016
0.008228354799081836
0.008052473456132114
0.008449050336940133
0.008443249667581238
0.007778461927671527
0.007833546445661406
0.007508614781404983
0.007575180071091026
0.007843761830216006
0.007863730069632367
0.008074609617906858
0.00787155213635232
0.008125909303103035
0.007826645071305243
0.007896373474725675
0.007882164941512166
0.007881587822408349
0.007894636542536098
0.007910241979012586
0.007795167578645668
0.007959181576842039
0.007733833484512207
0.007679838139366451
0.0075673924949362335
0.007654067444398566
0.007635942295191277
0.007896031612606073
0.008044894167993193
0.007959275828743347
0.007810371675374364
0.00785963743456853
0.008001292858689236
0.008223597141473886
0.007520580593517615
0.007585304371004403
0.007554942904290148
0.007538440362939895
0.007647528499775329
0.007631146936908534
0.0077397439423015635
0.007525051042405066
0.007347741234819495
0.007366669926123147
0.007979192423276403
0.008286403143521234
0.008373485691991688
0.008835054105162452
0.008877673126026298
0.008834669171655879
0.00873398850342893
0.008452940300601083
0.009109152239313866
0.009093475456432297
0.009158165045698817
0.009185162018299222
0.009128329520137321
0.008828182595721717
0.008448559104935466
0.008648615501167658
0.008516436282907146
0.008299378681946797
0.008458607028463723
0.008407314018205523
0.008675805502854973
0.009516564551811376
0.009712748027168547
0.009805078173531536
0.009832284687049733
0.010052027652439545
0.010084808973523806
0.010113978603701826
0.010119964870631952
0.010017759888200329
0.010012716210444856
0.009860936644192733
0.010050999573155577
0.010255314178780926
0.010483379499107473
0.01047886411384102
0.010382974354312537
0.01011793810059085
0.010142646811430235
0.00991015310363083
0.009963442982588087
0.009942680802294266
0.009755395674136736
0.009847646550726402
0.009801980828858055
0.009826127146214508
0.009859344894569843
0.009859660500017688
0.009207216708141739
0.008699074769366778
0.009063188220811237
0.008628743316368273
0.008483957933926251
0.008369679073655592
0.00855943619468399
0.008638407486197172
0.007955779015060697
0.007906725008848
0.007788781812583859
0.00806169430036841
0.008108948840441164
0.008232260026606408
0.008663457631485485
0.008218181194899737
0.0081986036171639
0.008256411067264118
0.008006904464648983
0.008005577215017955
0.008156136424595901
0.007364359719246957
0.007125535156472053
0.00683361093706097
0.007005561879628611
0.006720561045402297
0.00677406268521603
0.006745646143869829
0.006838398408143265
0.0071992989788760816
0.0071673316307212355
0.007128298505256908
0.00684424745405465
0.006541462936906783
0.006278643307959023
0.006203505529533398
0.006108357251667835
0.006098687325843829
0.006244120799882898
0.006215768406267855
0.006158283451724194
0.006086287564878708
0.006061348225893445
0.005989533382598077
0.005901416447461055
0.005840653193885443
0.006077969814094569
0.007149428613829286
0.007249489586125026
0.007106174085792273
0.006575476104656707
0.006838799553892863
0.00687697215730674
0.006869674767845933
0.006720326084264571
0.006537328236475908
0.006412266817792676
0.006456533097319322
0.006447675368609812
0.006149334051739172
0.006231702554220231
0.006142109222465431
0.005729267774404439
0.005751088486777748
0.005791458785140432
0.005685720423564528
0.005699756717027157
0.00558892113467099
0.005198755701429771
0.00538596149435401
0.005358134530706411
0.0055542681494048585
0.005542177146773118
0.005483510084794053
0.00537320285711138
0.00545934049165622
0.005293697597159061
0.004982003434963825
0.0049890165211340124
0.004964785737848305
0.004809929845685043
0.004966813502405303
0.005013355291959493
0.005173547531214302
0.005175200797121475
0.005295661401699095
0.00533133455086703
0.005431388273399382
0.0054179663046607885
0.005437157301062155
0.005412213346087759
0.005395668567196747
0.005310580955489597
0.0052661032962551075
0.004979112269367769
0.003925847009316494
0.0038966462402073277
0.003822739463828509
0.0038313059798283796
0.0036870882654945285
0.0036967965623635247
0.0037446796789640407
0.004093346465245285
0.0040994194335417155
0.0041113556150756715
0.004075615402633872
0.004036503670068353
0.004168690716497343
0.004030228188527499
0.0041332301973722825
0.004199387773908267
0.0043986142999461785
0.004462940104922299
0.004566698929210774
0.004636714487492572
0.004636460039219498
0.004621920999404667
0.004441113727291263
0.004383880317423973
0.00420745114346243
0.004214631308003117
0.004447509923697077
0.00446817450721375
0.0046168809936259604
0.0049112406385296336
0.004858929589669269
0.004939850592703315
0.005479332004686674
0.005470897754474099
0.0053266864392695614
0.005567315993380725
0.005474753393029864
0.005487153285913784
0.0054224150769375075
0.005241833859252139
0.005450081142678517
0.005396395051921271
0.0054352761269136655
0.005477374064546829
0.0056146463700685
0.006415435176735651
0.006591288738244379
0.006726630444899896
0.006658114359188124
0.0065767323143916525
0.006546453218748875
0.006578722355848887
0.006479567416423433
0.006556912606685265
0.0065499307626637375
0.006337061128577584
0.00628701132663248
0.006307574757005031
0.0064402983366016004
0.006476049939991987
0.006266276317291145
0.006396028192572644
0.006256565770792214
0.00621342083362364
0.006299051591474994
0.006253554227803409
0.006160546872499908
0.006261127312802519
0.006314977324369934
0.006284246176855516
0.006668833080533906
0.0067021467774912155
0.006777641008992904
0.008319230528382897
0.008318894843361381
0.008395494849222813
0.008140770090119372
0.008215541412963958
0.00821652544128904
0.008367258370463412
0.008326365717241692
0.008448997860033444
0.008601019724642977
0.008297059711142753
0.008336739047906975
0.008407421336284733
0.008494573597566299
0.008502655041548412
0.008301484234563975
0.008319302542583997
0.008360486717292675
0.008414222516961887
0.008251180209159414
0.007467744049972961
0.007289448555012907
0.007145797903421313
0.007236181007169836
0.007208319898283146
0.007272786474867401
0.007564724423183674
0.007539439652405806
0.007470315299661404
0.0074002149629648255
0.007260487505333459
0.007376015774783297
0.007323879423615095
0.007200677821522286
0.007809122130083449
0.009289952899522018
0.009160042164793348
0.009449024289444798
0.009552114929978065
0.009650918368528062
0.009605457873710347
0.009623723875163071
0.009485138702343176
0.009608385332303153
0.01012342883721391
0.010390555366541728
0.010448123890353628
0.010800963900319933
0.009070006586194309
0.009013542663185504
0.009740135525469868
0.009994908228339039
0.009746091942756356
0.00989636166395398
0.00967005481286532
0.009657667619330915
0.00961299093728674
0.009530823938104399
0.009623770587061486
0.009583706657221837
0.009512539528929963
0.009356364842335532
0.009412579365120079
0.009883322199577358
0.010650042728657003
0.012320480575470088
0.012437353458604182
0.012797139324366767
0.013741376802950156
0.013987201039765645
0.014078815047195789
0.014146340428159576
0.014338308586470075
0.014318443676930042
0.014508683210594944
0.0146600180940315
0.01457415756819682
0.014837451230237155
0.015206585494702128
0.015789174239350317
0.015839901127864403
0.015980331842572533
0.015401186387142787
0.014103724749152514
0.014087347073143347
0.014166126488999285
0.014288039036788639
0.013945604712227154
0.013896950664020642
0.013896417187793659
0.01399271839277771
0.014065930091160014
0.01357872013034407
0.012976543944135487
0.012908593618958063
0.012652479799583227
0.012837576852417027
0.013929862635331539
0.013230106533470218
0.013010517433223146
0.013258203692357938
0.013176097090096648
0.013159901064724944
0.012797374456452718
0.012854221035399885
0.013621942654808759
0.013893528244803081
0.014031133856353607
0.014130277791509577
0.014617137343069053
0.01467768902279328
0.014070816686665879
0.01337472242249855
0.01193890506246971
0.011897354490270727
0.012152016562455127
0.011200451094325522
0.010992304123947466
0.011037741068322641
0.010909132657457016
0.010736670981069623
0.010851612852302314
0.010338453554041215
0.010382634251014806
0.010435406101658329
0.010244066779150579
0.009989617778393757
0.009518993269574597
0.009498913350817527
0.009345974089097962
0.009650226864477541
0.010030923879598379
0.010056226487282948
0.009895035603271578
0.009677025342460456
0.009621033634835288
0.00967269004522749
0.009662463577479897
0.009678934995830616
0.009610831534779348
0.010148430917764859
0.010170321135409884
0.010230378605979326
0.01036597485791281
0.010183619051144233
0.008830971745617458
0.008787461563964647
0.009029869553402051
0.008696060616772033
0.008669188341961299
0.008657161633987697
0.008872254867449565
0.008898687831988132
0.008105913443665567
0.007928291378091172
0.007949532678153024
0.00794958369155932
0.007486940608807038
0.007486127484392088
0.007597134075509005
0.00831646471055174
0.008003358103472474
0.007944234735437929
0.007392529946013665
0.007536439928377751
0.007621218049157079
0.0075083542086687265
0.007513563646252635
0.007518213334807043
0.00746560818578717
0.007481218004115101
0.007269332077954018
0.007357289121746536
0.007643801688800778
0.007670863127599208
0.007461802149434488
0.0074333909239016295
0.007735637601917401
0.007489262650807006
0.007013307717562707
0.006994555526256667
0.0068234463720659765
0.006890291316217695
0.007505807613245648
0.007571268471694828
0.007577744220316619
0.007548820731182136
0.007988233606225357
0.0074297707240441
0.007294558880811729
0.007217019186737811
0.006867355667754131
0.007026418175519374
0.007178481287941754
0.007097215022935507
0.006958850923827256
0.006959320005054656
0.007016150845955918
0.007456531285318521
0.007141643857184702
0.007012944983077931
0.007049886740335812
0.006849207315119674
0.006635077329147113
0.00656709440558084
0.006524827211723048
0.006479206503726412
0.006429350959051703
0.005668779470332234
0.0063587414361342956
0.006339523524013883
0.0063266126830571175
0.006214205737643003
0.0061372471567667335
0.006341979354443936
0.006302964612664864
0.00647090644541094
0.006713191654319926
0.006859747158349916
0.00745413505017616
0.007505300720706584
0.0071653844171638255
0.00705265633614859
0.007100634697203086
0.007737297813205541
0.0078539617738967
0.00778965602968604
0.007810277752625311
0.00784569996162547
0.007857666110049094
0.007867353267443684
0.007271276213709331
0.007304078597020526
0.007367757050378135
0.007322046862362072
0.007061401506075149
0.008200056466027067
0.008525314218774208
0.008585341050978024
0.008604723391999601
0.008775631862265215
0.008753953039287983
0.008743812065950573
0.008609922462020416
0.008617134650683625
0.00861816636614031
0.008250334936185736
0.00820612411355501
0.008373002734525875
0.009997662532420331
0.010068753613822425
0.01004940663639846
0.010033899520055432
0.010087878268381053
0.009978125173766025
0.010666257482277836
0.010620972734869042
0.009935238069376628
0.010612816393803584
0.011565655097967503
0.01175178141308208
0.011933259706918574
0.011706681951727638
0.011863745840276484
0.011718982232745603
0.011475697490973005
0.011465434196754531
0.010892730289925755
0.010714209723023118
0.010736895751351455
0.010728548645903302
0.010654396919512659
0.010059043339686637
0.009705533421616721
0.009655470630708872
0.00955804974178579
0.009665036836981836
0.009630600011471766
0.010527421582369023
0.010678942746707538
0.010588390173217626
0.010631582226070788
0.011046861011340196
0.010685466575067186
0.009552730747919892
0.009296608915342472
0.009286313455472666
0.009297660974135247
0.00898863096451429
0.009822617524006363
0.010036022115906753
0.01015962092514939
0.010274910448553689
0.011238019368624272
0.011312054472600024
0.011562632334105497
0.011483565375492466
0.009848043351334686
0.009961688010549986
0.009996855894850195
0.009981469651758943
0.010209780199074838
0.010402660717329567
0.009672013590184573
0.009694302520513313
0.00967878537727154
0.008908106045497707
0.007916978806466404
0.007781515662638656
0.0077562998149868214
0.008163858292483556
0.008017431103339677
0.008121638973963704
0.008441326781544798
0.00836152357972859
0.00835111564896667
0.0087078635529836
0.009410372199288681
0.009436891401508399
0.00946519011596008
0.00964891959793547
0.011110851585346554
0.011300621772167526
0.011394386735246731
0.011264388653739604
0.011393172578541368
0.011212531899866327
0.011232337320341729
0.01137037415741188
0.01149795548160018
0.01100844710589225
0.011126737059960081
0.011135088502876802
0.011269435315396458
0.011561259675829737
0.01166478538031594
0.01165343572725709
0.011224424572267792
0.011032768218302609
0.011008334394349457
0.010854490992888058
0.009789639071693694
0.009660520627364869
0.009377881856181833
0.009547091641779417
0.009604573943647146
0.009571469859624357
0.009531036654322566
0.009718595684656703
0.009452150659273052
0.009430385643253691
0.009466335804443895
0.00944857860780752
0.009486415755267078
0.00963267736008923
0.00984381723610892
0.009919216594598964
0.009717189499511884
0.009395213531812906
0.009866388945646336
0.009995769414966984
0.010086699961613115
0.010147908230924515
0.01021344619467242
0.0098898708529455
0.009158828348681768
0.009399948964894196
0.009388098172194128
0.009174891255539065
0.008454488669445823
0.00826840837030087
0.008164468653041866
0.008140805711345029
0.008030614903923972
0.007702734181850656
0.007863059422930922
0.007750576851725973
0.007594082468280364
0.007611264648385455
0.007576724447865391
0.007702075032285756
0.0077447809381524235
0.007584118253027877
0.007530225013049295
0.007510783184638735
0.007122415502534388
0.007413790983832811
0.007410872295147016
0.007444588890594583
0.0075266781149623575
0.007608333849650192
0.007724299238222108
0.007544573107843402
0.007457946141997807
0.007404868110699542
0.007411134948395503
0.007274982892182165
0.007314262823904999
0.007669044953138619
0.007638819625535559
0.007702905775980702
0.008029494335577834
0.007949336697412731
0.007776391995450299
0.008049859412829893
0.008109941992162003
0.008213909966146805
0.00782623211322415
0.00760593749182786
0.007103033116637621
0.00703515981938075
0.007158775373348569
0.00718539796008565
0.007174521183873263
0.00696337580635771
0.007058944258493186
0.007074705769865019
0.006321118962078148
0.006401177173149117
0.006647645801917898
0.0066237216498814784
0.006909010801059514
0.006529880282323735
0.00616382723066211
0.006487375859000117
0.006467421780811829
0.006483430238855787
0.006403919662209926
0.0064511097173229025
0.006248671252474077
0.006077399213510105
0.006878684896996001
0.00694921098780997
0.007024648991009016
0.007003890841369487
0.007015673283463031
0.007004265451099373
0.006958853503803826
0.007026452703704358
0.007857693021764001
0.007940963124992095
0.008006995372778778
0.008157494298090326
0.00822301223516787
0.008137255781132658
0.00809527243291437
0.007588761123401387
0.007713804600030012
0.008405461457366802
0.008045616511643183
0.007972101760766362
0.007946483775317927
0.007604873833615257
0.007797719800488916
0.007636831264806881
0.007541055135518158
0.007518162826000071
0.007694466166560797
0.007642229399445384
0.007581584596738117
0.007721871779829344
0.00777833018576152
0.007693289996436752
0.0076007764524184404
0.007568906449648925
0.007539394010235065
0.00748564631148076
0.007225288330948595
0.007215527019955998
0.00694092982058759
0.0068233463364699145
0.007100603495076154
0.006786545847374408
0.006684622216816972
0.006652514466686545
0.006669198393137631
0.007406945699510507
0.007411257055185174
0.007456213653070986
0.0066727847511368335
0.006581870020335606
0.0063628859542001585
0.006082929808022375
0.006050801143767176
0.006037231655452768
0.006055649376206944
0.005956085224010049
0.0053876014403930715
0.005260681473258585
0.005169454908769089
0.004961003670187507
0.005039112714550336
0.005032822435040665
0.0050513235682430185
0.005067523413029756
0.00491516232390582
0.004228627187082066
0.004344796963252046
0.004521453954254893
0.004633307291508777
0.004535251421957708
0.004373307387733375
0.004346984921221585
0.0043994681251794945
0.004691576056517409
0.004591325323854594
0.004752720217412549
0.004612126736218005
0.004395566656819105
0.0043332979479821085
0.004311626611388031
0.004410927879368496
0.004539746165007212
0.004514908231810912
0.004738766896039897
0.004914653084589663
0.005054173669094528
0.005053641381480143
0.005056455813621665
0.00482537976221041
0.00473886725237083
0.004773206990885569
0.004822496817817121
0.005247357783163666
0.004407873736718414
0.00439952363235356
0.004360889100273743
0.00430463000821609
0.004415509171415894
0.004589614214976618
0.004631124429102621
0.004604754362334109
0.004602884343923163
0.004554650128580733
0.004528715079747979
0.004147960723647786
0.004059728940728148
0.004034086298376416
0.00422949540241136
0.004254189134859591
0.004527335177072214
0.004508673238216806
0.0045562132675811785
0.004703561809488212
0.004672358988119992
0.004630221951200056
0.004454894843920682
0.004340557464166893
0.004380285728259829
0.004327466482202344
0.004922937423830115
0.005396001086084294
0.005135811448010894
0.005140856490293477
0.004971375791829153
0.004983327697300093
0.005103896232721382
0.0052797238494614535
0.0053518746797156435
0.0052667194787845905
0.005255416870511709
0.005303266572386
0.005336893829791752
0.005288750042761269
0.005552538347444697
0.0055005189244000325
0.005553461813030369
0.005512955507825421
0.005573918389252356
0.005570157478823923
0.005586980942840881
0.00520882294583245
0.005144684432585982
0.005114450815511133
0.0051163825671997785
0.005128624458988185
0.005210673964750215
0.005105172163556022
0.005047038854990627
0.0052193505938950635
0.005249772916848716
0.005319116437114527
0.00534192529881599
0.005473727322758422
0.005688232370315822
0.005755980760590727
0.005523027180062062
0.005388752168245033
0.005127613328885954
0.0052932985421003595
0.005222536697805012
0.005184434648890534
0.005630841173463196
0.005608248650561431
0.00562924440935713
0.005629387609913036
0.00560604002757911
0.005591803424530288
0.005008115553541161
0.004481043253900015
0.0044140684634086345
0.004318514465167822
0.004490288343697622
0.004566189559118581
0.004465567902321007
0.004289279279610644
0.0044445485632213086
0.0044257292796530115
0.004306793044211977
0.0043360750981339055
0.004125036801150545
0.004019921767690548
0.003801230679895307
0.00382432599452912
0.003815721721420339
0.0039111221157464935
0.0038850554828459044
0.003937798503716768
0.00403836037890029
0.0044881255535332626
0.0046533186302652385
0.004731082819181973
0.004896718496245427
0.005218543271559086
0.005015522350527445
0.005098864277792655
0.005124895043271363
0.004943939248468064
0.005111321903644328
0.00512608365756364
0.005195195930164172
0.0051109815518332255
0.00490192618467631
0.004924469077671664
0.0049504810379672965
0.004943579474483011
0.005105878200565158
0.005000584062438034
0.00513955481693612
0.005139167152421836
0.005366097307190354
0.005481532335879118
0.006824979781709868
0.006844643217462004
0.0068946383745563155
0.0069948467203021615
0.007165361963820535
0.007215927716700705
0.007259673069747685
0.007262038516915747
0.007156747191790475
0.007183147058482812
0.007265583249584841
0.0073877289948409905
0.007161707139400966
0.007345689193098061
0.007364377885394097
0.007503776163489954
0.007516566721875856
0.008496212482166069
0.0084305972089226
0.008595014424113782
0.008664214684288046
0.008638790839780463
0.008636636657596841
0.008632456118909018
0.008604352359549832
0.008113891679813703
0.008109946398422748
0.008101672268453056
0.008143465896298331
0.007766802943869493
0.008045628514919237
0.00801969207190773
0.008046910668354423
0.008060143740326172
0.007859954120674606
0.007996476327116388
0.00790217565226091
0.00793072396223801
0.007983810601211392
0.0079851917648708
0.007957695713499075
0.008396518981784272
0.008272896950999802
0.008270652115042012
0.008356171975287105
0.008678248542144237
0.008139673989532747
0.008032115064031878
0.00694298008345245
0.007005828764954627
0.007048120820185393
0.006963405299468568
0.006877457505843628
0.007081193623038711
0.007311980250333056
0.007380057536011272
0.007291804726011764
0.00722508330157784
0.007304944418646322
0.007486537076608231
0.007567677202639036
0.007549621584331639
0.007645023618275925
0.007435536880751065
0.007378103719406507
0.0064715526193607755
0.0063815728319565265
0.006241585297844979
0.006113351963165467
0.006120769561292087
0.006224294851505753
0.006250491872653263
0.006172778601650238
0.0069016889054371216
0.006783395877915402
0.006703281228589581
0.006653799067685896
0.006977394465537218
0.006933923352088448
0.006929434514037438
0.006934750035684237
0.0071755578197565464
0.007306984167862157
0.007119538883273391
0.007097255622030407
0.007045629963340471
0.007021880232974943
0.006955194763661721
0.006956763409716041
0.006649655514390036
0.0066309603911876925
0.007111292000133661
0.006934266595225276
0.006593230262405352
0.006479078726601576
0.00647548669806954
0.006337251582013784
0.006278025587351268
0.006211075996559331
0.0062235051988264725
0.006322762109236039
0.006103288239615114
0.005920447964163074
0.005883952217227019
0.006020790702763022
0.005971556957242256
0.005813509396227211
0.005629204090522997
0.005573035232112039
0.0054125321756066476
0.005312427361894258
0.005398561091188089
0.005408957019757702
0.005356902665558296
0.005379305267398125
0.005327659109157085
0.005388568788107531
0.005311813459965111
0.0051851138648175
0.005165698934013387
0.005128204856551442
0.0043782820894736835
0.004665448005943506
0.004676303254854488
0.004660039879071405
0.004629518540739983
0.004390449586582566
0.0048560701578985645
0.004811599297056649
0.0045622804059936494
0.004817943485453354
0.004793880014653757
0.004837865533089213
0.004834072282724951
0.0049411726279876295
0.004943586374902358
0.004981859344114467
0.004831604226218
0.004797716406246674
0.004261604165282827
0.004338034951740575
0.004556396469439175
0.00463252305595435
0.0046032125753936465
0.0044535739355615325
0.004422894576104908
0.0044283971494008855
0.00445559478050359
0.004275048671417015
0.004276220576452998
0.004214382363538427
0.004184664807849639
0.0040917777960915265
0.004142782119971204
0.00412664792231288
0.004047269238508719
0.00401427961122266
0.004042087587122509
0.004047858137075845
0.003977469540653551
0.0039511168361528225
0.004083954193933305
0.004046850317093057
0.004049911225484441
0.004101001156703559
0.00410957265330238
0.004097160451646996
0.00485223989487948
0.005055675646542077
0.0053334037728560504
0.004988456198531496
0.005247006640370241
0.005729841308893421
0.005493916584212684
0.005512618306734422
0.004986514695139772
0.005148020832590884
0.005170042694243597
0.004971220912530168
0.004992196819679826
0.005019396669836439
0.005067735141299144
0.004963954641776119
0.004977019567567306
0.00504269598664324
0.005116855849658649
0.005182945184471107
0.005172896795165845
0.0051021821558124535
0.005000505299335539
0.004887753296554915
0.004977717222259568
0.005019045278091266
0.0050450007870467975
0.00505044405672227
0.005322794821999709
0.005465269481913133
0.005462552227603491
0.005536881454240254
0.005606195934302366
0.005587447635800162
0.00557070209162341
0.005570884303896147
0.005533887288151497
0.005532124418365317
0.0054872583023695505
0.005567886724670938
0.005874205098285415
0.005951430244283371
0.006100370776581856
0.00614241069400978
0.0063300103039415625
0.006249469429600135
0.006231521291654402
0.006225054011756628
0.0054091625174422986
0.005263465767201706
0.005077264573105421
0.005156870989503653
0.004884562921030631
0.00427776910479104
0.004256488830098089
0.004330439528900106
0.004293276848004467
0.004186060716145795
0.004145682458291679
0.0039704032448033685
0.004074840196566071
0.004004474232995651
0.00398022570480457
0.003983216132408304
0.004016126956321606
0.003978632952634089
0.0039027418918411334
0.003895466476319867
0.003925842549706646
0.0038961245819490163
0.0037073586349181758
0.003672221625431815
0.0035864575643867135
0.0035722795840823045
0.0035664159681005948
0.0035915074688546433
0.0033786055151891134
0.0034158449804005606
0.0035435869390315184
0.00395378726351851
0.0038788440489453215
0.003966982837236066
0.003941346893890941
0.004003018994545324
0.00468433740806451
0.0047742484236232
0.00476239918178702
0.004690699647216198
0.004366042732814491
0.0042767004211856805
0.003947410045758601
0.004088005493935748
0.0043185572044162745
0.004292012250167408
0.005426928535638677
0.005812005191186275
0.005926387292779194
0.005835875429908128
0.0057614881240842025
0.005795327030729484
0.005823847967841233
0.0059161743855435855
0.00635704633828502
0.006466781477142681
0.0066087039939762915
0.006626796009781513
0.006628292924037216
0.006671836737180033
0.006558873019903978
0.007594164931184712
0.008002003983523725
0.008026583865934533
0.008015901084753734
0.008270384708263
0.008501708540864511
0.008568725227922675
0.00859079064845784
0.008717356368541205
0.008981451901855873
0.009015495154007869
0.00903174884969645
0.009003248000575123
0.008994590731889693
0.009166232922945517
0.009243183162646171
0.009107973223205773
0.008967987023340977
0.008646101508073262
0.00885600151978777
0.008735866649715021
0.008737097368103198
0.008789653272492882
0.008139025733174739
0.008060003169846628
0.008262074453603233
0.008675385230361923
0.008894115675561094
0.009004075172921441
0.009606884600277312
0.00979530195898839
0.009411707866520328
0.00944031386983496
0.008409941045904265
0.008251166007496967
0.00827115852986682
0.008284672788959056
0.008273650429816622
0.00820282094307607
0.0081811288372311
0.008085494195920561
0.007671873902094097
0.0074667733353057575
0.0075091545405551125
0.007439236465885864
0.0074746654691809425
0.007844637900939134
0.007956812689849312
0.006957009602708304
0.006508200960663293
0.00645982364230447
0.006561289046482941
0.006390112577931785
0.0062739496415953775
0.00648766248702218
0.006428113865715488
0.006293529073012592
0.006066106069044092
0.006270725456724219
0.006473674042306819
0.006513748700931539
0.006506796390807967
0.00634427780100089
0.006170999761131837
0.006161077538396613
0.006184634759597654
0.005987215726583439
0.00595927522628423
0.006022539516873239
0.006009544852681743
0.005920378421824445
0.005918885248907143
0.0059820260191640945
0.005815711745037291
0.00538315047244252
0.00518667137746777
0.005180316725057718
0.0046267929040379775
0.004284522103044503
0.004256450276346965
0.004218438201878141
0.004171956702366194
0.004027782110480026
0.003923740615131825
0.00396320591021198
0.004037644006957911
0.004003442426012059
0.0039912121011059275
0.003999078702626425
0.003929612289413817
0.003949631288185421
0.003750375864237723
0.0038970660201786103
0.00385850068406416
0.003465039402619534
0.0033231704820285454
0.0032719074506708345
0.0033077295698244152
0.0033187047236857017
0.003350183982196471
0.0032192101345610157
0.0031083355966738534
0.0027630810452091595
0.0027568541107155305
0.0027313333720800897
0.0026882047285268318
0.0024551767235016855
0.002198594691649893
0.0022028727306264173
0.002204826061375264
0.0021958764728352838
0.0022249363351529204
0.002347225550630696
0.002474806505474555
0.0025110085201746654
0.0023543409835809453
0.002370699532645481
0.002410838845445964
0.002443243008815057
0.002473628602539023
0.0024194996536940475
0.0025321449340876324
0.0025412118489590214
0.002511844437428288
0.0024839916754119174
0.002459006732900813
0.0025296624773300286
0.002517548170493708
0.002607702443269413
0.0025942999968590085
0.0025208039406413967
0.0024669686083750365
0.0024412300062242043
0.0024189801318040462
0.0024009074067987625
0.0024117313802645072
0.002787603193638803
0.0028765683695886374
0.0030886208112838303
0.003108779626555823
0.002953085443229871
0.002977788379610089
0.003022275652953717
0.0031362355549015733
0.0031347481985127576
0.003142595719452399
0.003144745277165436
0.0031749963038944042
0.0031834768383584844
0.0032366794138865332
0.0033228605387952566
0.003430466288135609
0.00348665025958505
0.0035108611809087456
0.004848334265928328
0.004958534376087763
0.005629609012956495
0.0056945816909311706
0.005723695833590989
0.005658066326458255
0.0057306109190406775
0.0056868847190003485
0.005980338548353284
0.006063175776135174
0.006197836153157048
0.006195799119609514
0.006152071561979652
0.006157487666043839
0.006195189280580801
0.006051011930172982
0.00610555075270876
0.006152702454875575
0.006279878566520486
0.006284060954488542
0.0061656630590254296
0.006171799489280798
0.006240004618215042
0.007064519190636147
0.0072944066665396835
0.00743894833079554
0.007672593002530447
0.007634815715425122
0.00782055385165256
0.007803796163719523
0.007387650696816329
0.007375055690245176
0.007252818835102883
0.007218655077755192
0.007209098571790789
0.0071583690035698705
0.007153268410783673
0.007257332826150484
0.007297984651060341
0.00743390245066438
0.007475011668263598
0.007304910304056465
0.0073314602566439445
0.007266228774578572
0.0072151489598373635
0.008093046107262716
0.008847965728962482
0.008961015471666748
0.007662484314202487
0.007554290713876623
0.006906097594818156
0.007000840331008546
0.007102397992110049
0.007169087446419086
0.006938979025276197
0.006859653652769093
0.006662734415513019
0.00655491510371427
0.006473575622054077
0.006453852747945747
0.006704560289884666
0.0066943810097100835
0.00664480151495869
0.006643327062919746
0.0065756315804478315
0.0065987174310284625
0.006681497154774532
0.006744871209456177
0.006775964049118496
0.006770938146105118
0.006742338817834887
0.006053793753867314
0.005958392414301684
0.005851219058652668
0.0055948036971017094
0.005603448119725162
0.005464326662011018
0.005564411511521122
0.005627468062182929
0.005596529406519893
0.005525516674113033
0.005878988297270303
0.005879101598930322
0.005872148401744839
0.006682213691568065
0.006664663886604929
0.006731269603806113
0.006861727321706448
0.006804557030690502
0.006810506662972366
0.006780430375005669
0.007783296838606044
0.008567406253325362
0.00855488847757546
0.007891188531966027
0.007897548170686932
0.007919589430281959
0.008096312885682409
0.008096460360221663
0.008103985247737722
0.007903901338794409
0.008005057713747444
0.008072675426383206
0.008122820381315446
0.00812587487090449
0.008234609194374356
0.008156794664507777
0.008308034745322275
0.00808086767434482
0.008013399531260656
0.008080373578871229
0.008312809540206072
0.008355888982787657
0.00832862842328278
0.008255448899291919
0.008162087635635475
0.008132708105512582
0.008138850733682467
0.008045297861290658
0.007884796835549936
0.0077885385251287515
0.007746605750649626
0.007849463717114352
0.007908134368410586
0.007915194339211734
0.007856193618151559
0.007884042720505153
0.007927657902788763
0.008063847440548838
0.007953215846732494
0.008133282534784405
0.00822472364037162
0.0077900217999404215
0.008472606903491423
0.008389341118318109
0.008170405580165485
0.008257834933710328
0.008274974369930644
0.008526290961714878
0.007526185909304257
0.006706282798089579
0.0059734115517337955
0.005845162732952158
0.005711270655827989
0.0056581064287836965
0.005492124905214449
0.0054249631091034395
0.0052496119067339106
0.005361014482163056
0.005245161746862168
0.005362696647327819
0.005395532437447427
0.005340053910366699
0.005333425107551838
0.005436222852783089
0.005425179234387158
0.005628778641152049
0.005764465814753541
0.0057327245702141
0.0055583900757027365
0.00551470122264611
0.005578596882644233
0.0054402261639680425
0.005483096045310674
0.005635393237659249
0.005687026756891399
0.005862962340864748
0.005919807118418157
0.005955044887541194
0.006000072471711814
0.006000542617145824
0.006122918919702521
0.006124869237096087
0.006094528506484066
0.006021148739202515
0.005942201674623785
0.005847215217462728
0.005706801618488092
0.005641667666824079
0.005616602674586591
0.005199735970642775
0.0044931944967731485
0.004576863726831423
0.004740001712017332
0.004861375018253908
0.004880758011638973
0.004703312050008523
0.004836455435581175
0.004887603771400841
0.0046929149214472695
0.004669878497764963
0.004708207804507339
0.004785424592806209
0.004888900785186863
0.0048777753660729775
0.00486780698212163
0.0048121861764358
0.004793784232993393
0.004678082140017794
0.004586477017047892
0.004531040023266856
0.0044632234777731575
0.004338217597089294
0.00424745515299609
0.0040101660883825685
0.003929126656023915
0.004052123761451845
0.004196547931156699
0.004210707741229995
0.004123518704721157
0.004104195188234113
0.004114918552195673
0.004328212564262764
0.004341055195555161
0.004204890049314642
0.004397080532190543
0.004368511866699076
0.004468970088243072
0.00455151666971695
0.004408458147025435
0.004398365092219472
0.004465235259534223
0.004503919534933426
0.0047223676824212565
0.004682623060533596
0.004630660087651309
0.00451467422482036
0.0044791186038353374
0.004487865165447344
0.004355604963197981
0.00433256452890918
0.0041587562024346875
0.004321320927379573
0.004382160107009049
0.004363953928186564
0.004303699904048421
0.004270107399667951
0.0042342390157633384
0.004235592788932478
0.004184421808287648
0.004101156933241992
0.004066270089469919
0.004108704163276307
0.004126626838855239
0.0041205671710287635
0.0041125114884863895
0.0041125326949262185
0.0042305533147691575
0.004284315515374678
0.004252959747150362
0.004270185780263899
0.004265498029919083
0.005421279364447275
0.005500863570379763
0.005326837809853581
0.005150880622250103
0.005319554544684981
0.005453683718509006
0.005390601217279491
0.005481378947776917
0.005148983657348591
0.0051056567633298204
0.0050313759289184225
0.004896587852056765
0.004885008826371575
0.004751501996362758
0.0047174689270998394
0.004851744059120336
0.0047932143969073035
0.005202826528938219
0.005146410541582069
0.0049413686161283756
0.005109552187309878
0.005056249830129086
0.005146882264198981
0.005127407590036101
0.00518209859195957
0.005156411085054363
0.005180958135688214
0.005188041755903985
0.004813296032279255
0.004673538895147045
0.004597927265192053
0.004530173598864251
0.004576329907547347
0.004592353932210492
0.004627563940516714
0.004656990448102521
0.004972142641809505
0.0048926583019720275
0.004896989814244433
0.0049086335516250424
0.004994746146479548
0.005283336592146204
0.005413801317483411
0.005335293212856529
0.005300037629454728
0.005384580315127472
0.005338232413912556
0.005356932753456265
0.004213496232742372
0.00413838631470547
0.004152473257796469
0.004142658622616867
0.003954848278009126
0.0038536633611770087
0.0038745472083307844
0.0037320007575616467
0.0037072208181758875
0.003737075261530358
0.005004354856447111
0.0050274148415740535
0.005030412459744781
0.005013383721322721
0.005314963977266247
0.005115905762199591
0.005226872526810668
0.004750474043570488
0.004744633249582318
0.004730085955654241
0.004598997072664611
0.004639467727073157
0.004557645918655897
0.004567415830831295
0.00483645435850692
0.0049124528840957795
0.0053695240476781154
0.005465840757107279
0.005467838012511279
0.005474446711202303
0.00546953089802341
0.006449021208781884
0.006439702781676632
0.006630812813382461
0.006827365564679504
0.006807858656335738
0.006530292723759848
0.0065680083849404824
0.006521739699424736
0.00758440840784078
0.008258571038880407
0.008350993614451786
0.00866787892627415
0.008607062124335305
0.00868669244555061
0.008624821066386805
0.008690286986842233
0.008618367979537743
0.008767965575283343
0.008728714357170889
0.008783575578213033
0.008876156788270913
0.008878372259826768
0.008846635784960413
0.008888676519182018
0.008890720740023606
0.009002583409266544
0.009527462513523611
0.00831331735883921
0.008168868389509755
0.008198633203861692
0.008808728345880102
0.008378005435698473
0.008467079636094431
0.00855017272377562
0.008589778089658886
0.008728818994297187
0.008909945874331816
0.00909978189282669
0.009108139336754988
0.009094838245879549
0.009185753504224275
0.008821782123947106
0.008812913745760537
0.008251310413802946
0.008113088443160778
0.008109862716708974
0.008203312687213344
0.008220846174733764
0.0074898812270920495
0.007563449281777896
0.007581142887209371
0.007359521686034345
0.007349011298987688
0.007447351542626873
0.007442096011984111
0.007515692126548172
0.006454991327081635
0.005697415784483042
0.005282837807080713
0.00478888515281916
0.004890623373756319
0.0048659459951220655
0.004883309928722098
0.004848182800451893
0.004848252662903888
0.0047403229448158436
0.004773537326495343
0.004781071330044934
0.00467314144659602
0.004761563580876674
0.005061121096720036
0.005428732048979125
0.005527024670582609
0.005581361162181007
0.005021784248289623
0.00499459024461532
0.0050721064439649905
0.005117977854372014
0.0045686387826801575
0.0045494854573911135
0.0044943063180100115
0.004321710527199814
0.004272853112469763
0.004571720372407097
0.004482182446796663
0.004236060948319215
0.004254028929148727
0.004253033617981845
0.004191126097219021
0.004190921849337735
0.004163971371982481
0.0041674999880769595
0.004136658847280068
0.004127938269313739
0.004086741927253193
0.0042330421793898565
0.004093853552703468
0.004029268127402089
0.003845815632469586
0.0038698341052394885
0.003906869098768524
0.0037965093556808958
0.003798056063974216
0.004079103796163188
0.004286064796965596
0.004282786844299263
0.004360456069065296
0.004318032769012291
0.004193711070103891
0.004146995667791305
0.004162313726445879
0.004200812591657936
0.004401854744913063
0.004342318352841409
0.004318254257323531
0.0042800952183746355
0.0042890272386774285
0.004253430647286359
0.003967268325638381
0.003570544646542225
0.0034767312670005626
0.00333869766895426
0.0033489513131733793
0.0033883115155578267
0.0034044445653550544
0.003327251809862285
0.0033718684107257595
0.0034144337870829666
0.003420254573984717
0.003450160150028561
0.0035278161488539617
0.0032036705522139855
0.003127711506481352
0.0031239558482024313
0.00317272776656124
0.003336848124076997
0.0032940331580854185
0.003321022467925457
0.0033371153562164104
0.0033536309315846846
0.0033761890072118218
0.003393273254869682
0.0033593479171895833
0.00319585448809381
0.003103528727549796
0.003056515483447897
0.00302212226709515
0.002999243472869373
0.002990805918555889
0.0029714989033078625
0.0034965333807599167
0.003151333645634
0.0029292034780248524
0.002888965194460629
0.0028605498320795207
0.0029647669837170047
0.0030756062216639878
0.003060501253372599
0.0030064509296253423
0.003252538436140141
0.0031582054690787553
0.0031889134585524922
0.0031807440336965548
0.003252692009871085
0.0033381665160657037
0.0032843023423371714
0.0033868860760212205
0.0033515775802347276
0.003397324728771125
0.003407118433039372
0.003534505265631906
0.0035144707044467596
0.00346984180448616
0.003805756638685175
0.0038560948618844254
0.0038416663744737043
0.0038307534315715226
0.003954010667254955
0.003987629833351664
0.003868808889807802
0.0038634205946656824
0.0040223100059839445
0.003936912081804947
0.003843311687033071
0.0038884464749502413
0.003938518838885325
0.0038905909716803896
0.004377606042566835
0.004535226283047736
0.00455653775502011
0.004568148822186731
0.004582054667951871
0.004981572312200948
0.004994674650053649
0.005306324778551099
0.0054262916946558664
0.00539801084874781
0.005496181070935667
0.005144351086086365
0.005200188725699036
0.005366029722886471
0.005448672606183583
0.005413579963220168
0.005315569248453313
0.005215618130653625
0.0052062148512812545
0.005255709250214599
0.00494201662091216
0.004910392089729047
0.004933429594004831
0.005022083778917338
0.005032271393262163
0.004934742289141401
0.0049598682281075815
0.00489311079952203
0.004922073308538676
0.004862079199050475
0.004847801760709118
0.004755693088075793
0.004725919543092801
0.005897296929061921
0.005586173527331551
0.005444044068444484
0.005590721811244983
0.006511677290080501
0.006342014093782073
0.006262256095644751
0.006489788858058259
0.006528160672723232
0.0063608267970227715
0.0063326250060357775
0.006301090882155437
0.00637780544694169
0.006292012684465251
0.006270741408041502
0.0057527378849555185
0.005724735984380677
0.005725703693331489
0.005748504022878489
0.005785391754037743
0.00578399476779394
0.005768899989028266
0.005465402387225216
0.005395385298391603
0.005423953355077674
0.0054270073628343895
0.005526463956834528
0.005498914978688954
0.005459336111153086
0.006323026509754391
0.007123544872010896
0.007162269497142514
0.007231992496006027
0.007216622313401037
0.007194180797631229
0.0072838677702923805
0.007293792246804566
0.007297530698901505
0.0073298212891926345
0.007338854383713942
0.007348337322063228
0.008506476842059912
0.008478044910695568
0.008551579536144374
0.009010996542452509
0.009013613936293676
0.008956937246563872
0.008992885978254875
0.007814226015188405
0.0077882536030771075
0.00778094622162508
0.007648011784211056
0.00670613681665256
0.006704012527709322
0.006796438904788458
0.00659720435299549
0.006540078559473902
0.006541240279037886
0.006560610057489363
0.006625340035000821
0.006538853688237174
0.006625595436009516
0.0079410178225562
0.008396765064849765
0.008225605153907231
0.008187418646565527
0.008213309099540565
0.00827464964248377
0.007935536618399184
0.008004148244980145
0.008277914968172383
0.00829440904085196
0.008369136450938524
0.00838201677241674
0.008074552097049138
0.008167752455880981
0.008052055792251399
0.007124250148676248
0.0063568825196694545
0.006344946546512642
0.006276647095687114
0.0062837369967293985
0.006471564440716932
0.006417029161520369
0.006321487973503866
0.006266916506672916
0.0061297528834085326
0.006014739205489932
0.006041501552215883
0.00488858333488475
0.004882959908206087
0.004907617383942929
0.00450907735989668
0.004514092918966988
0.00452487559932636
0.004530226393381682
0.004505732431579386
0.004524683705606917
0.004542531638082131
0.0046681879047301535
0.004659571013697929
0.004678340125230357
0.00482078622214524
0.004862185263796418
0.004896649712313616
0.004933755204865419
0.004941139504403803
0.004876777278068759
0.004840143460077166
0.0047831763978152895
0.0036760260940284866
0.0032473246251230638
0.003382628077291548
0.0033988976131948206
0.003433002610445273
0.003522106648262023
0.0034479565031909436
0.0034040130711100514
0.0033306720694352963
0.0032657239301342733
0.0034581448193620437
0.0036725441663039457
0.00384193747458986
0.0038209546840259627
0.0038783740944068217
0.004164018075707723
0.004125669856928758
0.004171538894296563
0.004210378742200649
0.004207801824462462
0.004187226344743207
0.004213659104928993
0.004254816217975131
0.00430164385786586
0.004343728366922675
0.004373422014906238
0.004435513313013325
0.004561217481981742
0.004625309199899604
0.004522976612138598
0.004481216404948766
0.004470617076641778
0.004553460521521149
0.004563374465519116
0.0046093727386120305
0.004564074303274661
0.004540833193172111
0.004371780548651308
0.004416259247875723
0.0044206783070647555
0.004163943697351236
0.004180502812449649
0.0041682568295054205
0.004211131711070323
0.004258088238132407
0.004256409763715709
0.004287135109020855
0.004333882939546581
0.00420483172953891
0.004173199487225891
0.004204701711492664
0.004275661328938712
0.004433711387845265
0.004347225565401752
0.004389797912304656
0.0044872686783839905
0.005151794651071034
0.005183768431222684
0.0048894856912203985
0.004548930852212987
0.004397982353613346
0.004291508169936081
0.004196490555158682
0.004205132775936091
0.004217427389346512
0.00424156554269533
0.004276018843991858
0.00431003498919887
0.004137664561929023
0.004069730992182442
0.0043513480962325
0.004355586860974272
0.004371877474587687
0.004399523608534469
0.0043028893336500805
0.00416111545360744
0.004325082835980896
0.004329095985578106
0.0044910380438638675
0.004568159830915508
0.005439949455239517
0.005607482425299452
0.0057447750590096285
0.005744125015242821
0.005824875170890049
0.0059999665502400885
0.006014570706168291
0.005988343906824054
0.006113850096685628
0.006169143268517891
0.006264378030192975
0.006207029196127051
0.006173063946810435
0.0062148324556877505
0.006254302679022485
0.00620288294491077
0.006162040653582668
0.006167013501296413
0.006054275639602311
0.0064091879941857955
0.006188736737093338
0.006094906935722092
0.006062241218851562
0.005986183481871364
0.0051692908352397775
0.005135738153486481
0.005153221791395934
0.005197165083097155
0.005174343015135713
0.005227808969113873
0.0054823416272014
0.005167031156668466
0.00514479152129813
0.005046479242677919
0.0050821286377038715
0.005124525158990684
0.005190083919979602
0.005248611603782218
0.0049443061186834
0.004915246976874733
0.004853412762743131
0.004799632575421359
0.004814393059030503
0.004913864038878338
