 1.000000000000000000e+08
 2.423722185204405832e+01
 9.540311895987737500e+01
 4.805314925002468840e+01
 3.600899014234264683e+01
 1.052425651882463598e+02
 1.107430993025926682e+02
 3.529908725027292604e+01
 6.052558986957195941e+01
 8.047771441880298937e+01
 6.185348647090859231e+01
 4.544457977480538347e+01
 3.614946212474514908e+01
 5.945408744455765770e+01
 1.640179259567774750e+01
 1.681826667653004392e+01
 1.037424729394819423e+01
 8.381114234392201823e+00
 1.359237033962921615e+01
 1.053379253800236981e+01
 2.881587169751058397e+01
 9.549544141838854472e+00
 3.969034823681358404e+00
 2.131086231403682518e+01
 7.746816987191701642e+00
 3.171085315541319893e+00
 1.387058273276186471e+00
 1.561283375750560509e+01

