0.0
4.273089445344731e-16
2.1118680653714435e-16
-3.627323451659479e-12
-1.1442723687463365e-13
0.0004583337837485721
0.0007113931537185956
-0.0004545333770103845
-0.0022408215544918687
-0.0042688147921021696
-0.0016469390272945213
0.00034538159122313953
0.0022919032763416337
0.00014109260651326734
-0.0014009112470484307
-0.0018546759819635013
-0.003318487070066269
-0.002933482535556522
-0.002253199632463278
-0.0019500927469648934
-0.0008711101026144309
0.00608360359020127
0.0046729201023427746
0.0055810634510222844
0.00734452515555884
0.005641471609125893
0.004248967627241546
0.0026662435777521465
0.002468179904985384
0.0017214338386636907
-0.0021621736235027467
-0.002722189497495891
-0.002905885538191693
-0.004708150337154422
-0.005440816368174996
-0.004179199184319092
-0.003913993041733068
-0.002640352792357371
0.003937710911183919
0.005548175408742861
0.004261663811937669
0.0024593335853498963
0.0027348463421145255
0.0021006898360718595
0.0019753592601392364
0.0007403590523816952
0.002199013183604998
0.001689105736317017
0.0008994592077565266
-0.005108385129940519
-0.005053962177056824
-0.005938232811974222
-0.007421205128011657
-0.00656631316781362
-0.007648357725638523
-0.005383687105118636
-0.001104589372672677
-0.0009630204192805698
-0.0004838928767570825
0.003171702695245972
0.0024362478844648233
0.0031187446328986303
0.005012235543595066
0.005723465845770819
0.0043963078820300795
0.004319012196407912
0.004363633283042222
0.0031344574505052956
0.0024076390716521335
0.0005904256257973474
0.00035546493135450095
-0.0002471281388627706
-0.001367051293521402
-0.001705043165829295
-0.0038973677743819727
-0.007427147893455328
-0.008487653458574876
-0.006519535331453915
-0.00458539186867756
-0.0016673631825230672
-0.0025784544766331665
-0.00299484752916149
0.0003329643463891329
0.00592435178915071
0.0045506123681698304
0.00821872697725175
0.008163257828702235
0.006402064329877411
0.006321263780702066
0.004760761772454001
0.0016902635369956563
-0.000922989447678677
-0.00048022269747310736
-0.001580188919517504
-0.005191486260822396
-0.003987683788620669
-0.007670410052352982
-0.005891794426707318
-0.004726367588072494
-0.002641285526383117
-0.0017034597732930503
-0.0011971346820383612
0.0016277545913394415
-0.0006305137370871637
0.0004105837828757054
0.004552742385525121
0.008648956103342913
0.012042640154222498
0.008865844588436918
0.006024394237667286
0.0035154846682910433
0.002684914318441918
0.00036422768018036815
-0.0007805530644082964
-0.013153101317564827
-0.009272119247680993
-0.010099323956780386
-0.008681802333391234
-0.0060219624341476125
-0.004461467943581782
-0.007155802146733383
-0.004917019879721443
0.013804626990802817
0.009757623996791708
0.005368181331864974
-0.0043387407483569266
0.00570702561747495
0.0039016662669052564
0.0026350573308810505
-0.005139310170577611
-3.064574656939229e-05
-0.0036303345906908476
-0.0009127360521615489
0.009528809566808488
0.0004251896899713113
-0.004897314269334136
-0.001724624372210758
-0.0031791868755302838
0.00035761067890010927
-0.003400568891737355
0.002389793400256001
-0.0015241853108061958
0.0017457505671930665
-0.0007948681715408078
-0.0009893436885316125
-0.002640631095426336
0.0033730142363852674
0.003746564736605487
0.0040817173393057436
0.006370468032168405
0.002557612025336415
0.003426036663769296
0.0008829832695863063
-0.0021764066039187775
-0.00035429461599623493
-0.010259447645653393
-0.01640643305262708
-0.0019896464548314063
-0.0026380058439522415
-0.005774306565627602
-0.0038676896481503534
-0.0013074602021970172
0.0011232599515407008
-0.0009571735207126002
0.001443084870520858
0.007034490133193171
0.007326917302623739
2.8118818256614962e-05
0.00031177329419082144
0.005205045209258217
0.01074718493688595
0.004497367049862783
0.0026610679446477563
5.219013658552558e-05
-0.0005048453219610258
-0.0019448876496873779
-0.0011038183374580107
-0.006601574594131527
-0.00011189996184911592
-0.005109740169086326
0.0002696992574425141
0.0010164161030733394
0.002003405939700818
0.000455351717164503
0.0048711810146458865
0.004165489228196273
0.0024869422239116824
0.010127361130109137
0.010567842395569542
0.007902140857014555
0.0053871855746456376
-5.03106715289978e-05
0.009411267268254444
-0.001264166891008244
0.0010373519248502382
-0.0021102193001080577
0.0031843135874353398
-0.006537207666051514
-0.008493860499166419
-0.0006480425911155833
0.007476848200871527
-0.013335018054437892
0.005357115382711067
0.0016321063532830403
-0.013438467219763767
-0.009404787051001628
0.006957021188257242
-0.013224111598281239
0.007163955876236803
-0.012388073338584549
-0.004734440306433026
0.0125780964767653
-0.013597465618227755
-0.002159361392826219
0.0004946066755634774
-0.0036799879953968682
-0.011183624088643438
-0.006934974843628549
-0.012554661941035678
0.014815005532726884
0.004313370951041191
0.0034152368230538064
-0.017836997509452418
0.003936086212343105
0.0010777919655774073
-0.002493022828422175
-0.015891995788139858
0.0006531179337279707
-0.018056910323514953
-0.008200183672048736
-0.0010359993053682638
-0.010580525697625118
0.016958692424297945
-0.011684465725448005
0.01354574339070723
-0.016912266665649135
-0.00619755462320159
0.012947794960235097
0.0022447076509508933
-0.01644304126135767
-0.003723637475082304
-0.007369141175747971
-0.016945130125652425
0.012263867796681297
-0.0035418323138352464
0.01117347041615188
-0.009156734387884415
-0.0013148560691520297
-0.007923268058052156
-0.00970462287256389
0.00963007378016635
0.010546078419717385
0.0006919453154120129
0.004538866467977959
-0.019968537552942256
-0.010914210569927587
-0.004226508047688544
-0.017692285220618158
-0.01181565328305806
0.0017389152673356022
0.006588959079149236
0.009918774163306776
0.009135891977561275
0.009347583761498203
-0.007767453714404947
-0.009468055680935419
-0.003585486622771256
-0.001852934056768286
0.004921558343696636
-0.005007517338008633
-0.0039590916562064395
0.0020350168482850244
0.009556053265464864
0.0064073651093636465
0.0038102445912569214
-0.00753252409649423
0.0029840639600025986
-0.0010101276030846885
-0.004091647545553932
-0.001692900048211589
-0.0040425488080130115
0.011540084970144235
0.0021456930782878113
-0.008049452111126603
0.00794332138163305
-0.012199343141298842
-0.005345883508749003
-0.0022483617114929366
-0.014819291545529035
-0.012287617344246028
-0.012085275085650878
-0.003293140957215352
-0.005507987786710989
-0.005054157206990711
0.002584609640443939
0.012357927000996326
-0.0029559822185231026
-0.0006928910575495061
0.012670619007357373
-0.004496051821587678
0.0123471431153553
-0.0034986438376965537
-0.002782729448875254
0.005506983062593208
0.0029605141785807136
0.002070536052233286
-0.0030541290085812287
0.007774295254850032
0.008087497394345397
0.0012224722354209887
-0.002227655041905644
-0.005697386089450538
0.0009981597987485423
-0.004998465735710849
0.004986106355144787
0.0012360825435223915
0.004007631846032847
0.014951931659957268
0.0037502521735208417
-0.000290188706886553
-0.012535582025502659
-0.00108235909044385
0.001163883004068049
0.005053495507924904
0.0017431907707962822
-0.007162576531630355
-0.015630854215161888
-0.0012220595799497542
0.000118343326557524
-0.0037031689075540056
0.0015819974381137362
0.00511564430567168
-0.0009832485527890202
0.006443426240894271
0.0030320897064926265
-0.001730509881960645
0.005337564913808504
0.0046076963244938455
0.0025204893630686107
5.1661128715969895e-05
1.9631931657892315e-05
-0.002716151776902969
-0.012187322542591814
-0.004297952316822949
0.003779527119141678
0.0010223200727401353
-0.0007533291326990779
0.012377337767326918
-0.003562960378518146
8.297144407452481e-05
-0.0056653619415503245
-0.0009556301908880665
0.0005028629437777675
0.002935390521182855
0.0013031960426217234
0.009031696463039196
-0.0016900106105505585
-0.0016810460472064716
0.00626724055943138
-0.002714196953871076
-0.0021725755916637626
-0.003562556985047396
-0.00502427496909931
0.0012007810863870448
0.00204501718933949
0.005105196570787654
-0.008630494502124669
-0.0019717283458719793
0.00045331295095397267
0.0008441144185712679
-0.018110474406400595
0.0001709448830975631
0.0021862579084404293
0.0009160365732093709
-0.005730269173002503
-0.0015060906568559896
-0.0037227600196211106
0.010074306066241066
0.0038837203936267772
0.0023252626025503705
0.0007572426547081384
-0.00747116301872088
-0.005146019827578568
0.002222886250566245
-0.0007158925070968117
0.00016368797724009183
0.013786397483130128
0.007071018940204359
0.00011009272318465713
0.0006092445694336288
-0.001553212585654877
-0.007829565507151779
0.0014369832420953778
-0.002170986508909463
-0.0012382742502212128
0.0003371024766754653
-0.003550801638474448
-0.0015151877016305031
-0.002381379862634262
0.00014488105579486994
-0.019582531983571738
0.0015651022617213968
0.003220321128646437
0.004285516627407723
0.01963458620571109
0.021528361283591344
0.0018718954089746304
-0.006082009321917121
-0.0020210491809743037
0.013366850021795017
-0.008345202721538386
0.0012721960773679347
0.0029336736295825384
0.006434505642801506
0.00273797488417115
0.0042089125990937394
-0.002922467863967007
-0.004188982669252111
0.00045920278114524454
-0.0068161895981601345
-0.004244251270036839
-0.002363916634665897
0.003192255078645249
0.005958005471618735
-0.003612189482730302
-0.001043612470618743
0.0075639193760788405
-0.0014770159664262306
-2.2687750880275026e-05
0.002010437496586623
-0.002434209206414994
0.005539816646384506
0.003418098133983166
0.007651367111781963
0.007506355449386468
-0.005991234058598667
-0.00170775856111338
-0.0002891556701968452
-0.005091523482952054
-0.007792705166831877
-0.004127059925277184
-0.0034490407625311775
-0.0038608830523401937
0.0008217348970377117
-0.008465153752750247
-0.002800260426656421
0.0027839675055437267
0.0038719151822532057
4.5905396599944456e-05
0.0021076034437047947
0.015494744808128555
0.008544841899052535
0.0034687273155034476
0.005241914201428449
0.005263789270914597
-0.003191146608883441
-0.004984508152363055
0.0026022841769213056
-0.003885377494250682
0.0008036367225243415
-0.004248424680704125
-0.008275100214811393
-0.006012365961302735
-0.0037457457949862678
-0.0036066529373188893
-0.0006027685058441995
-0.0031352624701568915
0.001249265122300581
0.003501403674809833
-0.003818123095863288
0.00026196108159389116
0.0018828415187392912
-0.004367290885736178
-0.012736085332878311
-0.007256106062146382
-0.006792798271368167
-0.006980452082656494
0.015042245706447473
0.0003865419048169477
0.00012006182176728299
0.007718657113054836
0.004213947491816531
0.0073086938356704155
0.002409218050368888
0.002208506754260438
0.018915158529731028
-0.0058598112000294664
-0.008938164167032105
-0.0037001814122360494
-4.583654665773606e-05
-0.004009387347221509
-0.0026162981003920037
-0.0008868277026409192
-0.005202008647885302
4.8870559468761586e-05
0.00571148844844018
0.0003190081136845834
0.0010174245066797176
-0.0010246293466709949
-0.010157309273772
-0.0009530983580332839
0.00516629411544157
-0.0012893584038177006
0.002098221590441347
0.0008794927529450465
0.0025489773686610184
0.011330113968207323
-0.006549084334170459
-0.0017413829166286815
0.0012400595324788466
-0.005471707815404098
-0.0022142255992101375
-0.0010298712702856193
2.3914805508084593e-05
0.0026590040586720386
0.005466736576860468
7.579104438440454e-05
0.002272824279129538
-0.0028709919415333346
0.0009030714690002059
-0.0012650986400937437
0.0021543981397688116
0.0006691592441132772
0.004946853865669896
0.0016420382995867618
-0.005819882728538693
0.01160042059273087
5.291005322587139e-07
0.022473859058190562
3.871387326114667e-07
0.0015798048884442875
-0.0023636288973535365
-0.00025282285903962566
0.0035263640176559263
-0.0050625370899692315
-0.0024868700324633857
0.0038212810733980074
0.0052281361468141385
0.0009606755483511529
-0.003241874249438831
-0.005406230440918306
-0.0023016024901564205
0.004713576894886924
0.005855181322549589
-0.0017532333141680977
0.003944125256851755
0.0025867216668312215
-0.003135303908843685
0.004475125302859705
0.0035293743301281783
0.002072398387807659
-0.0006119402923298739
-0.00484483886719637
-0.006260164416113417
0.0069133469730616945
-0.002641348266920372
0.0021525027117444487
0.0039352477388489415
-0.0014485392118968564
-0.005361668511884907
0.012602675520681443
0.0023759693159553057
0.000749922587382411
-0.0025764488738108304
-0.009076491335294319
-0.0020888408718223502
0.007524721316424137
-0.0052463658599838205
-0.007216190784632421
-0.009192806695744002
0.0033187391096025547
-0.004074396374160032
-0.001936417260277959
-0.0007911607801277904
0.0026891030493755253
0.0006068933242700976
-0.0024885745140779143
-0.007199459898961315
-0.00227284889537056
-0.00011026298999348549
0.000567538108359464
-0.006298748318127448
0.002810999947095549
0.005332596032955331
0.0055226317955951575
0.0017153544862515222
0.01064787112759047
0.02028944712375581
-0.007939231737963303
0.00019159757569292037
0.007874381654196991
-0.010074385755594013
-0.011172499917263086
-0.006761286914524277
-0.0010905636061153403
0.004019247065803142
0.001962217325152534
-0.004916476695223436
0.006188006081587873
0.009092780405946885
0.0020897485900980076
-0.006113051847351674
-0.004307510214895767
-0.004990738653924447
0.000973298183419965
-0.006619107976727549
-0.0064948527230962345
0.002593682010743746
-0.009083457315963706
0.0036035858583217837
0.0008617901658052639
-0.0004314289489231477
-0.008626151960842265
-0.004150176290860935
-0.005294286285980312
0.0014126702512626578
-0.005252983075243325
0.0059714399912059925
0.004071373309889282
-0.006435894836130479
0.003020106917363452
0.0015083960994151102
-0.002881293636798594
0.0003051479068899368
0.0011802754074772132
-0.005634071725086031
-0.003731052178225034
-0.0019400860928430195
-0.005877790402375735
0.0005536302503877065
-0.0027682229789489365
0.005128299550098441
-0.0013785630822588006
0.0028471692208877466
-0.006178434563139217
0.004317810817319992
0.001162993795898958
0.009817103946917483
0.004292653035713939
0.009291504618215783
-0.0031806076684908428
-0.0012575578657615903
0.004475247037266177
0.0011915482716526068
0.0075435784129107035
0.0009175163694280092
-0.003968150850473422
0.014248998210599655
0.004702475277005675
-0.004912432182108843
-0.0013977409982119894
-0.009683216575729585
-0.010066634374816391
-0.01618258253223602
5.228760472559841e-06
-0.008120969196029025
-0.00464680931768683
4.3881196659656396e-07
-0.002590333006401893
0.014359050902007953
0.004563679988828593
0.003514400339548968
0.015506469019084092
0.028408097336433763
0.019419458595986795
0.01554548007141026
-0.00033744384619483793
-0.0018647908352379377
-0.0007958053938447781
0.0038623284009582344
0.02397876956548994
1.5427789738092779e-06
0.0016934152974757118
-0.0019740390934187783
0.010584593976495546
0.0036824821218533806
0.011958821002566464
0.002687537589057331
0.015136965666635771
-0.0058906793411520365
-0.001913182855923047
0.006639107111160551
-0.005686023713888693
-0.0003513276296160765
0.01985768153622701
0.0092544651498784
-0.011149144287113008
-0.0029087066429045287
0.009962239823076237
-0.004919706833343531
0.005427668607722434
-0.004445722394260006
0.006186159411928357
-0.007173739524616021
-0.00236479771837618
-0.010821099751648397
0.002193528029372248
0.0012325126099740572
-0.0019000163624616588
0.0022849484440182807
0.014102944151195668
0.0025554693004222005
0.022100971261037584
0.012010772226700904
-0.005237399140071293
0.010059241606906496
-0.001443534877260802
0.014443455503586285
-0.0007967782425924875
0.01824006831066713
-0.0031291423248112626
-0.012883271688395304
0.016398756810363062
-0.015097488117969496
0.0014614716418322737
-0.004157928709005472
0.008521521821092497
-0.0013547064041759278
0.0053473260383842995
0.007511894860749269
0.0031788757434608947
-0.0012683930235146967
-0.005315226257243216
-0.005072201726229802
0.006079986229321687
0.0013232667453193115
-0.004755127191379079
-0.009061273804384455
-0.003812192342496159
0.0002950161505673784
7.061782077763708e-05
0.005044743954930858
0.004662834391574284
0.004505231759506985
-0.002070073233863351
0.003469685823324328
-0.0012066686388904034
0.005777532576443178
0.00015059297811175452
-0.004783487435556667
0.018715249055064227
0.004999957833640544
0.0024280486179049645
-0.008450658584895897
-0.00989710316217038
-0.0009198657910030831
0.004946966898605982
0.01475892215532082
0.0013275877798840253
0.0007071782272721153
-0.004444425780541689
0.007798966847865943
0.002072113552874297
-0.0032605054542437246
0.002611958353496052
-0.00042265141401205686
0.014308126016572593
0.0034232575912126525
0.021684148433403688
0.014552252016448827
0.004178378775478031
-0.001502853851855477
0.003119783730722709
0.00283108297427764
0.006268285329382792
0.012455975620602603
0.025553014678527816
0.0321431169842632
0.012234825386354937
0.03524808937582973
0.056734950156745304
0.08637691214015035
0.01821986198693639
0.009197138744066094
0.027284490518049414
0.07698431420918589
0.009730282914170935
0.004561148989140004
0.006058225565702037
0.0003948845907566917
0.017538480171882163
0.012054316385259722
0.009231607699416805
-0.006229780284455836
-0.03147110088328845
-0.020364561004491383
-0.016643529335020786
-0.007869907796460877
0.0006357717226361404
-0.013064852595871512
-0.0018956980373167915
-0.004078320337988297
0.006654232873128127
-0.005992247469269976
-0.019298061883741707
-0.035495149395188025
0.005722659313948565
-0.014481913679398845
0.029271474364030416
-0.007936432899516585
-0.001769250038568121
-0.008317059634455011
-0.007037808969832644
-0.05205382395021822
-0.021363044934259064
-0.019730339439934602
-0.0068272634912203015
-0.0017921954184127661
-0.005335078926747255
-0.02125979246647464
-0.01982061017380192
0.0006985511966046626
0.0002126176781485625
-0.006051908815662034
-0.049242502499162726
0.054147148240177766
-0.013141483331092345
3.391803950966721e-07
-0.014514765428832326
-0.019915771017026785
-0.0132454362535432
-0.02151932857053239
-0.017035181363851206
-0.00530565460361092
-0.02541778958869522
-0.016088928277869716
-0.034467881264185964
-0.017199116970302096
-0.031727868747939286
-2.2420295141615566e-05
-0.02014241210538677
-9.852042176863862e-10
-0.01900916444125468
-0.01794831071436368
-0.019942068263586247
-0.011679378398650705
0.006625305958697846
-0.007919872370394682
0.00356303053292121
-0.022528340193294187
0.0009529839388816427
-0.023343053165185805
0.01134776388640714
3.275477407768332e-06
-0.0020356796723550695
-0.011564339129545966
-0.0009443909035725742
-6.719250932574368e-05
-0.017359858322861913
0.004366171711298887
-0.0062293134195894355
-0.01988663456517973
0.0029437569190534744
-0.005951147652017784
0.003233894142441105
0.0014245497555209433
-0.014301389236264513
0.06886106527665689
0.008151176425707207
1.638160447838856e-05
0.014125803172824835
0.06381463739346994
-0.007979895303361928
0.008296041819384752
0.0022483141800074997
-0.005226661820415961
0.007713433708420652
0.00872633675432032
0.03946930030225945
0.00047948898986641814
0.07822746413397813
0.04177026551426637
0.011250217650500148
0.0007369823678273872
0.005936343481131001
-0.0014200240167255608
0.005175758855252044
0.00837138256990859
0.023369019203692394
0.0016563913951828345
0.005248716121700813
0.004220645296268996
0.010831436733777278
0.027155293476773514
0.009022671646379807
-0.004803226653908872
0.018805006933647818
0.002141456658687764
0.004902839816526295
0.0025497316694258493
-0.003699043985266482
0.03355331818213627
-0.010130048762052191
0.015166832129751673
0.009540327305761534
0.005328763223598221
0.010865191282416125
-0.007951292465317651
0.002312746020989423
-0.003522648706765776
0.010110742080536724
0.00983620492140532
0.0022653105378024965
0.0011802310178907188
0.014774663185312405
-4.257688746532595e-08
0.005105184013224098
-0.013069132271983516
0.03878960590489458
-0.005674547068359331
0.007542420964208965
0.004268528014435729
0.0036789022825611077
0.006817854585704929
0.002535457308482607
-0.009141690878678005
0.004765805141642132
0.008199605255347808
0.005143830501947073
0.0065123778682459445
0.00905942619571381
-0.00199551845158278
-0.004717874445581877
0.00902151537257164
-0.005419543591556964
0.005044166311425678
0.01050926989054418
0.007578420699040871
0.007239029640226744
0.009847077382925264
-0.000573979423510753
-0.003012104336780088
-0.005329906904617742
0.003595298976639537
0.02716283439593014
0.010400859380798976
-0.00420630883108874
-0.0008188668477100997
-0.00814893588337197
0.006617079951552954
-0.00399437104185249
-0.001288219025427563
-0.005404992990415745
0.0038126627677142217
0.0019099354444143731
0.00046282646403037614
-0.001467799724249163
0.001168997958557105
0.003236237334764863
0.00639014655693744
-0.005613945735525686
0.025314691211397428
-0.004682043012473233
-0.007850573830197919
0.026034985036354256
-0.006905707259943892
-0.00468263768842807
0.001814882194650605
0.002383056192682198
0.00030718843036315474
-0.0002359822229023919
-0.00781290042728092
0.011439580843908906
-0.0004945171736926261
0.0022242154201640284
-0.004279067111076118
-0.005435297875712343
-0.005521168388750712
0.002126665989068091
0.0034774557659866517
0.00026438291642069504
-0.004696455703673188
0.00453648093609346
-0.0007230793832334638
-0.0017141957092040843
0.0002917328367507254
-0.0059249963910465026
0.006284500983335181
0.00017410269750078
0.0008380902232682386
-0.006158329915862201
-0.0011606431242792356
0.002910624494798248
-0.0010803869593751757
0.0029399840195985377
-0.0018554091885273401
-0.00902761838652384
-0.01277634172682848
-0.0005945948676956258
0.0005071513583953715
-0.0021552331105728004
0.030265881650525794
-0.009017699525313653
-0.001553872173790348
-0.008167856710048983
0.0066014586678901695
0.004241223990129304
-2.0635712555675673e-05
-0.0028669526933761506
0.005784302184324647
-0.0012967901312344737
-0.0015232176922572484
-0.0008568796384631119
0.010448467330911074
-0.0008311280549349268
0.012922795011130774
-0.025487493518315658
0.007125804386938375
0.0088752153613209
0.008093215323025059
0.02090419511189407
-0.009922170382769347
-0.001967226164018952
-0.0008643639133407259
-0.003921648518809991
-0.001069225735424879
0.004519377614618656
0.015998727071967277
-0.0002626416727968938
0.00019657162701858938
0.0037873668543437853
0.004725815469557351
0.0010316516621979473
-0.0058842360485122334
-0.0335245434079283
-0.0012733516471781746
-0.0005059730469899638
0.0022309838380675726
-0.004197321555598396
0.00037187101719564353
0.003779085739391364
0.011582113334602498
-0.0076720896552305365
-0.0035745845673610596
-0.003979483018011024
-0.015894831730330433
-0.010416377483603178
-0.017433273177387822
-0.001470587280198287
-0.0017077418616481474
-0.0006441973339328024
0.0017901953570710859
0.000985088555398356
0.00023746650715803647
-0.005220987727981163
-0.01564932503848046
-0.0052833529642461585
-0.0030347931624025368
-0.0040006315295194675
-0.0009216533925443925
0.01580569590540082
-2.6771199783526614e-05
-0.0024573698025599725
-0.008259570259889553
0.00619323188943223
-0.0005934797458397121
0.003726304656370699
0.0028169902760995184
-0.002824534982331397
-0.0007629652326001345
-0.004844473826236956
0.0006861791199945337
-0.003942545968259038
-0.007899037350004828
0.007112322041224287
-0.007926079906700672
-0.0015399549267138806
0.05235843699636416
-0.001641063932096053
0.0025421376607079995
-0.011966254365203346
-0.005049371145192058
-0.0019127336695749647
-0.027665505329447275
-0.014879364618073203
-1.5561301162578256e-08
-0.0066084066874715665
-0.0029741917802085533
0.006353117079220051
-0.0026625498133427856
-0.020486543654714903
0.00330812300536377
-0.003266250024839046
-0.024364778345752396
2.1446604298036576e-08
-0.0011928389631215806
-0.0002455925385796559
-0.006345832333291602
0.01930206405858011
0.0028685441280573943
-0.0017200486398639418
-0.00025770117826508666
-0.006121354774057252
-0.005220273750105656
-0.011406550033983824
0.004103227286548727
0.0016046721191912729
0.00170943547581458
0.009973743784365632
0.015649369113841294
-0.025743054409902523
-9.641498911578967e-05
-0.006904493853013921
-0.008688105255549448
0.009744477758908543
-0.01919965550947469
-9.333624519493669e-07
0.0023584754252656236
0.011093050383957711
8.548452633481626e-06
0.009933806286325881
0.004424023142126882
0.0016969381487510577
-0.0015805373471967574
-0.005156137223315276
-0.0028524198756162793
0.010880331779462129
-0.015230207667746205
0.006955770015945418
0.0015230584517501849
0.009397929023013509
0.0033097369944847903
0.007708943495040512
0.006408858701368763
0.004296099245904351
0.0013903138663450016
0.0004922797337355012
-0.005659897265024956
0.0007183107163932136
-0.004879847641407734
-0.0011600586438568266
0.00030670596726094755
0.004472073556284418
0.0020716892154604297
0.0029849929069211164
0.0033012294841957366
0.00236394900744067
-0.0004728869643662176
0.003489549986325889
-0.0020795650271899016
0.014186323795421459
0.0025038973281911294
-0.007433424236839515
0.006035811670904032
0.0015371658492046546
0.0029669223029019014
-0.005200413007179165
0.0016043901732204725
-0.004236254536359422
0.001192637248804202
-0.005282072095431992
-0.006535127188806536
-0.010382643611581789
-0.0018778351109847427
-0.0006568825644349702
-0.0005405083531561244
-0.0007451652929488014
0.010843140067875621
0.003092879138547569
-0.00771915964714219
-0.006808758435873653
0.005646511780191207
0.0019147570474888163
0.004644121408121304
0.014012167358997208
-0.000689504057181059
0.021744860717771618
-0.003137263632208588
-0.000991247559223865
0.00017598860231234689
0.01025683470537689
-0.0035276405851238767
0.003959279452830396
0.002090542381248516
0.0017230923283076535
-0.0005092646899395575
-0.00771610287884217
-0.002779420695727416
0.0023366041256895884
-0.008152696448586424
0.011926243331805433
0.0500945387837824
-0.008827635877758934
-0.003275211273372042
0.0056199024245828485
0.0004304077875647936
-0.010490493941867442
0.0032711125164962187
-0.0008339239164800423
0.0016869907833148992
0.0018045944088926225
-0.00532643490637324
-0.0025437566431253406
-0.0056929210751306865
0.008592273533124459
0.009447662318332425
-0.0048310079411589026
-0.005518787536461407
-0.0013421433625417489
