 1.000000000000000000e+08
 1.200080947380957070e+02
 1.029164770995629539e+02
 2.358249889018027545e+01
 5.727149071083968579e+01
 1.650104847164632815e+01
 1.250574421116397303e+02
 3.638743728304127245e+01
 3.231868129184307747e+01
 9.778997192047718556e+00
 2.444372277853354802e+01
 1.338334202504349264e+02
 1.255453495512987416e+01
 3.219972083328612733e+00
 3.562449771633408346e+01
 1.901065486888132483e+01
 6.515033075753814629e+00
 1.672709619169578588e+01
 4.371584852044462899e+00
 1.104628890906939809e+01
 1.957716798848525741e+01
 7.030598118602870983e+00
 7.954301918967912499e+00
 1.167251654693829899e+01
 6.301901254844100464e+01
 5.838162231644709976e+01
 5.384469645924450099e+00
 3.356773477565251795e+01
 1.002511851737122228e+01
 1.793762488102849773e+01
 4.255951131054973047e+01
 8.729667414888288235e+00
 1.775989614285676810e+00
 4.248039129845525785e+00
 4.421247722370434730e+00
 4.910109728973692356e+00
 1.185237472999024710e+00
 2.401905776434259288e+00
 5.950711917772885329e+00
 4.014186627697988285e+00
 9.353393566723585906e+00
 2.608236882150119484e+01
 1.951054407638760679e+01
 8.278855102147518963e+00
 3.446086382480888943e+00
 1.922075566155465154e+01
 4.619680262707497320e+00
 7.921100007231666495e+01
 4.897356980489584011e+00
 4.455471279075922553e+00
 5.910900508638107231e-01
 9.348275203359104779e+00
 3.846915753656176662e+00
 4.164511740736687728e-01
 8.590711005251330246e-01
 3.820458344166725251e+00
 3.759280255247696267e+00
 2.602234748382091567e+00
 6.670487230267912793e+00
 8.237250596699793093e+00
 3.234930947114267319e+00
 3.991356216818643610e+00
 1.566574224150670824e+00
 2.455749390084451367e+00
 4.460961686414005811e+00
 1.335278502845981707e+00
 2.380501556465716817e+00
 1.424319346755918048e+01
 4.404502901747173182e-01
 1.353294117409694763e+01
 4.003593322274588751e+00
 2.557637452673756417e+00
 7.539841213417637356e+00
 2.767685182920025522e+00
 2.347929942076930843e+00
 6.862254409952961431e+00
 1.752979938485231148e+00
 3.413768166140671578e+00
 6.585279015038843831e+00
 1.320753320003004561e+01
 4.252146963684905856e+00
 1.849271729270572262e+00
 2.008607373256904083e+00
 3.897600602567883765e+00
 1.662149929596257181e+00
 2.237986956612754597e+00
 6.313325055535032426e+00
 2.227343252184251110e+00
 2.069911354980096263e+00
 3.076142881096418868e+00
 8.470516737733795765e+00
 5.042565768840619356e+00
 2.557932608712127909e+00
 5.539369554027873122e+00
 3.293270144758631446e+00
 1.806817826741154986e+00
 7.716666661232463031e-01
 9.508612399297481366e-01
 3.020767511540121131e+00
 2.491711469871975559e+00
 2.418218518115845317e+00
 2.700449432311831099e+00
 7.366973433293597662e-01
 2.147443549723073719e+00
 7.335709873881148813e-01
 1.538148181441944429e+00
 1.578308114546934426e+00
 7.190576637230922108e-01
 1.008067032118832085e+00
 2.308391787016806695e+00
 2.293391349877225593e+00
 1.067864507198680979e+00
 3.842522711147450476e+00
 1.327880470067974272e+00
 2.024696059186978925e+00
 3.127010817923284502e+00
 4.265864518567531682e+00
 1.875879342215002632e+00
 8.971062318522737833e-01
 3.192978610327586342e+00
 1.704725011044824612e+01
 7.500647564581990334e-01
 9.401831569410679990e+00
 1.611429474721641775e+00
 1.268162525186400824e+00
 8.711002609529410190e-01
 3.077830084223653895e+00
 5.852793196914169993e-01
 2.576947503710011134e+00
 9.882415021945489819e-01
 1.336729928256525035e+00
 1.054400793613052087e+02
 1.106585399787811674e+00
 1.824053015411109424e+00
 1.892344914680713197e+00
 2.548009910519222654e+00
 6.469643327161359592e-01
 2.708231179599479344e+00
 9.017598233281122200e-01
 3.032050719854598064e+00
 3.849932744671989315e+00
 2.770739542575101133e+00
 7.535330376545917863e-01
 8.981625872463236959e-01
 1.856564564023056807e+00
 2.928965766935961224e+00
 5.677683273156962640e-01
 2.883522001249700928e+00
 1.122095134211637868e+00
 3.078969640559252041e-01
 7.346048642349165547e-01
 1.231108764718549908e+00
 4.633510763498132623e-01
 1.813886873237465114e+00
 1.484796698473161136e+01
 1.136726308382421280e+00
 4.833365272387259437e-01
 2.820111875996891282e+00
 2.311312936574871557e+01
 1.010327406367370173e+00
 3.676719647194583107e+00
 7.238161128435213199e-01
 4.126497028305036174e+00
 3.260620044283921271e+00
 2.465452289573160982e+00
 1.049547995297530711e+01
 1.488544665529056843e+00
 3.292720361618460601e+00
 5.703748832983437378e-01
 8.192504224791591128e+00
 8.442744134440353099e-01
 1.878396523037432431e+00
 1.667859369831727445e+00
 9.949661667856811720e-01
 1.395277048326686531e+00
 1.007433683944947367e+00
 7.576882018403756636e-01
 6.278294364907713865e-01
 3.229039515755610656e-01
 2.626022568688310077e+00
 9.412591654600608315e-01
 2.448228336168850605e-01
 7.544435477464482842e-01
 2.611027527307451024e+00
 6.371600069808245337e-01
 4.513955359649967747e+00
 1.753643448994941290e+00
 4.444212824685281338e-01
 1.314495889265012929e+00
 1.121200815902341441e+00
 1.004991911849096642e+00
 2.249776035076228586e-01
 9.532284195895047718e-01
 1.226070936825588653e+00
 8.245201047152673768e-01
 7.382789826940494571e-01
 8.744270340407481745e-01
 6.609816249400631838e-01
 3.029777646661521828e+00
 1.347028487583932010e+00
 7.831503724279730294e-01
 5.407700319320124516e-01
 9.746995516646557167e-01
 4.835831260640151008e+00
 1.118564674818469246e-01
 1.353436202016466972e+00
 1.353409165033812478e+00
 7.547988795174160881e-01
 3.251478125946091868e+00
 1.530908220204368453e+00
 9.555384971688092310e-01
 8.341187531698053270e-01
 4.419892766958080643e-01
 1.482170670224860931e+00
 1.323459646845233317e+00
 1.167414551340254292e+00
 4.199819300172216718e-01
 9.819194563406103970e-01
 9.980036593150147795e-01
 1.824679890228077861e+00
 9.219259795212807473e-01
 1.107247099316428507e+00
 1.541725760760063180e+00
 9.541873673946910106e-01
 6.190344146092844113e+00
 1.138285024543527646e+00
 2.522013398636450798e+00
 1.883071511916830199e+00
 7.347779519836011852e-01
 2.342575783877261397e+00
 2.408113339307310419e+00
 4.593709812081507304e-01
 2.866007323741653900e-01
 2.181085631828744198e+01
 1.187540320709774333e+00
 1.611001513462871459e+00

