 1.640000000000000000e+08
 2.697450239589514798e+00
 3.057135675317067314e+00
 2.419604938324510623e+00
 6.653771754406619943e-01
 9.844175444122169605e-01
 6.052434916079035832e-01
 1.208009561887907202e+00
 8.985214965029992840e-01
 6.295578955123950493e-01
 1.516164260099817751e+00
 7.419468948571839029e-01
 6.435170069166089579e-01
 7.476303467305914774e-01
 7.473888387581510973e-01
 9.328869739580483156e-01
 7.858258950126041364e-01
 6.955763059354684863e-01
 6.741599359514323098e-01
 7.972848070025161382e-01
 7.081227991810434830e-01
 5.798126712214713985e-01
 6.773475544038737306e-01
 6.702414017539176649e-01

