-0.07680437570343734
0.7614802251212487
-0.6246954059715525
0.2210832045856701
0.7116044139311397
0.9014148239596105
0.8172492151782864
0.9275171693226596
0.9309240572718231
0.9231660127015193
0.9302148021323744
0.9417620788080268
-0.425782239208258
0.6562926326314404
0.761501404242128
0.9113215863483088
0.9089103657564654
-0.4433652008757307
0.5961467624931454
0.004631136009034753
-0.730545679608109
-0.7579745291912486
-0.016656866298250916
-0.7046506744150164
0.3793510083661411
0.43383853690297935
0.8791330277844669
0.8473598125741597
0.5455104378559674
-0.8064385329077365
-0.8167310153522136
-0.8299250041013162
-0.20001799524272967
0.5113734834747838
-0.24211228847363397
0.4345709665083175
0.8814949591331434
-0.4821170093450551
-0.8286330711205804
-0.8848853447345698
-0.3434746135081881
-0.805473362882032
-0.8868662770913002
0.3075575247978186
0.6354550789746194
0.21535684690088686
-0.657765347046271
0.4491960321970947
0.659611947275619
-0.23487260360156625
-0.6378201294840001
0.3056176358737184
-0.1173277780101436
-0.7367650806834508
-0.7497125224266885
-0.4744585718373566
-0.7432414584565352
-0.7912838538498064
-0.8719924925658603
-0.8722312129563949
-0.9162127297477489
0.4036607150448215
0.6599317605828892
0.6070302573353639
0.8246573712961884
0.5780833793895808
0.8517098430559986
0.8467384291674873
0.9335891636619815
0.8436580117501788
0.9148790543974552
0.9050516305403289
-0.26956643747902254
0.7983448517550944
0.9271361516437511
0.7573482212965226
-0.23542627517179304
-0.6587401975002255
-0.7309510247962315
0.5207331110158162
0.6628259526352684
0.19145772757159407
0.6011573396238543
-0.7281765142846678
0.6483349361069599
0.8967380452289964
0.8226227057508868
-0.417348556407414
0.8377043703079405
-0.5807747339206444
-0.7599401054940333
-0.3347074881316865
-0.3810520357635978
0.8413397882520977
0.9360445148099494
0.3970540305079815
0.7909743649315455
-0.3939729889140917
-0.06716071791808242
-0.6935958308460249
-0.7937985639577594
-0.8279019169424797
-0.0334916163197827
0.7071778146607939
0.7976823508268167
0.9220690144328196
0.9623542510359429
-0.18082333124885697
-0.7276218658140531
-0.891608621729771
-0.8862458760829098
-0.877717049102566
-0.11773588391940804
0.7384183203977714
0.6179772279665412
0.852566100094349
0.8948104639674475
0.09310743314616654
0.6310527841753844
-0.639177129998989
-0.7163807133264585
-0.7839992498764158
-0.8561445012157505
-0.8897912463224286
-0.9337552338319821
-0.9133907274798063
-0.40292477710633023
-0.8114150883483884
-0.7523463168554173
-0.903396837848716
0.44606546219242094
0.6709608269019609
0.6576622479950724
0.8669207919667656
0.9273632415753037
0.9255219033187105
0.9367386484242795
0.9639888188052155
0.12440222798455358
-0.02260803281579915
0.07331333487257763
-0.805943408273019
-0.8524006375381835
0.3618403031843367
0.8057771026383167
-0.41066488074209584
-0.6258631038679362
0.4515154486096151
0.639062243449583
-0.6559516557194986
-0.44300367079401104
-0.7294975515366262
-0.7776184421008616
-0.8682186333097291
-0.8718085587843646
-0.030709158651498702
-0.7293155462050179
-0.8847364991023664
0.5527831085489872
-0.7936537597525465
-0.9068526639346929
-0.34013665574387764
0.7966649875888578
0.6953429728766973
-0.6615495391750272
0.530515771149169
0.8889541804538925
0.9053880876488278
0.25923321804793287
0.8345024488040755
0.7427037670795495
-0.11198976582484366
-0.6597106520432349
-0.8594649519654567
0.35447976634278255
0.6493123276805959
0.3752885562762529
0.712849326347677
0.7817629657985512
-0.21928522449705
0.756393369595248
0.4686355778597495
0.6435914616239959
-0.7409331356059493
-0.854546387289595
0.5712597358143172
0.7647739915119625
-0.15081518259930937
-0.6830801817089646
-0.10755126071200038
-0.12958664507920803
-0.5795165961092228
-0.6835074656352245
-0.6834406300115617
0.265795180969187
0.5966858911166371
0.823910935033777
-0.4812546284828465
-0.08938055624304386
0.7617350522400088
0.5067885245090265
0.6626115781567672
0.7710313688395896
0.8602165950350724
-0.20870627562451305
-0.31765125687722606
0.6746777314983607
-0.06730452238641171
0.15312328336676218
-0.7925867263029516
-0.8086955931867807
-0.09235600141789369
-0.7391619605720333
-0.7907502192852262
0.542340350632627
-0.3611676657254592
-0.8113178415873238
0.5607463123625449
0.7117636263898162
0.7665872937610401
-0.557351772346242
-0.6763476317544859
0.16706367608932116
-0.7774960251824027
-0.01554396093616539
0.7575467757819341
-0.4093932499703319
-0.781120954296772
0.16343417848493003
-0.7683749806673306
-0.6975950409735977
0.43529311181193386
0.5344056359298748
-0.4109510461579251
-0.819337065475407
-0.9201241067953987
-0.9353551756031613
-0.5526342713857919
0.036450266371979234
-0.7585777418345923
-0.8327063145386628
-0.9038451235257166
-0.025938707569780117
0.8057156901584086
0.8803844575356388
0.8796615883718519
0.8966468799155789
0.9164893289616984
0.9262808083896859
0.21169266617050897
0.34046043487625943
-0.7736056041224828
0.3956111863118068
0.14450916674589287
-0.794761642205416
-0.8622196688084446
-0.8627461597529906
0.5594898933375523
0.587605068612038
0.1898499943368539
0.7825920363768477
0.9058822850282449
0.9080513621816524
0.05241729590951194
-0.6457096590831133
0.16260646076998264
-0.8072396124582374
-0.8155527966998899
-0.665223692300478
-0.8258402398400061
-0.9075639809376344
-0.43322236919923784
0.834182322668054
0.8823326621144132
0.2780161833283872
-0.8155550500791702
-0.6783511348599274
0.27594523707487006
-0.7374997487629277
0.3055485716850237
-0.8063778327681395
-0.5282871402085227
-0.6586814876346867
0.6949203915892765
-0.5161580277278275
-0.09087783590208054
-0.6791771042218345
-0.15284040744379346
0.8133669859222599
-0.10541476467581057
-0.6652037461911353
-0.045755653302690824
-0.7847326161056745
-0.8254058247006532
-0.9178775531588073
-0.9322876352651435
0.10123753484117626
0.7883706701385276
0.8222756511049736
0.8851774028534216
-0.5013009186567403
-0.8403962459249463
-0.12621768138151013
0.7916820200333772
0.7641928507906826
0.7128472247019781
0.7884880385359636
0.9253278967072525
-0.1778340542831074
0.1986156679718254
-0.8127545224773914
0.6126522396480991
-0.5579488563515984
-0.6692819769754939
0.4780757577397121
-0.7529979753508541
-0.4617671781881285
0.8241951151020308
0.8488539838045754
0.5305678948625856
0.6669260201748453
0.8699346743714098
0.9258149469926991
0.9148579961914318
-0.16007729364514778
-0.7893830022567844
-0.8589234751894886
-0.12955811540896733
-0.4581481888944319
-0.6154893921585073
-0.736375506517551
0.6262682681066114
0.7998088211483674
0.7604795667946138
-0.4420674574119974
0.7993854652688881
0.839497693341636
0.009502172174612245
-0.7876703642882725
0.6246387050356434
0.8978728356774284
0.6357814200165517
-0.6960434222540747
-0.8603137549873976
0.21431829496443844
0.596726566535376
0.6937743054843419
0.5437902162952926
-0.8112724339884974
-0.8787926744902174
-0.9282868036990128
-0.8921899110817398
-0.16245692866134642
-0.6383229628148221
-0.7789278295689984
-0.9003005337516402
0.5271746416479817
-0.1930198328719266
0.7856383683713759
-0.6172738559363355
-0.6977835720334294
-0.7591593719098539
-0.8371662909066013
-0.8688194296098695
-0.8993752225622411
0.45386362649251777
0.7221517731505858
-0.4473861631356406
-0.45470939461828275
0.7254356882382502
0.8662509674889536
-0.058701377802014676
-0.7917970387269773
0.234892712606263
-0.17650666227965317
-0.7116906473241253
0.6889836067799744
0.8316134611936052
0.9127526422532843
0.9099099025408395
0.9120755629560924
0.9038415951119141
0.8926057689910565
0.8094467589359595
0.9278516141022781
0.92090395120038
0.4444459792652784
-0.601631067516471
-0.7084686019608759
0.1373920977912324
-0.060364145455185314
-0.7051934645930662
-0.8552146629413369
-0.8765671609267881
0.5461699430918772
0.7180968507828271
0.9102025398666125
0.08361136847025619
-0.7603445795030107
-0.8062866939354458
0.3303249512361963
-0.8107606082816912
-0.8350710408508584
-0.8663609765006377
0.46627836059265015
0.5985799788787001
0.7201786086705344
0.7200518995999665
-0.1912946364046446
0.6287239498440262
0.7789585047617942
0.9033690867635846
0.3008219399937313
0.6047340486015467
0.7160370194458567
-0.431390162177965
0.6903408665618638
0.774751785700287
0.8784769605245464
0.1932251274295531
0.6049868214400898
-0.2354849740797873
0.645369341055466
0.8847996156867424
0.9240079171557427
0.631535315029579
0.7794230253838814
0.538516039308435
0.6763515667126627
0.8548049598866718
-0.27976056691944984
0.25434261182568774
-0.8250055700809299
-0.8809976990226588
-0.7402548966903439
0.20328447686003992
-0.8108818297364482
-0.7563021172307082
-0.8624776371421734
-0.9276128887125881
0.274070785864182
0.6039416350304536
-0.7183781447683999
-0.8278148872460629
0.6008105966794781
0.7927975686300328
-0.10836097060395611
-0.6153121421537058
-0.8561384725829543
-0.9043968660559082
-0.9083926050508626
-0.2247231904005591
-0.3300993691964407
-0.6202588850928359
0.07070552392018059
0.7972217471968774
0.858031178430162
0.8728160299386232
-0.596706963986031
0.7508566788812596
0.09372766397535681
0.676406595332917
0.8563199518997198
0.9022382630251802
0.9013104886765533
0.8938677710888137
0.8857932008724754
-0.5840530881680153
-0.6944640322874465
-0.22147780086718405
0.8362990445981329
0.8509774999593958
-0.3843478349156473
0.05464240803459863
-0.7918378687965933
0.17464362323682647
0.11967882884278702
0.6864417629915354
0.9063439357498144
0.9205250645938949
0.09502123026141773
-0.7450738096786143
-0.8915739099065657
-0.9101804438116049
-0.9288861546817659
-0.9352465068748484
-0.9509058754546015
-0.8378628472078821
-0.9228182505605924
-0.9420443045531258
-0.6553434029694655
-0.8245141831121455
-0.8723095641699813
-0.425054826546996
-0.6106633791176894
-0.31270074318866725
-0.7061946578984103
0.4873025602888583
0.6778088256750074
-0.5484107003800702
-0.732996161375573
0.10042391900796366
0.7851797353358079
0.8663974581669833
0.9366661062953738
0.9540414998482609
0.9689842113595029
0.9536434327254388
-0.3498236062439892
-0.32958363295101956
0.8110416591046714
0.8820945922950021
0.9004527449488611
-0.23023036873965386
-0.6546763919263461
-0.7948754188745918
-0.826471533522702
-0.7982109319600583
-0.8768090655401354
-0.24575114324447256
-0.7948813360211366
-0.07162997854081277
0.7698978018379428
-0.3994930473889753
0.5308352236290437
-0.5035163199438666
0.2343340994408203
0.5978826526615724
0.7082826414261996
-0.02939677361996429
0.10487487950426577
-0.8100484896767969
-0.7560349993756285
0.10617726131867045
-0.7657707047792155
-0.8761299763436975
-0.9351649937984444
0.3272957324719259
-0.8267190937208999
-0.9070945597530847
0.4328844285505389
0.6304764122293867
-0.6594881428737395
-0.7423334304170711
-0.6161204027405621
-0.866142123097376
-0.7495150785756647
0.5728606945008805
-0.7072922412660336
0.5636235626260231
0.6866178874964561
0.7486110308402647
0.3127916265909019
-0.6557503956584693
-0.7309678031994014
-0.7889577265977052
-0.8180836705892028
0.14640755730426602
-0.6359631652060023
-0.863583701791422
0.1457482975963662
0.3399625550017549
-0.6604642708690469
0.6688251571068478
-0.07137624032552492
-0.6792567218001726
-0.849782758641024
-0.886136877410074
0.5155131253926128
0.6914479271479272
0.7848647050681488
-0.09199930215361452
-0.7479804916924595
0.4623886408181892
0.8993575796581836
0.8923071870240611
0.9007173326092766
0.8985294826813057
0.9210845888509007
0.8768819610171816
0.9311393139470459
0.9550076928650009
0.9441684831821975
0.9602990713602197
-0.43151975092487027
-0.6328286385528188
0.33097602850348684
-0.8304738707129754
-0.8719433877357808
-0.7617945078139007
0.6189679039789426
0.737893463923821
0.11683060948474622
0.6285805636516215
0.04566297707070888
-0.7935501502540424
-0.23283632195787995
-0.6316425015468039
0.2721575166210264
-0.6704918229169218
0.5287428871217499
0.675915276439053
0.698506752441509
0.822864934699062
0.8738096805756606
0.24506980030579184
0.5998858388726445
-0.7183163598352933
-0.8925422943621522
0.5197084480544134
-0.7025569146327538
-0.8662396788250007
-0.46910880734885163
0.5882028941815898
-0.6589709992058814
0.6827843659078201
0.7702343928405304
-0.6476491454691214
-0.7333156813235339
-0.7196561875783275
0.14030799947150618
-0.7775281572207466
-0.8336515182234537
-0.9161609132836606
-0.006027099979510009
0.7249096540715809
-0.256262736126045
-0.6678979670901214
-0.8503573447504154
-0.8725083609697968
0.363329431888725
0.6086399097357538
-0.5813140914856281
-0.7698370129038767
0.1585814768992515
0.7093144434265783
0.9057894920591953
0.006952109151675767
-0.79603620570727
0.5876958733151338
0.7663751384162059
0.6439360637945033
0.7611632090329519
0.5494589885718641
-0.38728785512615205
0.614327521582793
-0.6777862113412124
-0.8840384660709725
-0.9117162275382171
-0.7503354975621931
-0.7875738273756678
-0.8156259087840045
-0.8740478127911593
0.09431958531400308
0.6428220912295857
0.6662183753933932
0.7437803310614111
0.8012349841761248
0.8441009293013486
0.9409588304509298
-0.4002911951922543
-0.572036050455939
-0.585603754887364
-0.6963609205724498
0.485868755918885
-0.4911510740979821
-0.5932364987124004
0.4061971717292767
-0.830481746504365
0.5781906597323816
0.6958603277737792
0.7700626044644847
0.9136640964709895
-0.5435173670911706
0.053765440138007214
-0.628083872501399
-0.8002111625898277
-0.9041984758559468
-0.9024593081631559
-0.8784632869806858
-0.8804604249356952
-0.8831519752554959
-0.9292986505218072
-0.9510709688625457
0.28875132707956275
0.6550768930656632
0.5044297840331036
0.6679662474064092
0.768398860202326
0.8783367183974702
0.8880803326343518
0.4075377111829097
0.7001710599515019
0.8427205658310781
0.8079407652906652
0.9088684092267802
0.911754154861981
-0.16022396050656829
0.4962042112480851
-0.7646438227190938
0.44149168902007285
0.6701935386416336
0.7357839430576252
0.8496356680002084
0.6858348035878794
0.7791307295119727
-0.4512198710218256
-0.6199655780099809
-0.7079098946739311
-0.8858435245011159
-0.92055426505772
-0.9697107713038725
-0.4121789512505696
-0.6081723370251213
-0.7302615813465368
-0.7684173985587477
-0.8832021543905662
-0.5279977017743136
-0.6560005430201237
-0.8797159449400439
-0.7953989310322196
-0.2904205106132749
-0.5968717493864142
0.44762861949289756
0.7595886443392283
0.11670923276548262
-0.7949175044262475
-0.26628975002558386
-0.7956614296717869
0.5284968974396145
0.6772215981808476
0.9006385488250921
0.9536379293649493
0.22454666969324522
0.8375175705029803
-0.2693299378702032
0.7610958587110186
-0.49391872501419964
-0.026785607691024005
-0.7247738210683676
-0.8843308195997492
0.3565600150128856
0.46691764983744055
0.6355180651993677
0.13905803865662159
0.6577497995698403
0.8208052626766944
0.1351059840370863
-0.21917546649867137
-0.6236602529285847
-0.7460649477446947
-0.8246039478655248
-0.8738537572496143
-0.8688934427605013
-0.8832720135235813
0.2994092907971777
-0.8217135987447438
-0.8301764152093223
-0.8695142798032458
0.2773741118089583
0.6878557661338707
0.7565517324488951
-0.659383081907233
-0.7242451062847557
-0.8731433762756873
-0.9039084864032586
0.5313476989541768
0.7111726369012656
0.8309424677778467
0.8452200466208424
0.9154052931484611
0.9417085100379514
0.8674757315171131
0.5603531008552427
0.6859684583147303
0.8118205975454711
-0.6017940005567848
-0.635389733155792
0.257933185096197
-0.8134394243664448
-0.9122979402614043
0.08373779863678399
0.5251058158300184
0.7681836491575307
0.8072522376434172
-0.5910222122392609
1.889189996195917e-05
-0.7291207663331183
-0.7965011553193405
-0.7911641778465374
-0.8779172391488084
0.06371580830929258
-0.7498003949283535
-0.30782678281377107
-0.7665443064316002
-0.8338246580002673
-0.4745981805732371
0.8198424362177785
-0.40632917315493167
-0.608749462320219
-0.5708372085735844
0.4839606138806938
-0.4066204334151453
-0.627423579026797
-0.3844929038355118
-0.6175606721421926
-0.8492796868550386
-0.7505803652454067
0.6189982625278676
-0.6194777437221045
-0.8716727632392577
-0.8398927832815489
-0.925394347785443
-0.9266808981462338
-0.9364495555904061
0.5008968858292959
-0.6183828593231503
-0.736312304221206
-0.7892568286363102
-0.8088213668599518
-0.8234793910420645
-0.16019023461763338
0.7459061974974277
0.8688479612443343
0.9376804974417994
0.3918558272695263
0.7080831540767909
0.7618866731518705
0.8277747650830809
0.932788987894855
0.9606827080492268
-0.448936925413183
-0.6312137454351551
-0.7200748321821983
0.38423876116460987
0.4944964347574363
-0.2728062414090595
-0.6012262877133323
0.11481202239996091
-0.8045905591647237
0.6185333792334264
0.7266279596041636
0.8320685530786307
0.8569438230487825
-0.46340129692680754
-0.6784877857191771
-0.7695102071025246
-0.8737520112318505
-0.8967824361613342
-0.9134044144352889
-0.9390553678353097
-0.009235826701179173
-0.7251646573130236
-0.8937198788470542
-0.3052226795940096
-0.6033037148412744
-0.7212613646026093
-0.8260488333388631
-0.9123422171189368
-0.8915845913582655
-0.48524346293055665
-0.7806993186539576
-0.8173117744944062
0.21708976885265674
0.6376144975359128
-0.7395215154484243
0.4715707739310553
0.8986109883019238
0.44857621351935273
0.7563240284545782
-0.6185206089990659
-0.7499196818797433
0.6321336483081137
-0.7515205285833899
-0.7884695036822894
0.62638730607695
0.760993273397143
0.7908766863366152
0.9278131022493123
-0.5417555038725688
-0.5046978326952445
0.7442406058647315
-0.4708220613177101
-0.7320683543143212
-0.8629232272812724
-0.7393423335458988
-0.40325735102994087
-0.6057059663706958
-0.7159957697225021
-0.8022415603150014
-0.4119876965272946
-0.7689926617714832
0.6204864028299342
0.13295915537570213
0.612145720772671
-0.2866428614126135
-0.06552452171531797
-0.7195810227452408
0.010278429100294417
-0.506372089130807
-0.7537364567096846
-0.19288265129474924
0.24423383311994495
0.8019798015693398
-0.6242843995706009
-0.7418931499368939
-0.7928609392159783
0.2084504470066293
0.6187492451838541
-0.6575589037789447
-0.7290538615935866
-0.25691389279989796
0.6456584791267226
0.8327711050224351
0.8610816807515855
0.7824982181167075
0.8115432794723316
0.8414451951751356
0.8824648121697865
0.8929470575964855
0.4630871765526752
0.6399958347090757
0.19297561829154408
-0.8033455689206452
0.2536633684272125
-0.5034085073829768
-0.8258314389171596
-0.8259954866893304
-0.9211077671064847
0.10875423005580598
-0.8039999862064624
-0.8792867839057076
-0.9281393842152212
-0.9504274521830041
-0.21620103696717874
-0.31953530178397394
0.6259873621012322
-0.7336949498048513
-0.8028297001122
-0.8537545857014004
0.46118901584594885
0.556113682263671
-0.7962073306786956
-0.09259198278541114
0.7192541779679027
0.8036118460147941
0.844508968075117
0.6522882853357335
0.8806881721538746
0.8788890234231224
-0.4040120409288317
0.3366440534671373
0.8811497813518934
0.9304375136995067
0.9625834608680919
-0.3768272765482037
-0.737221289248675
-0.7950967127427286
-0.8838360426181548
-0.676429995445422
0.5810072205383878
0.7475532252299144
-0.5671864523236054
0.7327950630542575
0.9146267575907896
0.9232355980928026
-0.24795460325801444
0.8266879985569335
0.8524082987093478
0.7573784499229486
0.9169904682933361
0.9250548553378437
0.932009410467949
0.3451540551525776
0.6233352915304897
-0.7388082526718485
-0.6149884573227211
0.7320851586450645
0.9173269541566647
0.9249482937360536
0.7809690786429841
-0.6554587414695413
0.27996479085513193
0.8665181449624588
0.26687231067751216
-0.8165162654440966
-0.6981813365482146
0.040518121799533624
-0.7347141272664054
-0.8002869868330417
-0.4261429710801403
0.8061471518390071
0.9028476590825132
0.9054202291201021
0.7344284830572076
0.6149806637478259
-0.07390918458919837
0.7544220889218078
0.15111904464742376
-0.7904222341479613
-0.8485721762887376
-0.20179546092578238
0.146183524926508
-0.8014787701897179
0.11606550200680599
0.683502597435748
0.9062539294540961
0.9556684993941535
0.1258989397446495
-0.6371534450133389
-0.757995142682673
0.6261554557490625
0.8835611244061561
0.8839510893815474
0.9479773025437097
0.9427262918270187
0.7365946093914937
-0.7300810502871503
-0.533867400972651
-0.6633000126819053
-0.8811888143982419
-0.93455000624276
-0.9301999474893358
-0.9053697499967751
-0.892858283683323
-0.8847717059685826
0.5274145607433931
0.6753825568835115
-0.4818722166742495
0.815028147377127
0.9009174552828438
0.07368256281498287
0.6415505092516447
0.7630992685280125
-0.29332654639410016
0.6388039200097995
0.8134772727325352
0.8807185726918962
-0.4398997996816649
-0.646117459587731
0.07882761260547944
0.01014456497254601
0.6529929248895787
0.7587865898994075
-0.11788878510802125
0.7742070940138206
-0.504103590693592
-0.8329770239961094
-0.8961220532545746
-0.8875608665002124
-0.9066303822068736
0.12291772781200239
0.7748770902375541
-0.32180609297163154
0.834910514918431
0.6453475104237285
0.8854541696692075
-0.3933749746281874
-0.6329028604585768
-0.8737053482298998
-0.8814708050892248
-0.8226612234672165
-0.8605039952191015
-0.6348447409869538
-0.7402007079936883
-0.7908554268608068
0.17010170609902842
0.6390092066471846
0.8769817146759624
0.9068948498511558
0.22137664574827642
-0.06352855680139347
-0.16684631749843648
0.747399656014206
0.7974295418111377
-0.49477491454627565
-0.7360350784733853
-0.762702561613
-0.8500984397286871
-0.9248363870261421
-0.9080449591768245
-0.9207212041375845
-0.8550261489467412
-0.8611799969142806
-0.8617459604316219
-0.9263177286170584
-0.9138424426879856
-0.9205203638398777
-0.8918858866528376
-0.8874651936814814
-0.937256336435071
-0.9461010019840059
-0.31196845361932346
0.6331476666356186
0.7535744459496765
0.7878038796630318
-0.5686693080563501
0.2610936159132584
0.6608997596945578
0.9000636703373444
0.8895843099443332
0.930144630184975
0.9174133938093221
0.9536801186687944
-0.4736097963397723
0.765420151459707
0.9200057434794295
-0.3510152252534917
-0.6871991198864024
0.39149513740800046
0.559921370462255
0.433887233280253
0.3548187482294203
0.6788817757711041
0.7671162258667243
0.8400505445743696
-0.2580524281863912
0.7631759611688544
0.748389373606585
-0.6266351373855176
-0.6317224280832193
-0.869331041652277
-0.7789692549380587
-0.158099272911441
0.7731788495380865
0.8104550995849176
0.8383676638498307
-0.4397962364814154
-0.3185660118589966
-0.19722387882295545
-0.7033657518876807
-0.8800074195411226
-0.9057724652826422
0.514846501173684
-0.6757347870158773
-0.8287664961635771
-0.8541048543412794
-0.9041017532124044
-0.3859648457611007
-0.477411015153266
-0.6357258041347746
-0.7188423305446964
0.4562407863870772
0.8566122956334541
-0.6380305421309026
-0.7637292588802028
0.21125265397274018
-0.6241946336543207
-0.750018254030034
-0.8100494499680162
-0.8403731936963651
0.30542000663127
0.6877022897778844
0.843470744009928
0.8298519735200289
0.8847778648925868
0.8945789015961962
0.8928581869796257
0.9473960752333241
0.9411568417106431
0.8842093514013614
0.7478950484784936
-0.6010160674986585
-0.7954280042309998
-0.87298691323872
-0.8264861789819417
-0.8538425707834095
-0.8833410411943287
0.48159152104670233
0.8652380266122564
0.9290562569238505
0.9297943875544037
0.9197265810760407
0.8922830919713596
-0.5497191600055391
0.17835576600528147
-0.8015916867561254
-0.7816938166436502
0.0016941297376351638
-0.7153947918548903
-0.8111077471237138
0.29693081296236734
0.13379965550569817
-0.7992394722027802
0.3765497682520851
-0.8038023342879427
-0.9120379802706832
-0.5656476333858298
-0.7033211449437469
0.5717736368352948
-0.5320462927862051
-0.770557366344303
-0.8171064830694713
0.4577890107930622
-0.45277662422828513
0.08574554429141812
-0.8045361633344953
0.6228329992818022
-0.6862157041617849
-0.7655097628221975
-0.30804569858250885
0.7116686758714506
0.7957147131776263
0.82582653687745
0.16045131648857014
0.648762986084092
0.1090806467882155
0.4228930252839309
-0.5320297432731791
-0.6281912414559854
-0.8022115697330309
-0.9061414249207524
-0.9132844810308665
-0.5387213982339807
0.7725511175865163
0.8485167154966751
-0.28125431815462254
0.83772859781501
0.8882622418573882
0.5470233233394091
0.7511381106764128
-0.5542724935297554
-0.7993770164537342
-0.8653401309125083
-0.5623366961503573
-0.671844489230559
0.4980908598539677
-0.774840283734945
-0.8693851771421083
-0.8908726342547103
-0.0945252602927813
-0.7223782187975414
0.3192144708227702
-0.5949009422683776
-0.3050174476033296
-0.6130535335650621
0.7409701320327067
0.882246052167792
-0.005146858531937415
-0.7225211264485304
-0.8308468105383452
0.14196133391837695
-0.5995496301266822
0.7476983821911587
0.6436480181593962
0.7843269512871338
0.11597689477614925
-0.7942031496127493
-0.8991848546861136
-0.9195706863912743
0.49047423645982335
0.6823189117426958
-0.04436869733673232
0.7982021190650095
0.8685058415378302
-0.20166163139267534
-0.6461954874157809
0.5706030245960394
0.3491775179828591
0.7691575833410227
0.8312962621048567
-0.5907537428816811
-0.8633482901322459
-0.9106170231548999
0.4929048602603354
-0.06240399777537342
0.19838439506316163
0.7952124598052512
0.8699667328675493
0.9052711214674944
0.9061403087987701
0.9011149300177619
0.9068730118090793
0.9504204239387379
0.9710514386086524
-0.5105572244987782
-0.7788896234978087
-0.09796329624687106
0.7988509947944105
0.8280912528735167
0.8775736091109849
0.5057535340985757
0.6967438353294291
-0.27674666831027595
-0.6689669234850374
0.6089946415903105
0.8249333091591764
0.8723236982508917
0.889744500750113
0.22803788749112974
-0.4776479292788942
0.7619495368578673
-0.056249780841983066
-0.6052722768862627
0.32770565458287737
-0.5652050261409636
-0.7108134116455267
-0.8866493018501057
-0.9261047979126104
0.013210686665950488
-0.7809608606389001
0.6430971919545947
0.3379579289276402
-0.8035425626181039
-0.904098084636586
-0.4650616334364288
0.8209473215077849
0.33654259508112516
0.2765741180527932
0.6406904007868366
0.8935583278018264
0.5144122406631444
0.704803214503529
0.7723668158156667
0.8022089490608131
0.08432175709032852
0.7734618946645055
-0.3475174560630401
-0.6808010161000863
0.5998436828856086
0.3446182502172219
-0.8220634994846422
-0.8908855145209622
-0.8728465364726896
-0.9322075294757316
-0.868244273950331
-0.9280243092516177
-0.8877255770381588
-0.8827729308938345
0.5560162177335257
-0.6793676938802502
-0.81350704327044
0.5697261865273899
-0.7786036365015518
-0.8524973607119278
-0.8636286078362928
-0.8757694835599761
0.5363515378193313
-0.11805784020592558
0.7560700116232912
-0.6778751873806712
0.6708655207217948
0.7705566085367164
-0.6842245873241872
-0.8739165210167615
-0.8909432161297993
-0.8874358341070872
-0.9042181006773938
-0.8923016822515568
-0.11336413781454646
0.08223871029047558
0.7604074455925447
-0.37109151434611753
-0.6112937104317896
-0.7718588916392779
-0.8371447161069214
-0.9162619789342785
-0.9351649043879741
-0.9526109232474619
0.14440595828938796
0.7822895663648495
-0.028690480162027132
-0.7032378295290573
-0.7440517591309596
0.5435474382125587
0.8229866313619925
-0.31685744407882255
-0.5968558573240408
-0.7378351272821394
0.2397778130987802
-0.496231600425475
-0.6432386230719046
-0.7806294928384772
0.565980560013766
0.6968223692222952
0.7938681343015659
0.8220829760614932
0.7256784030057271
0.703535361669066
0.9047319177022024
-0.1697059540657504
0.7480760807139493
0.9250392136270336
0.928607660667718
0.9162581479667298
0.9126299371664144
0.34018417515021704
0.8663500628372318
0.8688124478554335
-0.5177857036783629
-0.48811022981215446
-0.21574191632090045
0.7718947022285516
0.33129052952884175
0.7831107888479771
0.7873468066459928
0.4846568206298356
0.6502771767736821
0.11462777518854406
0.7380176454577809
-0.4185583000143287
-0.6732401434315892
-0.7529686303328047
-0.8254334199142085
-0.5516364330039698
-0.7952871140386955
0.4849168325789013
-0.811212131356483
0.3403181598140266
-0.3982266122626781
0.7536717055985365
0.6656305615916429
-0.7007284711247217
0.6860177005930101
0.8704483579828828
0.8721467446604565
0.7404853621366156
0.9133680933776736
0.9106729760613603
-0.3916999086209887
-0.5530821220516486
0.751878109896934
0.8160010843812955
0.12203004427243047
-0.5750642262920029
0.35600934482154845
0.6933294337432587
0.845908337692524
-0.5386105819876206
-0.7636012353290695
0.3176262096755522
0.6000339658457465
0.8554664455980323
-0.16384843952619632
-0.7873490177828906
0.5067834992434344
0.7283518887654468
0.825953376372442
0.8443498630746749
0.1407201948004162
-0.5687881686011682
0.7190473572579548
0.7703793366991432
0.8977148893137674
-0.0027703198838209264
0.7527407114778477
-0.5661432377611555
0.48889095849396846
0.7280941313286597
-0.4070627558345783
0.7664479418854147
0.44195114095100174
0.6683221684068859
0.9001757173506519
0.5603777736889539
0.738242081413975
0.8626410020874629
0.5525864782893499
0.743741887423673
0.7184355718637268
-0.3220388818576283
-0.5222572857196257
-0.4381521067579641
-0.8274152773698313
-0.8424941179539555
-0.4906164923367602
-0.816843688092731
-0.8279767624256267
0.5380810993717107
-0.23331464231971055
0.8368469576445132
0.18789420296633375
0.16191827466541353
-0.7082971834031998
-0.7655669795885142
-0.43686209276491095
0.824454927764348
0.4781074982148683
-0.8089679199681395
0.11032082095676032
0.6743030367936134
0.7453683137019913
0.7412608386847361
0.871055577172587
-0.35371114480037225
0.6427470811691169
0.7754966307213367
0.8839080293532924
0.9494704101962343
0.9463043110729219
0.7159756290268835
0.8113797236057121
0.8650711832650184
0.5953798581195786
0.8427935877077448
-0.0064260886150036
0.8125153850468598
0.8431027602676637
0.8970015807816412
-0.3866540807866299
-0.6075506727074311
0.2802493633722518
0.8255624456112451
0.8374803811708371
-0.3966211500459089
-0.820471727713906
0.3643643917311956
-0.06402570660107298
0.7044234760010297
0.528652047470134
0.6707605178264486
0.8921828953364199
0.9163978282378931
0.8312693319200786
0.8312748959907286
0.8448590010776929
0.8116192622911227
-0.18437090260586797
-0.643663803968755
-0.7459522761960106
-0.8904042067649617
-0.9364702066026852
0.3979467591273038
-0.6253254287574357
-0.7697037962072214
0.5165419048942865
0.863453073527743
-0.4085371488542544
0.8395279436284937
0.04062508593202718
-0.7389977792599673
-0.7914876860232635
-0.18872922921876434
-0.7522480994752112
-0.7817575861944075
0.0023728504384818994
0.09562906570589536
-0.11374421619863906
-0.7621196489893365
-0.7855919342899559
-0.37803037611455936
-0.644691960637342
0.1608031859412855
-0.7858922651547241
-0.8352863691115345
-0.8844960965458384
-0.9325409446347632
0.10902759341971047
-0.7818919800535427
0.6416401294931047
0.7922074779374635
0.8494025431623078
0.5754564335327188
0.1296908432909154
0.5179966549480579
0.7757287311469698
0.9034831905387157
0.904048314226334
0.947927159544429
0.94127628184227
-0.0408922744257596
0.7035757213372988
0.7743188596501438
-0.22074514198150674
-0.7629150081807241
0.46527378443866163
-0.6416111547444139
0.613849410147423
0.7513243373320886
0.4200848242931723
-0.8248432126328502
0.2586061135944311
-0.6200761683333385
-0.7444244174330383
0.6579677751516388
-0.3188753005232319
-0.5382445439597956
-0.6731089906652049
0.6470112878704615
-0.24892923458009575
-0.6073973052848561
-0.7006166887858849
0.1107711863655021
0.09114224860344433
0.7945459215182293
-0.5288098793627056
-0.8315462233254524
0.5089014638229223
0.6950919121224282
-0.31869157707647333
0.7417771043190162
0.8207402353504649
-0.29788762235622324
-0.37428159305190833
0.8454904912494372
0.7263507374191336
0.3991159058327003
0.7896237291703818
0.5602128578237984
0.5258936836032737
-0.6539548024889235
-0.7875725523025106
-0.8188666489866993
-0.8769195629441258
-0.9202713375900397
-0.895302101388879
-0.04077939137889475
0.6902985701093243
0.8266213970023226
0.8402532386705526
0.5554504960955022
-0.649667259418688
0.31867532455660785
0.6945557570674914
0.036727615427743165
-0.5126042674388749
0.8043010900975334
-0.23308265746987078
-0.6892146918209667
-0.8186302720274742
0.39821882424495714
0.7603151021409025
0.7263038748531778
0.7788387555684031
0.842464007148122
0.8559942972287089
0.8598471795365488
0.8769599398831429
0.1813074890290387
0.6014438917845848
0.22137070591125885
0.3109579077059976
-0.804083349071554
-0.891022342099679
-0.8963516581275204
-0.6526781374487192
0.7172682266782899
-0.10005647233364856
-0.6674934113349984
-0.302426975260909
-0.3235090068957285
-0.8015524286884476
-0.1569651293483314
-0.7393721201332292
-0.7857692837884407
0.4247451632976882
0.8980979973143566
0.9385235472897036
0.9302664464213903
0.9185850700338734
0.48891651742804343
0.211564774139821
-0.8119961611596368
-0.9111382311086942
0.31600330303839597
0.6398360191672843
0.5032291684587722
-0.7922655933398811
0.4230922778140347
0.6743529085816202
0.34154484968640775
-0.7191517496916441
0.5937641917153302
0.5842427435252351
0.7310233753633566
-0.10490549380184788
-0.6947947801505693
0.16147134135325403
-0.8051203790633299
0.4655039745235501
-0.8240884943272713
-0.6029898527395391
-0.7324176697837004
-0.8522096445382116
-0.8747320467939527
0.4475865176416616
-0.7345359408148512
-0.776495478336657
0.2523654122644887
-0.2030897562281
0.5699931664540674
0.6919014054504873
0.5439039721760472
0.874575373711856
0.786401153502087
0.8314872895867611
-0.46938480211732525
-0.8378488460462135
0.44796112770311747
0.7617875880068967
0.28015882505445666
0.6275322851894287
0.7211457797782266
0.7665025521333451
0.8250864356443242
0.7801479008148033
-0.40443190180921507
-0.7574292254860957
0.6263967113194864
0.8918720990548523
-0.572962433820926
-0.8514954712511132
-0.8954684131973423
-0.9244283373259266
0.036781461983199204
-0.37686860845899894
0.8243373721760492
0.8425117489162803
0.8912436942146156
-0.5868408578386801
-0.4653318281789429
0.7122712823321911
0.36226010491999405
0.8933874429888748
0.6416268493415915
-0.7560734400304713
-0.8752995516084784
-0.05608279016808693
0.24479850508448542
0.6922145090944551
0.7934751189444931
0.8501368027608243
0.7644026954636207
0.5772039090724499
-0.724085283363218
-0.7863972601561242
-0.44351517502258475
-0.8003239754903592
-0.8297456055810795
0.2881800143925559
-0.8182863784195411
0.5481796410497968
-0.744607391034483
0.5577081972635887
0.7864143165782342
0.9192215131823984
0.6308479588998719
0.24482984775720107
-0.23517894917443916
0.83262532608287
-0.2055416869976645
0.6706545856320141
0.7835983075523283
0.8736002689897535
-0.31622293473675245
0.4038492683923012
0.6650583468956068
-0.3907258353751417
0.49836512260195254
0.6815727541031495
0.8741134290728823
0.25086147111564294
0.5946367013488383
0.7117444986772232
0.7891309799814474
0.8314499239510049
0.8443254085138123
0.8937963163494616
0.16458424164248453
0.00045589952148894497
-0.6711783910246721
-0.26125857871566405
-0.6107407665894544
0.18725045276982288
-0.8098604007141137
-0.3871767207424637
-0.6595051348369826
-0.283700174628047
0.7352864004555231
0.8485386159856427
0.02890754434792897
0.6913415582255398
-0.5767835058818112
-0.7246827476677201
-0.8896242997512606
0.2848861009261838
-0.32740244967634746
-0.8001050826120473
-0.9122953972987778
-0.8898059307967983
0.364610293919708
-0.16566314181340047
-0.6770049593768352
0.2107219469145578
-0.7253087660479223
0.5374775613338298
0.6746552144361042
0.4547005588515505
0.7017716258367332
0.8712754576534347
0.10391230303657673
0.2420521694748652
-0.8173476073872792
0.5619066292333466
-0.5366682320870328
-0.7637219618766589
0.23921927746360638
-0.5913574735240026
-0.6029544814143392
0.7260956598970718
0.8728613188867007
0.8742738777237562
-0.39747038687524916
-0.609196384036937
-0.8525842360657854
-0.7628173914239632
-0.18868685607550195
-0.6476950465550085
-0.44117566540803055
-0.7311615483652132
0.5380104055190358
0.7327622622983265
-0.4733977543876664
-0.16953070480679377
-0.6562730035189706
-0.7227376409564056
-0.830237975076779
-0.9069864932218266
0.5558494379294296
0.2936954780474468
0.6016750289685706
-0.3855685066882615
0.686832464606421
-0.42314470778901625
-0.7814265531392063
0.23560361112216044
0.28950191119352553
0.6813254523381709
-0.6427185837037314
0.07341639052909654
0.7902142625772945
0.8688540366620703
0.9205184359736458
0.93306950549396
-0.13708165713731169
-0.7417523573565317
0.5381735917400421
-0.44166285408393735
0.36917593279273286
0.6620621612816266
-0.1718792506356588
0.7701670189095642
0.8346705436524922
-0.13538793514208525
-0.6684483225789825
-0.833908290119287
-0.9119629488604825
0.277352550259915
-0.2958610711194438
-0.7512190860159651
-0.8989977797127835
0.3738547995613879
0.6730433697569833
-0.4030725074628376
0.8412271000969562
0.8537288512193706
0.7898107920287367
-0.4435743695458765
0.4055957187364563
-0.675332359242895
-0.7840775007984163
-0.5979534069242329
-0.6972185880790227
0.47931876238953186
0.11875268850107124
-0.8052203688034879
0.05794250926879352
0.7317489615205683
-0.2587094356270494
-0.6590737719197416
-0.13656076777314086
0.7440675884651531
0.45222599907267313
-0.769141778311742
0.34311567757686845
0.6070859069184575
0.7684164078410205
-0.4188965908535729
-0.18161100774165262
-0.05431299182751226
-0.7876536689778074
-0.8396462148515159
-0.838706401502835
-0.829007666255791
0.5937977984055538
-0.6802053833161028
0.5300054667376399
0.40159966042130324
-0.7528704233629603
-0.8470559695063102
-0.9182290212992564
-0.5913942076375093
-0.6860662385713752
-0.8257189410849426
0.41238957149019195
0.45714243291785706
0.31682740382061625
0.66221149025529
0.9009635907067082
0.9418983721574408
0.9638594628785306
0.8691866568158713
0.8880952656821852
0.9148418667469709
-0.021985300322855617
-0.7206798020394386
-0.17057604225653744
0.7512920537919465
0.5618281536915422
-0.5354826189589825
0.5878130454170545
-0.06729068759164503
-0.7054036641925242
-0.7669948462717583
0.6432485761301219
0.7541901281616961
0.7811732202868649
0.3986429108169345
0.6267997552251898
0.7131763890900318
0.761801183739758
0.2991855462058435
0.5980488684691936
-0.21391478492835425
-0.6173743887530988
-0.8690812622424029
-0.9275151057423625
-0.9450971667151707
-0.31596875799887214
-0.7482494421594508
-0.5077268082737805
-0.6273859973179546
-0.8089543998919807
-0.5366550245702852
-0.6600044992646693
-0.7339106030538048
-0.8923785619948983
-0.6785446327519598
-0.8791133205014521
0.5661371977358731
0.7230972784388643
-0.7165487806334615
0.6846015316871925
0.7951912329163278
-0.3557877541361776
0.8490504632054063
0.778727340209026
0.8050160581186276
0.49967387195934543
-0.7897104762687703
0.610838577521654
-0.3174202839111313
0.759693837296153
0.8251014736487174
-0.43062315709786136
-0.8127363960747391
-0.13020479592633794
0.07219775984160437
0.6334717240648986
0.5984189919456477
0.7876301710592768
0.8355464223228071
-0.3874279904992164
-0.72341435063467
-0.3069089703115395
-0.008668916115999181
0.6702568903056998
-0.6494688607822852
0.27750231494303224
0.8353951990686592
0.844784632736989
0.6617453089483691
0.8981666796829286
0.5760335717956935
0.8698043885575892
0.836507556054719
0.8840363167308933
0.912279082392373
0.9280344607380624
0.9342840002154904
-0.13708771130134845
-0.7006983362158841
-0.18606376551552617
-0.6377176041236906
0.7324482433290138
0.9154274128715485
0.20693963762431777
0.6317595051460614
0.7759726554486372
0.8118064580537923
0.8247746611997886
0.6573896253341458
0.7372356669500959
0.6225687767416559
-0.5659433706688126
0.7319436101237204
0.786633577954128
0.9095234049222534
0.9093179233956714
0.8213657211313483
0.9183779625657971
-0.40370609742005126
-0.7667598061560934
-0.7994285052244059
-0.8780625424449992
0.5213383306513231
-0.6514521351875939
-0.788130676206902
0.3287986488514987
-0.7975491232879803
-0.6269365265472975
-0.7128762543531602
-0.6507645149401045
-0.7304954803988543
0.5800791310845341
0.7323294672136023
-0.24043587160259738
0.7845914380528882
-0.0878548511556696
-0.5415214470190381
0.7564352997392596
0.8087312796486013
0.6179462020311777
0.8479402807708201
-0.5228323021308123
0.7953606776224993
0.8781947101359651
0.9077658447434318
0.9467011039495759
0.9659128030900244
0.95157135319205
0.4021597782416486
0.060106187033663216
0.6976932552570363
0.7646663351162435
-0.631176446461233
-0.48143732210630175
-0.7580595358366523
-0.8390351864384863
-0.8503832794565293
0.5092185093783883
-0.7667236336776567
-0.7816080194936659
-0.812350006297221
-0.7699479163642349
-0.8652672233803317
-0.8600277204947284
-0.8942205214103992
-0.3610324048488085
0.6172800603573572
-0.35615325870163916
-0.6549940132527724
-0.8615431764044589
0.3539559247773707
0.7103262787699409
0.28155277959674607
0.8732252606654993
0.9355936634599009
-0.35219277096432156
-0.28330196891581294
0.7774863826728364
-0.5572584415663147
-0.6702590963728365
-0.3846842728618465
0.820959024404172
0.15774513269048995
0.6196636431933602
0.7251937412380804
0.8445641313124266
-0.3327302482044623
-0.6751341957162988
-0.7706822843428355
-0.39632469568885
0.7750543695751053
0.889415394444957
0.9326050614918462
0.9299284365353973
0.9149659850188161
0.9244651604901726
0.5067510033205698
-0.31766701736564085
0.84828261460159
-0.3284901812381822
-0.7598878461541804
-0.789692306175815
-0.8794271757619371
-0.8857673418210893
-0.47778469451435757
-0.6682812666900355
-0.7680927178730438
-0.5389588563691119
-0.8160271542341004
0.10565143761304285
0.6327226360921341
0.862871634510608
0.9326706584144986
0.7674856390475637
-0.6183396351754177
-0.4105450862792266
-0.5028482661305167
-0.7661693257975313
-0.243384388052988
-0.6180393615894109
-0.6351491188202187
-0.7613315562966094
-0.7904305795515528
-0.8682904746113004
-0.5983719709537878
-0.6925599497117971
-0.7683563728838875
0.6229130744987732
-0.7631791635738793
-0.7878026190937378
-0.9097723740086681
-0.9120975042706942
-0.7290249376094475
-0.7744188293417336
-0.8830992558562882
-0.9234600302072979
-0.9290668222705672
-0.9200292843166775
0.2561256560414342
0.6799055128164844
0.705227844916992
-0.657219265057415
-0.8751035875825882
0.3089194214438733
-0.8179757324481458
0.48818785430455747
0.6545281353915844
-0.5082797876579503
-0.609536082835038
-0.7177597011158181
-0.7788052439050588
-0.8134188172696526
0.4195724436838739
-0.596589043792868
-0.4857807356592323
-0.6632871090321941
-0.8714364511984917
-0.929276830031048
-0.8342836765000136
-0.9004627451725808
-0.9435212805767543
-0.5265825722324473
-0.6656070216835492
-0.7517939826606904
-0.8660508660836364
-0.9084748442645625
-0.9181506959379679
-0.1896922013337663
-0.6967828255977315
-0.8697317571208504
-0.8412147508691047
0.3662240309848377
0.6650650097369899
0.8916654170738776
0.9367694136448586
0.7964712264920493
0.6481094684305184
0.8880746640431589
0.9102974631380543
0.9377940983687008
0.9216194478500006
0.9063474369771589
0.9299947333914054
0.30964417979681125
0.6085056837896892
-0.2984284508595687
0.8484904869345777
0.8481352134499229
0.9234689914430578
-0.12783331888325455
0.739198084013424
0.8870622193429953
-0.46832587009179516
0.1923657297870549
0.7923964268982855
0.8239564585231383
0.8592882852666943
0.8879052587347542
0.892133368620929
0.9070540131731091
0.9232690778629344
0.744240444132638
0.8679365104807955
0.44796246934233097
-0.48821038651509685
-0.6910263606693988
0.01309424410463067
0.7790212594180945
0.24678170772616403
0.8521051829030013
-0.20936554916042516
-0.3364569837174143
-0.6114791112522958
-0.7025919810500814
0.2692905828593686
-0.8152168742348093
-0.9146892847958132
-0.9042217633195058
-0.9259668494518063
0.22327139425755593
0.5978074949174379
-0.6970751911863882
-0.8147211431615305
-0.3936220331584164
0.7076771213109321
0.671183452147684
-0.28104323167726775
0.8000580906748269
-0.3165104871895894
0.7247077311913579
0.9217078860007815
0.9619490992493784
0.9544138917965734
0.9655834531596119
0.9793834133942381
0.9483047004620626
0.32116617959259774
-0.4529819883133217
-0.6708856018967716
-0.6774560728897914
-0.47021599067649067
-0.7642995333945838
-0.8093256409955804
0.46635466361004574
0.6997957632132448
-0.7285809966106097
-0.8512783818613628
-0.018740672728598584
0.6855737462437552
0.5871648201003346
0.7250617400511061
0.7715821301707046
-0.2879572159337833
0.8471614540791579
-0.495006339534914
-0.8105865913383066
-0.9157700246464473
-0.9319382750658795
-0.6192895993136962
0.6906608794957745
0.7647667374516629
0.8999033073047704
0.9410360678177343
0.9697047925248803
-0.07529109678597856
-0.7017162325055963
0.671548814894311
-0.0023665426838672676
0.6741698773154658
0.793486839406824
-0.5000706751487518
-0.04739998245953814
0.687162311229627
0.8364136831897897
-0.18621449025167158
0.7499720269426022
0.8820700105427719
0.9003694603590369
0.9318011633858363
0.7291281950800779
0.8620306603230079
0.8667083775399929
0.8646945488345013
-0.4201120245017673
-0.7589819439608316
-0.8726246696950908
-0.8849042734295101
-0.9072354542714893
-0.393710562627418
0.8446575449103391
0.887961876192876
0.8899033775462313
0.8933262050735091
0.929877928028439
0.9314499765789204
-0.48743023654885564
-0.7001570160803333
-0.8206668028952792
-0.9035492910822747
-0.35106694873426125
0.5756158492935033
-0.7909864785447865
-0.8991769402551848
-0.8907043262209555
-0.9245935119715534
-0.10559835734548795
-0.5054768461137376
-0.7007309456902111
-0.8851210737089731
-0.8747282670062207
-0.9127273554802554
-0.9142504818871581
-0.9053364989750317
-0.9315704108540402
-0.9025999918191013
0.4556142564278527
-0.7950546150686995
-0.8570785064280819
0.4615037668135822
0.5031804054634772
0.6830992336236223
0.8392847219103363
0.8844105507840967
0.9448605370602012
0.9579591103379139
0.9427601241084986
0.9241457998352531
0.9338088085495355
0.9274753687565271
-0.27621017508599977
0.8457123540960316
0.8921007589493428
0.9025823402786763
0.7945129666923048
0.8656033938846133
0.42057356079114494
-0.7926863190057253
-0.8617524167604301
-0.8278741096624989
-0.27841476868016923
-0.45615984312570257
-0.6425411385556035
0.7123032840501671
0.8662886140304911
0.8676474678650827
-0.4923719296804956
-0.6424764833028445
-0.8084786212616376
0.368198916880651
0.7022941416888455
0.8396102603895124
0.8556399868767766
0.9405110092887388
0.8542346373639422
0.8551000290750579
0.9026606492043519
0.9316939826899773
0.03162413175237866
0.702052173663348
-0.6027109798350552
-0.8036816931690989
-0.02122432255609108
0.07099950434198132
-0.8060493619564647
-0.2832494347954355
0.8236800388305141
0.14607953324266498
-0.21540260759024688
-0.6384077000115882
-0.7878650224951358
0.6148783896331784
0.8970963032451154
0.9215886858110671
0.9227448226947559
0.6524370214426758
-0.6789242236631352
0.49309870400002676
0.7002998790192192
0.9048457712884448
0.9490440070413622
0.8030797933194782
0.5120325577720715
0.8284990153156129
-0.5108221479363919
0.7794646574058259
0.8730514283342334
0.9482602446617483
0.5197155043940074
0.7147853133386979
0.7879452142737728
0.8253856869709553
0.8508321661170439
-0.5538876570081046
0.4135698406188568
-0.8131107884170746
-0.8320827425502958
-0.4682252836672187
-0.7042691364366432
-0.7906355614934933
0.5051455079674303
0.8938767111024915
0.8692576759568864
0.4820477576749711
-0.39999044230918557
0.26703709332610504
0.8703177345453386
-0.5492835436364323
0.7523076554635801
0.800569130511908
-0.5747988989122297
-0.8415890566480008
0.35500998304709586
-0.7681717954438221
-0.8004009622577898
-0.8396970949652544
-0.16345487173709006
0.7839504386183507
0.8213928666469046
0.8395939042346383
0.021127266469691985
0.6830188447750467
-0.46154423787015997
-0.6566097935988895
-0.8703404088925714
-0.6573325223241181
0.25887566380778493
0.0001193460367798771
0.6551227028492896
-0.7417094918498051
-0.8600028615799514
0.42826586105031716
-0.8386393042456451
0.09315309382488834
-0.8027976982786892
0.20650766478026217
0.6107211273477244
-0.745566323525572
-0.779014248549964
-0.84813980869669
-0.0727087059841729
-0.7007535174806562
0.6173377723622397
-0.5868395310380519
-0.7723638585034578
0.23144603267436747
0.7894325776645286
-0.48804330655951933
-0.4571640746628187
0.7192329743846153
-0.119532135656226
0.3590968830244605
0.746570149939952
0.9094619847352583
-0.008609361497331491
-0.2037963347673899
-0.7174613030351892
-0.7953924111017838
0.582082844703512
-0.076662456589071
0.7553234359613297
0.8253872577819499
-0.359072962756807
-0.7587356461161876
-0.807538795924798
0.5710993991145854
-0.07388476661314325
-0.7930995146494904
-0.8413938659779642
0.47334905750383993
0.6945067994154595
0.6790545221678028
0.7678240733797368
0.4771201559071494
0.5962704239203627
0.17324205194591547
-0.7879080334287347
0.13695860713214758
-0.0854715593358204
0.6656614636014349
0.7543722668936861
0.7891316868862204
0.8406273435764173
0.8564349529347519
-0.20036580287690708
-0.6754672676208346
-0.7508313130079285
-0.8898879285664724
0.4553707281755168
0.8996018600412501
0.9229044354230547
0.923291207076369
0.8841041496841957
0.9034306065367976
0.8497219526023441
-0.5704159514835165
0.7285689888582045
0.886575662152451
-0.5167943957010934
-0.6551594309078355
-0.838465242230587
-0.8984637807670006
0.36302258350507843
-0.059291252899566604
-0.7739335367196974
-0.79585048476206
-0.7238667174590591
-0.7768027935098024
-0.8760195000165847
-0.8810849736350163
0.21435088152385107
0.677725893707765
0.7781893825372113
0.8109543398552048
0.9081859109117139
0.7304850030916976
0.79431900481604
-0.4276686544904065
-0.6336411841677408
-0.7123713694340581
-0.7160385803983212
0.4795066503434129
0.8385861155843
0.8281810967500538
0.5501117128378288
0.00795620312145795
0.23638587093411112
0.6366656184494615
0.8522194757973931
0.8875597591904885
0.8507123480645438
0.7704168448608961
0.7951449768243541
-0.5856285488305399
0.3570447202858884
0.6930968194345619
0.887556271900573
0.8956373781825799
0.9501418852365593
-0.42832193606578817
-0.769865917936017
-0.9038049075871909
0.5391539436834296
-0.6519577754031659
-0.06475685643398954
0.7744198405389253
-0.5767324665819029
-0.2575561586012911
-0.6196687142122956
0.7157503711282824
0.8284578383121033
-0.5198208720398467
-0.6901267467624383
-0.7462768885148767
-0.707907505455906
-0.8704529516770584
-0.18390119681406825
-0.6729893875127536
-0.6549363518761004
-0.7622593676171602
-0.634067211528557
-0.8721398952041283
0.30387128357877935
0.5989153661389153
-0.7187751210476137
-0.7936678832292419
0.45466801937997015
0.642514748327309
-0.7802335513754015
-0.7526991480293526
-0.8240912523437813
-0.83808880813118
-0.8494255685375317
-0.9246269692136628
0.3902422966417083
0.7003896208036882
0.8938100169298024
0.8985391931432687
0.9075416500134199
0.769585668454374
0.9191922120884268
0.9454345193944744
0.9396466124883809
0.9149051169725555
0.9492675654949025
-0.4115824913883075
0.8324085439371303
-0.4362825504635566
-0.2606365895651821
0.5032348107539886
0.26611560474372253
-0.8017827834226816
-0.2210367926458241
-0.7888582416946306
-0.6398736439279739
-0.027266889163210628
-0.6713663284738203
-0.7311258891481655
-0.8293192493604601
-0.873998206982323
-0.8782839536708631
-0.9098870902185897
-0.9447267581703983
-0.7676351613135923
-0.3057225274048947
0.8490986143862582
0.8872799900930064
0.891074304159978
0.8805502441156656
0.9004400919934576
0.9360746766264925
0.23968325219632214
-0.815965741659072
0.3472135645273686
0.6698916661498429
0.799192332765416
0.8306831495032891
-0.45481099100250577
0.29769918038479526
0.8217170676864962
0.8331151261637826
-0.34591596285422943
0.6193628589169753
0.8203206900396591
0.8405690720555354
-0.14287579280898433
0.807573961593189
0.038580469891553726
0.6884610161832103
0.7594680789640289
0.8992551887710516
0.23645692964771703
0.61170009167333
0.7513320931709939
0.8791485834799129
0.6721294180420274
0.8751110173955123
0.6777848098549735
-0.2353827639759989
-0.6387191006460082
0.684986640360522
0.568143187364653
-0.6556526794909532
-0.1516631675356619
0.7772021854629092
0.4662482894505946
-0.6733018584634329
-0.3095618618698366
0.8463835300843343
0.8924672201919892
0.6664786752972829
-0.22074415784118773
0.7743003428813158
0.6981127112832552
-0.21132443590323668
-0.7040003303249981
-0.8422831248091474
0.4335269783945839
0.9001577720555136
0.8359213454969814
0.836993298757575
-0.6158895736752618
-0.8679945908396783
-0.03862759624627232
-0.7573834125119766
-0.8252685462523257
-0.8305169396665945
-0.9235321113697302
0.5354994045699895
0.6909861876380539
0.7501098628401477
-0.039948913396454566
0.7057891339804765
-0.5515470075867845
-0.792791302684591
-0.6211355064926126
0.7087159725176189
0.8310139972052497
0.5826046826407378
-0.5999544423037257
-0.7263979731434116
-0.8053461332563545
0.06745696250605238
-0.7424856760991122
0.5802942590729636
0.5776676721074903
-0.26931180909973884
0.747855642656228
-0.1722743768560253
0.4656379541893816
0.6569305001808743
0.7576396090499198
0.8046256118740998
0.9090465411160331
0.6142365034331652
-0.2992082700790055
0.7904571220627006
0.8391624048589754
0.8525069035733115
0.8752068948512612
-0.4771761437065969
0.7740448704344394
-0.3648536525904811
0.8126099883825406
-0.3936760480610795
-0.7201391836983806
-0.7501723268894165
0.6372952224177226
0.7705583388951498
0.892698397338364
0.7195036625769522
0.7985650580180266
0.2814049095957074
-0.8179332459799168
-0.7254578813861164
0.068520464759938
0.6504039224217102
0.9008809193531968
0.8986230673749043
0.8439777605948897
0.8425002856326371
0.852349590308709
-0.5707021360163893
0.4695952472399132
-0.6737211212393899
-0.881249583617723
-0.8734099437336054
-0.8377061986349444
-0.8715773864809324
-0.5962796596359581
0.7505958778042083
-0.5366710703950373
0.7125492923823018
0.09113793454588737
0.6719883360516989
0.8110200164976267
-0.5971092734346112
-0.7820660546423496
-0.8704397289412521
-0.9232216984491624
-0.9476110304739154
-0.6523394989716711
-0.7221904574508696
0.6705534273376952
-0.577260898190395
-0.7873419301353722
-0.0034408135717849397
0.7214765477660305
-0.26905949933433493
-0.7387130186690786
-0.8279487706945348
-0.8471121096863193
0.4067778163447362
0.6233918150282405
0.7147576574570811
0.5132962938567032
0.781283531561465
-0.6740199707023484
0.5764345847013315
-0.38258854693081323
-0.7340722734475786
-0.5888743633072392
-0.8205500393258655
0.5362410430516544
0.6977667191983234
0.7965795467545222
0.028555575385668552
0.7481698445739287
-0.554486594672686
-0.8529403678738665
-0.8251734284008497
-0.843403129212256
-0.8695223382135437
-0.8714761434910093
-0.5672881697324186
0.6702592958276885
-0.4233613964335696
-0.6988553801630845
0.24709702500339148
-0.7425741858271535
-0.7763190067601884
-0.46675625528022935
0.8102041165068703
0.8827170988787734
0.879341138287691
0.25143928049328546
0.5945407466479391
0.8630097069254028
0.9409068903581066
0.9362987592811647
0.9153970968423779
0.9008114529123568
0.02077888377671866
-0.7598699552370715
-0.39675303370001713
-0.6053664991271546
-0.8205536965759989
-0.8571277320585913
-0.8880562513941181
-0.9227201114081031
-0.9599472263129494
-0.09372548198638286
-0.7719572283426009
-0.8289161516464391
-0.8424897686604133
-0.6827139211694359
-0.54869012339706
0.7761308311059991
-0.5554210815210818
-0.6734405856031872
-0.8049811028069708
-0.8809145280319645
-0.3329548851800461
0.7744716714881632
-0.30423818909889877
0.8073059437645982
0.8599252348920874
-0.07346735496279977
-0.7551628621988604
-0.8042947313913618
-0.8607485112416591
-0.8793806904342127
0.5421565845330119
-0.5565494105206967
-0.7111426760780609
-0.7565704814009563
-0.9003456993214527
-0.9473523811031023
-0.9027149976090096
-0.3465180421049192
-0.8067820988110388
-0.7785349262590903
-0.8203512578858227
-0.8554191204263378
-0.6364707395022159
0.16349387267270488
-0.5833406419093674
0.7443133573864718
0.9045296729853349
0.9339040573763551
0.9514351115285355
0.8301538522204479
0.2366830609871946
0.8398361345478709
-0.48235387275098796
-0.7111513974895595
-0.8248588465670376
-0.31923402815388413
-0.6288388024652682
0.12358089760163793
0.6317211952294943
0.7307461746862536
0.7813877824179778
-0.4796667839185924
-0.7138149744173213
0.18287261030488122
0.6323684133954128
0.7323961531228542
-0.6197216228127739
0.4689177869524046
0.0683532230050401
-0.7870628778789699
-0.5076340059033477
-0.664803107540938
0.669545014205849
-0.717812219337579
-0.4250971533410248
0.8174270193072799
0.20617494571976613
0.795284043565333
0.4900873231165741
0.6748276945084595
0.7425466735858459
0.7864008561122324
0.8213578096804446
0.8355506137611217
-0.03298791371010723
0.7203514794203658
0.9107184803154162
0.6943198097083843
-0.44911484154756787
-0.7320537212368715
-0.8799966382837912
-0.5945875108429074
0.2827440543239792
-0.8174006238601669
0.429338256844358
-0.4231792112632502
-0.3720031887626889
-0.6107974764559622
-0.8313168068675565
-0.8684230692620015
-0.8798896408890664
0.5658149113275852
-0.6076473102735538
0.7324712222941299
0.8401021439578347
-0.532460037865399
-0.7254815001130436
-0.8035201258855019
-0.409018813222668
-0.3093730412707256
-0.6739012350270784
0.08765103548382114
-0.5065336953537927
-0.41580550265102145
-0.616405373135278
-0.7265840954078221
-0.6270895961724919
-0.24114056306423093
0.6102704685824978
0.743419550373505
-0.434284995892952
0.8333404948157603
0.9347304662827944
0.1850633211973698
-0.8100251768463236
0.3356698870195449
0.6132764424682569
0.7320475911477546
-0.5262647831859693
-0.6578977783341077
-0.8441163240411721
-0.841208068664115
-0.2171153578236693
-0.7915678605447215
-0.5525221781444565
-0.6676389068318291
-0.7339378622966534
-0.7840333452595406
-0.3430759755728774
-0.8053884640844514
-0.9044664824450834
-0.9028083441511285
-0.7785549841274646
-0.8478642936037573
-0.7742033181660822
0.29226456463237005
0.6510929468909759
0.7450225774588495
0.8668145297877439
0.6926874412604225
0.4770048797167086
-0.6741768119295226
-0.761504062849186
0.5723825438516024
-0.5639866930430153
-0.8250753005489448
-0.6281283537465014
-0.7177316201795804
0.6714719378194449
0.7623835568914286
-0.6629794096156697
-0.18858108946434404
-0.6939003472825476
-0.7466842156689748
-0.8098370736676452
0.14699878346030726
0.25005904870279183
-0.7478279814619725
0.007206645518324173
-0.7163929541862724
0.23436041297318266
-0.6220732850824333
-0.7315812716283374
0.27679290608559537
0.8484668726360505
-0.17548570113795892
0.7152671516658036
-0.7120870569883385
0.05203417548430611
0.7877832043916719
0.827767978887912
-0.044663049594418025
0.6952078776820001
0.7753897072730329
0.8657893016420346
0.891323366799625
0.9459127661990927
0.9493016192112631
0.9360808563192673
-0.4582514060973395
0.646402075719777
0.14671955488880561
0.6119590895627691
0.7210158715104471
0.01760909391344434
-0.6025506816288205
0.7180106713032666
0.8200692314243787
0.9129299064957441
-0.4014665998640288
-0.7482978547138983
0.29825487641110726
-0.8176641671752796
0.4848534968364524
0.8817073201725456
-0.37666222317324083
0.8456296136698971
0.8273844530667083
-0.34011799002509235
-0.6016341350642187
0.7461609473722446
-0.35371837364758196
-0.0898999627449395
-0.7073694749457737
-0.7883503344022624
-0.8106435956800886
-0.8242454439546387
-0.8884859003601212
-0.18908741634299098
-0.09126774323775066
0.7313190005187524
0.8801077745473831
0.701438957946172
0.7793803071786807
-0.33551276383754924
-0.3760193882860361
-0.6036104784176337
0.5637118403948407
0.759193378258672
-0.6752464162434598
-0.19493556441090965
-0.0190620571534017
0.7769434688577095
-0.6375572570767267
-0.8481231245682652
0.11132636042618671
-0.8044165272658069
-0.8636411862974686
-0.002292672021654729
-0.5778077150389764
-0.5691646325913382
-0.4151694726901267
0.8268860501461861
0.02911077433304521
-0.5577360238521956
-0.7035757481949545
-0.5479378567186373
0.7805840911684492
0.8730016823243567
-0.5543345081486921
0.5976872565678255
0.21121294098898136
0.6307868502722942
0.7556501584205042
-0.5878363370508801
-0.22984045905155903
-0.658791274279082
-0.8240263674479343
0.3710824729098603
0.612293336997362
0.7141379019450669
0.5852168236991593
0.8635775960870913
0.879699439906444
-0.005622867793034336
0.43368822090073755
0.7922534154036154
0.925532077315063
-0.28746225214190213
0.7360787611191386
-0.04883719951006382
0.7288096813520124
0.9021506990578503
0.8969459153930164
0.6622986026685196
0.7753517695610934
0.8484088982625184
0.7440705674983639
0.9119559577134815
-0.5635431620835845
0.7291606364065484
0.7947125214902753
0.816977892940151
-0.34489180891776083
-0.62347864460769
-0.732568887395872
0.6617102285568255
0.8035831053035662
0.872940323223985
0.8876931434370856
0.5487580779460217
-0.7850117714033097
0.6022707399322214
0.8403193294712457
0.5135379746217998
0.6815595028140311
0.737460571932872
0.9010166893587515
0.8964810544687631
-0.5864544369689717
-0.7726722559433218
0.17383913265857198
-0.7901114035564744
0.5066673156148693
0.8163391044282291
0.35645903444804095
0.6143734146887725
-0.7379925683305943
-0.603309280575141
-0.09865570400401547
-0.7760561071447515
0.214354757263977
0.8305048444725089
-0.2447335095459644
0.34494285472836106
0.6176173124081379
0.4826292023571981
0.8914557042536793
-0.3086904225480507
0.4845993472477479
0.6780241317478819
0.8179516800519824
-0.6158093441556531
-0.8638998753239263
-0.8803235022454621
-0.24270022962589444
0.3598574677987856
0.8646963812039832
0.8965025702148328
0.8993422620187197
0.951593700037068
0.9585412819197934
-0.5186329244419448
-0.6635152702131148
0.3764410533548639
0.3302490640982876
0.6024503131280772
-0.7087992279468445
-0.8209664134972422
-0.9124987767038334
0.35424544951069703
-0.6136784579220285
-0.6864081727533193
-0.8455797072699555
-0.863835003267499
-0.8680442728265231
-0.8744428784616772
-0.88969709073927
-0.8774174038263066
-0.934817538140993
-0.9138523275338171
-0.6361562346963355
-0.716336797778306
-0.7779820070124135
-0.17199360406743636
-0.6334755376745265
-0.8087389121860964
-0.900991467749335
0.334727297769027
-0.7887327430762882
-0.5581865628576441
-0.6978556236627433
-0.7890365398559872
0.06436174573997233
0.3152144328400559
0.6816320661003401
0.8081213997986636
-0.5861898719128322
-0.7703614075295556
0.4003746648070188
-0.19275342819588626
0.8204168999141837
0.1719650858565649
0.6086003423424404
-0.4851380632525948
0.6553162924287761
-0.33372690804028027
-0.7979791893563782
0.06430019722993796
0.7058150296743408
0.901604205135041
0.8973398744517602
0.25656236289675194
0.61662810890783
-0.698506754047754
-0.822517109686866
-0.8404643962776018
-0.9084989143545958
-0.877628877404689
-0.9148541157983173
-0.9379373943812135
-0.9180356327097394
0.5018431424244645
0.6665731311046195
-0.07991527785117958
-0.7363917731714289
-0.8599010502475549
-0.13049810704450526
0.79963392287588
-0.19066167741105433
-0.7855375971726579
-0.8248144935213051
0.05580631003732983
-0.7524172296110537
-0.88665886980765
-0.8787115819522917
-0.889737495201088
-0.3011049861403541
0.2968392521070691
-0.35993430093817946
0.022590830723321353
-0.7415623997290167
-0.8661013930460784
-0.8851986044820944
-0.07791312127214622
0.8062671784392987
-0.34860494463408886
-0.7466483453082173
0.09856045100347721
0.022534064409911903
-0.24590149539749007
-0.6805716344398256
0.673393028604172
0.8732410176590182
0.8765513649613019
0.73644670832655
0.7769294032852556
0.3871383352193398
0.6547528331594499
0.7399914170514148
-0.027605951400521134
0.7581924553253352
0.9034682034667487
0.9546746879691301
0.9598351398182154
0.9473924698759604
0.8753860671808613
0.5144683609150451
-0.7793446455092654
-0.8898241874269622
-0.9267315375003232
-0.6090812713906103
-0.12825305245793905
0.7347305280429797
0.4238506023386106
0.7096559408489054
0.12009623713879347
-0.8040904633684142
-0.8878874049356129
-0.4517676416256704
-0.7383525671022163
0.27590529721262036
-0.8087482359365967
-0.8629946278584747
-0.9173109903900311
-0.9317593244418774
-0.9310581465963595
-0.9222316320833657
-0.9497210667628142
-0.9030339980957972
0.28215372826507634
-0.720784998926642
0.6697319556366248
0.9024980297832637
0.9140311155886154
0.928719873185164
0.610332733929553
0.7364145501948542
-0.31180695508840395
0.5656661383411394
0.7561634941568627
0.8591267986385722
0.9301891434288347
0.37823757745017805
0.6603425661215361
-0.6507389059713738
0.6267331279270028
-0.07391109891149839
0.7469923190572809
-0.3387985212623117
-0.6108821888573367
-0.7612221848825808
-0.7869175941416297
-0.8182420439649324
-0.8290448569930332
-0.861491539409524
-0.6124877919204182
-0.23593159124598473
-0.6077313395165101
0.6815258531246375
-0.3622331183023795
-0.8116236253928393
0.2810452414134683
-0.8183565778767639
0.5334810966904493
0.852983616176578
0.5320842008146027
-0.7944831456942163
-0.8708926395287986
0.023910159645878837
-0.793700603813681
0.5843867109450953
-0.4921844713211465
-0.13338606872894365
-0.656090792243967
-0.7387342857874687
-0.6747588399538955
0.29318416303189765
0.6861411469970304
0.7635027760573172
0.8153251002565345
0.6644030925874291
0.7632926487015121
0.09879347274866412
-0.8033209285583083
-0.9047290025142911
-0.9348513318146859
-0.9088992678002378
-0.03870539587214261
-0.24823405121630193
-0.7626756202282463
-0.8947454631181511
0.4228336431699249
0.6862715686609511
0.6257741170342823
0.450959238345104
0.661019447027771
0.792992426636584
-0.025553474242766328
0.7295780324835637
0.8416120740485493
0.8554775500765273
0.8749482647734361
0.9344536039871059
0.9627196869116326
0.7279514216414624
0.8862559241276722
0.6581257057499921
-0.5747387448461314
0.7224910888217846
-0.528517754236606
-0.6841974057524712
-0.5822636611157475
-0.8639806233657483
-0.9259100195851064
0.4395906737859214
-0.5570046269603872
-0.8567320476846215
-0.783496844477689
-0.2851944692481214
-0.6814480471184758
-0.841231736129262
0.12551806149330225
-0.700591929622757
-0.8756841417410048
-0.8861387054728783
0.3941376730263255
-0.6260757750857455
-0.7185565335119015
0.6248760736463288
0.7227958989199099
0.8138260041293972
0.8435101633638433
0.7994377410579678
0.81374456295913
-0.04187116107012523
-0.7159614457391199
-0.8841880014434955
-0.19065108330119718
-0.7103982939319812
-0.8046698788583379
-0.30304647118050765
-0.5793049513882818
-0.8591124538604069
0.0394195623724245
-0.617038198860713
-0.870024106330016
-0.8622167340777808
0.5070690544312157
-0.65083700815663
-0.2818451245018634
-0.41378047475483704
-0.7989594539944757
-0.8884105887523769
-0.9130878309513561
-0.4204190807794119
0.839033211709818
-0.17658699040200654
0.7793247880549752
-0.25073460818498017
-0.686138202532401
-0.22134191829679306
0.8359782238115823
-0.15630459864417712
-0.7913244434910511
-0.8356865486623941
-0.8519982053250647
-0.893841146730167
-0.0871084627340768
0.7196128265398751
0.8963866803052813
0.8924657305563446
0.9432516879217732
-0.13858731693784243
-0.7068941366060197
0.31881278302953997
0.3041447246661908
-0.7809861165062036
-0.8034660969299056
-0.8833124095420488
-0.8134800983723531
-0.8786850747067299
-0.9062205890601698
-0.927396594136535
-0.9486125037715094
-0.9463791349132508
-0.949380744159498
-0.559114038649345
-0.8407777855263328
-0.9048599291450938
-0.5402333784650648
-0.6691021946614416
-0.8821226882176045
-0.8796288348657477
-0.9279808845868627
-0.9441050073119025
-0.918738203300924
-0.8965082062808619
-0.8896507907758578
-0.9314963511565283
-0.9074933277509284
-0.9235705348900358
-0.9366861972488968
-0.31522414681442323
-0.7811005656387143
-0.902171004563901
-0.933534103757651
0.5278239634916473
-0.15394083389805946
-0.6598862354270506
0.5394186716515204
-0.815608214485709
-0.36775753472565387
-0.6031664151294399
-0.3314281793347378
0.8491604089457623
0.9387422999204451
0.008202344659822502
0.7314615418494992
0.7786293282360195
0.9115806422373549
-0.41597816196805315
0.7681980862955669
0.42710921369839183
0.9016861443426587
0.916390805651832
0.9219675716138165
0.1382218912412816
-0.8050561930532586
-0.8091125678366327
-0.4913729613509077
0.7772900208353606
0.7405463824407559
0.778968344136002
0.9246788650654449
-0.41236051747156877
-0.8172675969050045
-0.8507327194362924
-0.8619833601841346
-0.8832675601242623
0.5115971546031088
0.673406798066974
-0.5148750691024928
-0.6502320415808145
-0.11406789829003317
-0.6908122874557485
0.6214721549676054
0.7649618170927084
-0.1303936513446089
0.6978533654629488
0.3282497216456204
-0.8144759139808333
-0.43111377058719524
-0.6918508936087207
0.42439975259345597
0.6458204605700095
0.8584904809406255
0.719825572728358
0.761947311269467
0.8066443872232025
0.838538947097452
0.014871876214685553
-0.7919585372388701
-0.8545819558964811
-0.758182551449368
-0.8175846755296496
-0.8665147077839749
-0.29021900114333965
0.8468133211801827
0.9359117776264718
0.9322370864014979
-0.5213890842179378
-0.6656058073836157
-0.8810815701053939
-0.9040729249628664
-0.894022960567796
0.19070236384458905
-0.7295216007040507
-0.7955634549759325
-0.8340664307902865
0.507509932638279
0.06342203158229753
0.6847286224788707
0.8952232487782525
0.9495067328721365
0.9474822392382485
0.46368797439139553
-0.26601032921768253
-0.6027722190509923
-0.7473218344721887
-0.8524896007684332
-0.9268687729562111
0.2657306249664746
-0.7427381907683442
0.2624874517736684
0.6198449703057418
0.7185765298832061
-0.22341204712735308
0.7787420149718167
0.9228972123334531
0.9141177121770359
0.9264822177767982
-0.2241126692367621
0.7471814370791627
-0.2989835275930617
-0.6262891914949825
-0.707637703194527
0.21316341831394037
0.72513269116805
-0.6579236912495033
-0.7957800051462558
-0.9048259849252362
0.29247978262509755
-0.5812583195908223
-0.7696489245063755
-0.7906602383327296
-0.88372059166142
-0.8710197852537702
-0.8924945897702095
-0.9365202509905767
-0.9505781282793131
-0.9224693589907376
0.05365299246146127
-0.0033003607222383824
0.6495894157085751
0.7567550295214505
0.7381661483295636
0.4716160913393741
0.6590595373431831
0.8942991080884231
0.7221084084758871
0.5151933911312836
-0.18314897235425254
0.8105086034313362
0.8717997758655776
0.9084800365913235
0.3673890187807165
0.8716996792917897
0.09296651738931727
0.7339507336262183
0.8622684400556222
0.9383444285260449
0.18262030300257992
-0.5580697046546166
-0.7264748961650276
0.4731038958731133
0.618277409283251
0.715488016284983
-0.28389892222751967
0.7534734135767314
-0.550849374019591
-0.7323271428491419
-0.859153638786834
-0.8596007383762209
-0.3516255635990253
0.7739483313745599
0.8372260605635116
0.9183815574207659
-0.5610365710627103
-0.8127547791166502
0.6016866558997098
0.7288280859649932
-0.26368928617248044
-0.6363486762869202
0.49257065639329434
0.8617984903974236
0.9075892743642944
0.9045712127848093
0.757433603314541
0.4920533841704404
0.896592986867889
0.9056513495909815
0.9084147492243921
0.8964927801214759
0.02411575501869012
-0.7307896022176781
-0.794738815258115
-0.8246156887281612
-0.29615293550938704
-0.6015368152129453
0.005388592308375184
-0.7266850421010329
-0.8734490255971185
-0.8636670218843566
-0.8682140139360356
-0.5356451627695831
-0.7677980391564432
0.013410489296159067
0.7565581587852626
0.5038203062745412
0.7588168150251351
0.7884720504276108
0.8039997245869188
0.9130222605303173
0.9125799010315789
-0.120801236462724
-0.6541997166459308
0.21914869300995488
0.6731106556298785
0.74700706789139
0.8868939486575413
-0.034876561393676564
0.04798056116747684
-0.7857498056178425
-0.8116810242910066
-0.6479477019261382
-0.8620781095557214
-0.9306478256464455
0.34434408581199194
-0.432816356461563
-0.6108792209402362
-0.8682857811722844
0.506345845453595
-0.15002884010975337
-0.6754007358446799
-0.7771496264550745
-0.9015119431104487
-0.8947300339979429
-0.8842474270549576
-0.8798202512347088
-0.8622806601608122
-0.5346027353112559
-0.7858175878761499
0.4086561807175084
-0.8302512419192425
0.5450174974391933
-0.647543075124475
0.6530924241708116
0.529320120770697
0.8193755715995448
-0.6071677451672336
-0.721742449679164
-0.8389286793492852
-0.7254983685645549
-0.8773436250646809
-0.5675848561625443
-0.8443818140765356
0.5682243961414108
0.7015313172310857
0.6348512096899623
0.8079683948935201
0.8216221933526915
0.8718828220325945
0.01701767933853615
0.7409335341930012
0.5307932348585795
-0.4279873516619883
0.758341675368716
-0.5312836380007697
0.38747233944910797
-0.41872522383893473
-0.7814989608394437
-0.865966884461978
-0.9143850813967358
-0.9321172890683475
-0.547561741260773
0.7772433371715592
0.9028891141720112
-0.5271641151106692
0.7929668756365571
0.8261353124742767
-0.37529380297424897
0.3764698791868655
0.6258117513368686
-0.2507747007980108
-0.722585432970283
-0.8480446448633776
-0.8662114569174765
0.37279053596380085
0.7182745279077662
0.7873124908339035
0.8305406260351111
-0.4160505823981937
-0.05725831041960405
0.8001398428452535
0.9237868654847456
0.93229689221351
0.46641826445991286
0.6413106417218211
0.7244033229509264
-0.582458508565525
-0.727280269467403
-0.10514881518456143
0.15083614943363344
0.48149604202397156
0.7020422834184401
-0.598048009007191
-0.6921101800728174
-0.8478895543960522
-0.8803407057412881
-0.8827173299489101
-0.8782944456495406
-0.8798184382717105
0.1361628991592756
0.6381079742492484
0.7680976363366951
0.8150988743233587
0.9322648712016812
-0.3859411830303685
-0.6078730523727058
-0.16523452890122425
0.781692009881265
0.8114171512592001
0.1777890527381587
0.8023139367914298
0.06987083957120444
0.6489862495663676
0.744211929240105
0.10077780241619205
0.7622207548314968
-0.6465720393906746
-0.7372125877559206
0.6101956447034473
-0.6037245406938231
-0.17830942663700822
-0.04068689683739124
-0.48061318827887445
-0.7020650276235216
-0.8184612897071486
0.5801490865259911
0.46922905561136985
0.8631684004520579
0.927725713841898
0.9553655319802059
-0.10946903216365156
0.7303297345211701
-0.66657511815311
-0.636721781652003
0.7231706173967043
0.7887768382557108
-0.5248204418395892
-0.705326242154764
-0.6201623681778644
0.19851912686888218
-0.8075162717229868
-0.8120902693098885
-0.8281285327833074
-0.891289440781664
-0.1319836447002265
0.2633822330938662
-0.45117700809258765
-0.6892715608020358
-0.8783477667950431
-0.9033221077744471
-0.5775868966114746
-0.7217894638266619
-0.26734924529420967
-0.6175266992466704
-0.73000822841236
-0.7696120847133509
-0.7996085435498947
0.3792644161974452
-0.7418958974957139
-0.8605957971967438
-0.8873012793704514
0.4046698046101458
-0.5582294880808694
-0.7298668499234154
-0.769357242662505
-0.8032438429904225
-0.8966306268900085
-0.9228753521051917
-0.9408956358359382
-0.9120291500954086
-0.8564736712996518
0.3442579739678502
-0.8218306862927631
-0.6151008126377313
-0.8340371113883415
0.4026587827688748
0.8033705526162189
0.8296764924076292
0.8884777893473952
0.19332487533530518
-0.8025567184832303
-0.7625973272656247
0.07850909681251284
-0.7917404621053638
0.619359929299047
0.7226230592374174
-0.6094644234798768
-0.7394983274243148
-0.5775606052604776
-0.777540073177545
-0.8002954425248228
-0.5886705284056833
-0.2558777507695731
0.760840943061851
0.9070184675237483
0.4924451496240996
0.7175346750975129
0.1614953121390128
-0.7005612531859541
0.4914505350898357
0.8765286805983694
0.7373792974991702
0.7911685759624494
0.8409153555759599
0.9380190798969437
0.9414733219191305
0.9510181626010914
-0.16034853172643548
-0.7373876256268034
-0.2268212399605125
0.6143312915904742
0.1627019963769738
0.6330077272666899
-0.669035027371997
-0.6747520870914957
-0.7734858913634021
-0.9046936821865124
-0.506401751923677
0.7436914300816115
0.8302922939752391
-0.3690848870597083
-0.6393448037035102
0.5204867637204103
0.665362465943909
0.7381434344622224
0.7873941483261
0.8233431064116232
-0.41275032163929004
-0.7251714539326451
0.30611450008708263
-0.6975891070681338
0.6484954303038772
0.885054369030901
-0.13216430940046253
0.643329459676852
-0.3634303073866194
-0.5983468510754238
0.44973201572363997
0.7907366034313339
0.8402032034138178
0.6731690169944609
-0.27095512920819065
-0.3747406805769038
-0.6511944877477047
-0.7714467198210795
-0.8942604562523787
-0.8758462374620225
-0.17100028235188436
-0.6365978069079422
-0.8712780796670734
0.5159536967844207
0.8461540252897468
0.8398409571903278
0.939259905754233
-0.4659376024963169
-0.819136276429345
-0.8444985975401305
-0.8732510361201512
-0.8926958461096747
-0.9111749191714941
-0.9412551278257273
0.40133611176670825
0.89724031453286
-0.4856684083937257
0.6114638253717819
0.8894789423298766
0.13979300788543725
-0.4615296899011576
-0.7183891430285421
-0.7539455135441234
-0.8915476290159489
0.5110205955462359
-0.8204290005099528
-0.83717014607845
-0.8998812246540548
-0.9314249607984386
0.28607449296359344
-0.822670995206463
-0.6234478277203124
-0.7926946761624646
-0.879026655256609
-0.1840731145382506
-0.7222348707226957
0.4159723561566977
-0.8125372886811112
-0.6504755400293917
-0.726307197917401
0.6509984882751463
0.22646686255375892
0.8296161221808294
-0.6375706139705432
-0.7119375963304869
-0.7774527016117315
-0.796584464868244
0.6073901752185817
-0.6561946593603382
-0.7790208396820221
-0.8847661593520254
0.2634239997750998
-0.33236189080920586
-0.5967673675646343
0.02166611404542329
0.6607417168228096
0.10397355140811038
-0.42055886519988706
-0.8233741291579569
-0.8648556648488954
0.554185002448855
0.8122334113696541
0.8333854862128944
0.8847076890991026
0.9168068831755332
0.4503754706229619
-0.7632572956513752
-0.3346240729259464
0.2436638589890543
0.140214839506839
-0.7863456184559066
-0.09845704433142033
0.7271350941077819
0.8382667825627681
0.9374758853155869
0.9456169625460429
0.8712231698172113
0.8301400595872106
-0.15672427313335513
-0.6508837642769251
0.6952515724059387
0.908173107848185
0.9034950670365169
0.380579152619855
0.6564708205411709
-0.3654652458804206
-0.5985904061688817
0.6836649767760756
0.7837318827263744
0.8366997781264127
0.8323525124435334
0.4369650762492252
-0.7275374398761175
0.5336377320391736
-0.8134499591006249
-0.9123591206064742
0.05431216265396577
-0.7777971519724061
-0.7976858492671892
-0.8310219885563236
-0.9183832986185703
-0.7393439846687526
-0.8176464422629093
0.5358889628060799
0.7873839306443366
0.8696099076729646
-0.6013582513224386
-0.2491336147396801
0.0527516402533581
0.6659648399680866
-0.5774802020893433
-0.8617211703398665
-0.7864114642102157
-0.8927510925873855
-0.8837466836051944
-0.875868996645459
0.38469341371563526
-0.7715368225188702
-0.8005983864625064
-0.7640334886294324
-0.8066862850266793
0.37573945982486645
0.6396706966590633
0.8346518907186631
0.9339162724756742
0.9344150469156054
-0.35887347279901904
0.6139419152595098
0.2743242765350131
-0.660349658001475
0.43020799261089393
-0.7345366040910609
-0.8445800938260954
-0.9004873503435705
-0.9258526458774223
0.44277213759362
0.7169908861157952
0.7718937646990927
-0.4321795156334143
0.8351865837810724
-0.31848062080424233
-0.5957087809877073
0.20133292888167986
0.6053894894205827
0.8915921924050105
0.6208647240480796
-0.7363827786148047
0.6468692914498224
0.8490386196933033
-0.21199215050814502
0.7595834587371304
0.8151979517239238
0.9329301806362282
-0.40177166654840035
-0.6655592193895583
-0.7484047684841542
0.6302158986976203
0.7338123810186132
-0.11075850844823121
-0.09582964634142321
0.7688329543857979
-0.3898150398104545
0.6686765504825372
0.8739422364791574
-0.394923996249819
0.42787626681053736
-0.4674953297161131
-0.6686902100937026
-0.7414099208296632
0.3981725908440439
0.7202696237745443
0.8968754736623834
0.9005753035187298
-0.4100847933855982
0.8144981512377438
0.2468177467643322
-0.679557769884501
-0.7858718096368356
-0.386074097708931
0.16052064054681892
-0.8099909461183658
-0.3201963692529397
-0.6218377134205273
0.6921254149558858
0.9009322891785481
-0.5560237383401114
-0.8128989724353501
-0.9201938833340452
-0.7835715290900851
-0.6295069700603443
-0.7436922364814038
0.00927959401238354
-0.6809200747365893
-0.7480782474131775
-0.7863791021296391
-0.392120901473604
-0.6046619770744662
-0.8315840983161897
0.28251125931342025
-0.0681196235073227
-0.2574292109549514
-0.6323977261390253
0.697624590655159
0.7862860097797049
0.8161066460290256
0.9244560691100687
0.6560495323360642
0.8983973854563019
0.8914008150959101
0.937901139874503
0.9523891405965494
0.6725611325730683
0.772188090108836
-0.5169601368657009
0.7984200416010847
0.3693650409372382
0.0044292741652451895
-0.763693625839421
-0.8501601253686422
-0.87598812278659
-0.8681604756512165
0.38879240662282943
-0.8149224726004978
-0.518260642894655
-0.07717504278014586
0.7140877931937017
-0.7000723542238975
-0.7456018477446578
-0.8964233911615042
-0.9393217018069709
0.49838567038916337
-0.18981542192662704
0.7561517604070833
0.9017890496486534
0.9564979233457274
0.9243014805439052
0.9205684834105148
0.9318737802700332
0.837390124249177
0.904474253250483
-0.28095225645034927
0.8473839547241762
0.0589632908744695
0.6525806932042186
0.747386302381938
0.7942002604513949
0.8206057591275624
-0.23540131984964563
-0.7912444239963051
-0.4541338258964698
-0.6934080197920603
0.2647613176184367
0.8406025935336163
-0.2307831217732339
-0.6293697274546882
-0.7143460214003702
0.6767676339946835
0.8115923633572113
0.8626895703233195
-0.37096462828265064
-0.7441387476493802
0.40219953095255434
0.8517753691757999
0.32809533427938353
0.8178648922631944
-0.3768571308984898
0.8092901671869825
0.9010113209958288
0.9154904464530589
0.9129657073289319
0.5245134639188642
-0.383402155148036
0.2582325137367998
-0.8159941007414157
-0.8209656798478804
-0.8263763387040856
0.17808043652673522
-0.7956108731134856
-0.8578069241078967
-0.8576046077806426
-0.3945962715500755
0.8040593474714643
-0.043734732824346256
-0.4863283892178576
-0.5293497728344037
0.7900209264483313
0.7184104578460573
0.7769929621835556
0.8068693308914965
0.8460256724368913
0.8844797289410316
0.8836045548319149
0.617764684530363
-0.738523494045383
-0.8937343910516062
0.24304009436505014
-0.24242394375009613
-0.7909662245689213
-0.8188479252073061
-0.5305869247810875
-0.7448359167828582
0.4493891103505272
-0.8122561947999241
-0.9001654621507191
-0.6976734529237536
-0.14019782136269154
0.7402582206005224
0.3919801781668102
-0.677037074403649
-0.7860732708351036
-0.8368835925587272
0.4680126911042424
0.861689875234328
-0.4209811684170661
-0.728111352259484
0.29237470845302926
0.6856541133977279
0.754050388309407
0.7892759505414999
-0.22477869466474076
-0.7855153556453105
-0.7517023407794047
0.6283109596708856
-0.0787676173030607
-0.7205615828958204
0.3137585118693753
0.8208104511397825
0.9270690813537728
0.9235333884207197
0.01310989958447184
0.7599988618721591
0.8781732206168791
0.6905194388866052
0.7625654368330259
0.6407653757528478
0.897552274893082
-0.5867426755194767
0.07342642359982543
0.6619660849132736
-0.5888882055034411
0.35808556104831935
-0.8266065661246851
-0.857419844272001
0.18876850293571446
0.6264228531802407
0.3852629861788128
0.7064052394378619
-0.6010017180820544
-0.6939067107026051
0.012899738188376642
0.5175420723737243
-0.2572084600437661
-0.7705264108257975
0.27183045131191497
0.8032933218606282
0.16831063267579416
-0.4389039449490004
-0.8264118206829791
-0.9073316959621456
-0.8795734208204898
-0.9352668820624125
-0.95250040330091
-0.9560765942038089
-0.10639193775502709
0.8033225676499167
0.84802348137618
0.8911561562139256
0.9081401101411053
0.9027433779174576
0.8962824070829207
0.946615877761946
-0.314520321717082
-0.7556412379500885
-0.9012722260933056
0.38477599776955396
0.792522791772803
-0.17547112111102847
-0.7868008848645948
-0.8264018620237408
-0.8484582154187076
-0.8522120210546831
0.4202906213472699
0.5041601333340704
0.26050424997009536
0.7049954378484291
-0.5524585386677887
-0.6830460931103461
-0.860549204839931
-0.9165538702310267
-0.3500544408222295
-0.0553921543364746
-0.02765872367242861
0.5575203257804129
0.8775405003588965
0.6420755094076471
-0.7286039064081827
-0.247732146663864
0.7266832499107247
0.3825038510023353
0.05987613498546418
0.783659039588269
0.8609819658309827
0.9239191185127005
0.9359876941552641
-0.4663950642312733
0.8170499997963188
0.8858204303198007
0.07509004144575271
-0.3533133654349567
0.8001316411151536
0.01651769543156001
-0.657572678270582
0.1517114961344752
0.2781452726553155
-0.7768512278527872
-0.8986570671197354
-0.5267458696663134
-0.7388873309129842
0.49100843391037796
-0.7743574572897425
-0.5433327987363854
-0.7398933786556283
-0.697129749434224
-0.8908506097681086
-0.0877569355093073
-0.7477712550108712
-0.8179037816444729
-0.5130682118328218
-0.8456751622838
-0.9171153339888533
-0.9440254104252787
-0.9136406888893751
-0.4411679283946768
0.21669100738538782
-0.7743476991737094
-0.7979227171661197
0.19344268068758708
0.610712712126001
0.3994829832193936
-0.4763591784696317
-0.6541138319694199
0.4317198054399711
-0.7905646092555273
-0.8415810230287232
-0.8510642731414879
0.025693584655535284
0.7938232159329901
0.8873677498731631
0.8924896586609832
0.9497049728313194
-0.33115617095289007
0.7947989596804652
-0.6319932401371564
-0.5816165911801678
-0.7699654321599533
-0.8599661342947172
0.4920326374746258
0.7161762482436724
-0.6267632075073085
-0.8024029349125212
0.0464914444485649
0.6674478835712783
-0.5936747990725529
0.570098086319762
-0.7587994761322187
-0.862405358529549
-0.8929032647352121
-0.933168828511059
0.47312498695722804
-0.6171343353511735
-0.7090982961682057
-0.17833911708034766
0.2026927730490995
0.5174421096437463
-0.5338099875010736
-0.6589202145167801
-0.8705532363147086
0.18486441919649188
0.7589668447553148
0.8568828041922811
0.8639784376734834
0.21995169363347222
-0.6674581498641674
-0.4101025094368931
-0.6467676775013821
-0.7189091711830997
0.6378978223809189
0.899387098011464
0.8924499912763098
0.04389647841302291
-0.7758801499611417
0.4077805645393784
0.629322069288577
0.8707928732062087
0.9249394788780914
0.5135795224165898
0.8717535229560822
0.8525869031954778
-0.00985821110622176
0.6860803676717395
0.7993230190197578
0.8927493373730238
0.9502068463485067
0.24760755486588715
0.6557317607300301
0.8686802528060491
-0.4434311731120195
-0.8299004492415707
-0.8500883676184353
-0.854017789844869
-0.6092241971931006
0.6243373246637753
0.7330658137389745
0.004793034404806384
0.6819879068414474
0.6428785085937403
0.7842181580253553
0.8060646500373279
-0.5723864212521685
-0.8608346737000228
-0.9277957875874804
0.4046499026048582
-0.7715078455693372
-0.8982957258920826
-0.9025301727995405
-0.9602667010522883
0.42431898467669593
-0.19581566279386697
-0.6753532391186171
0.5814661371150975
-0.1503029014997661
0.7837768428651624
0.7775762827951638
-0.2791934494483286
0.7616955705049417
0.351533099009363
0.6498017227752169
-0.70346702837994
-0.27683453372776423
0.8415484993490232
0.9298545441783694
-0.37450244879924566
-0.7732620468373785
-0.46312375167904674
-0.6696230579457093
-0.7888026329354774
-0.8397830952870363
-0.9216253351651856
-0.8410019611447136
0.5689450830433904
0.7524271965774647
0.7993652008702268
-0.30754432718161717
-0.8017585005643058
0.568697722148958
0.7037296350822408
0.8625628207307623
-0.10815227126657834
0.7333314004294762
-0.6309590029634116
0.6311273991226123
0.7405949216202827
-0.437236586104534
0.7778913376762417
0.8163526379267438
-0.4766320082831068
0.2817376878855249
0.8744513120410196
0.9129074309715504
0.9160534631313093
0.25292468057106055
0.6751486329074246
0.8024692240901821
0.8291159403563426
0.8105943460946554
0.820212531797101
0.8424004170861024
0.8892069377531133
-0.02398533365078892
0.8048041558926065
-0.3161930497349752
0.8494704789959531
0.8605815184153738
-0.03604121897976231
-0.5562190164119116
-0.6104871726254202
0.5678115913161175
-0.7906907766608189
-0.8072462869746728
-0.8889962565197017
-0.9199436228826217
-0.15489520479354368
0.7396991417794754
-0.46504057069876703
-0.7606416290471237
-0.1054186558876331
-0.7116017613006813
0.5983653723637137
0.6927487480597525
0.8089910754430834
0.7645368010865001
0.8748469989622201
-0.1511400810171395
0.7564248841845098
-0.16160632653003892
-0.7811709028302534
-0.8773963703503538
-0.8670441898753026
-0.8632991562334298
-0.14553855732692655
-0.6466475191818535
0.5715411748097392
-0.002817717343169601
0.0605190788149399
-0.7793373607833949
-0.5140128278997276
-0.7015559246816822
-0.7670182871367678
-0.842811754748379
-0.9200653658351311
-0.8784338759274185
-0.935285004887851
0.13927367350531106
0.6946194977633404
0.7571375697824954
-0.5151968595043963
-0.6909232178225134
0.15074066539562647
-0.7815637979888092
-0.8365478554986485
-0.9209477882882952
-0.902264194697691
-0.9376254486499005
-0.9171929847456124
0.4023717804882143
0.6421629757894605
0.7218778210447068
0.7736681383891242
0.8058025679024154
0.9156423270832093
-0.42654853927898984
-0.7372780893519052
-0.835447085470306
-0.8344228660513227
-0.8889646726791898
-0.9114538650899086
-0.896970650430182
0.2436290163943866
0.4181499938258868
0.6201982888796576
-0.7232118457359193
-0.8611387001793599
-0.4810571355891753
-0.8005482785364297
-0.8214462634268085
0.04067361013824877
-0.7391466142544942
0.25311560715876746
-0.811315875570746
-0.21089345726025277
-0.0025149923633822624
0.3718663978004102
0.8944145850660445
0.4360901339221368
0.6444266537392436
-0.5546073549213102
0.7791793051891951
-0.2297033356809297
-0.6114666565461576
0.7012172615776973
0.5471157510229883
0.09558673448281496
-0.8045822938313121
0.5497151051117235
-0.6054848719587969
0.24069306946097946
0.7294096619093413
0.10278133054835337
0.32966488801925053
-0.7898065588153214
-0.10775555265489589
-0.6634640307501313
-0.7308896669717367
0.04305371292325111
-0.7462346509286266
-0.13285553030028496
0.7605042358348213
0.3477760071510816
-0.313832084816662
-0.7192800790378048
0.265198051828589
-0.4028943065704218
0.8290229192038858
0.8608057180149447
0.45347779479225303
-0.35457052670545175
0.6817546790153448
0.9017789751116918
0.8973408430945315
0.8909898152578639
0.9263349095808409
0.8158938023482059
0.823887417948787
0.05312741475387117
0.6466320021241538
0.8617015582661007
0.8807792514241111
-0.505916888608825
-0.6505417780760386
0.022465050053167346
-0.7350552178415619
0.394937424325283
-0.6285396056649635
-0.5813466291515947
0.023083553438288495
-0.7493648406432961
0.3198615874289843
-0.81111384189315
-0.9118658807415466
-0.9309619281012074
-0.748048617814536
-0.831762797958642
0.5494394564029916
0.27319246057806357
-0.7516354172071144
-0.8589146790427901
0.20428061736235303
0.6080397168731879
0.3600012624094999
-0.7322740172151264
0.02789242667502423
-0.7325925369294704
0.6670512069407926
0.1008436164009423
-0.7753484714811361
-0.7837663157632934
-0.03872271631397983
0.7058347190963412
0.9067986942110753
0.9224088375556934
-0.39260295294622405
0.8406231651730691
0.8491499868437871
-0.018738606667467073
-0.7370937877461597
-0.8395306980099788
-0.8324411575770765
-0.8000264981614242
-0.8611745734465772
-0.08415090355067179
0.7709676892579902
0.8244570246616523
0.8866018511321958
0.030524301564953005
0.6695106943117983
0.6697405042338624
0.7935485961458435
-0.645714413956843
0.6918775835542139
-0.6578910113402877
-0.52469325240541
-0.8490786781675507
-0.9013697152185738
-0.9024761700542189
-0.8388388760842215
0.5893244202457424
-0.25276296581836766
-0.6489926321959303
-0.7774142298619705
-0.427919751449898
-0.6426163351653575
-0.7434106795687374
-0.6238157365358477
-0.8416539014610804
-0.5641446576248472
0.33519009892757357
0.7680652685271696
0.6339339861526108
0.8222418295903002
0.8461893499752648
-0.4045068640497702
0.821414896558142
-0.5047065496776986
-0.21818570749229016
0.7606221494132217
0.8316803825764938
0.8431250000443662
0.8828603515150328
0.9493900453117761
0.9410298239850434
0.686599689041208
-0.4918222336839211
-0.17471530014731784
0.7937960593255367
-0.6635935771378284
0.6013696955532797
0.8665051039672578
0.86296692859262
0.9443871212232418
0.9375700441528705
-0.3788631726916729
-0.6589210114596089
-0.7439610299543695
0.510211557489143
0.8626821008732384
0.930563208647589
0.9296940336000337
0.9160143449500258
0.9304032025904176
-0.39597023663976083
-0.7194460176382397
0.5505866648066491
0.7814804758670622
-0.6972956597329916
-0.8840093915134525
-0.8731098608242193
-0.8685219905849314
-0.9323663983185498
-0.9194518096634371
-0.46441161646452667
-0.7365603432350257
-0.8496433434904159
-0.9237166102936897
0.31732846176941054
0.7849373451195898
-0.6291694929533981
-0.23891881172789997
-0.7920081453406665
-0.8286052691649404
-0.8481589915904753
-0.0198098395823032
-0.7102635294214477
0.6816412252539348
0.778391941736275
0.8072943537581734
-0.6170759443565303
0.38229533587276787
-0.7791468781201257
-0.1263482351410541
0.799233683812069
0.9154763080578381
0.42705221312591735
-0.7812399169864368
-0.14127415092012563
-0.3125802218707465
0.7035125334752153
-0.44662476392582606
0.7831682283816581
0.11352302692879324
-0.7197935660368592
0.4096477521592867
-0.8131115048220348
-0.1872687869696339
-0.698582554484068
0.4308412786040303
0.6876916510489883
0.8994639113391301
0.9425349242818475
0.9442985385274099
0.9358575303685741
0.0743690780615398
0.6953861765736875
0.6310353595376019
-0.3942014073662019
0.8440017981748371
-0.42094065676061043
0.5128760979245912
-0.6602722139275696
-0.8040556556248684
-0.5593373235664194
-0.6888425054434748
-0.7625032799343208
-0.8459543738210757
-0.5761394944196494
-0.7405192886905138
-0.5472170639830412
-0.6661629464977887
-0.8214910964239893
-0.5663957371991049
-0.8310858243059925
-0.8537166995205222
-0.8969084367090616
0.5335886695853331
-0.5950922585590152
-0.8049431961058027
-0.880686599350312
-0.9111634790555198
0.027200901943799094
0.7856584316354855
-0.6363507739955382
-0.7463010988429368
0.6209596809370634
0.895979153743389
0.8962783743923535
0.9451622652479694
0.9142055816207864
0.9146140180891684
0.5347121250587181
-0.3397780824837682
-0.6586936203067472
0.6612343076130134
0.7372132611873055
0.778751805344722
0.5967656074912793
-0.12149741300804018
-0.6598965997944368
-0.836225160152651
0.36161076888046195
0.8994403518966043
0.8906695648727265
-0.4701798959918695
-0.663790303086116
-0.4682166775498142
0.818158383222152
0.32063947011969196
0.7391228403655286
-0.5330831441604145
0.5193115831976145
-0.7821398609235295
-0.8492353565874331
-0.9002702410486659
-0.41671433828359894
-0.6261518905457772
-0.8097157737730509
-0.8927202787507188
-0.26315694558630986
0.6502023863688271
-0.5120162415513609
-0.7829053260301163
0.30991384813607614
-0.47572706924886177
-0.6195133724497456
-0.7170576592111536
0.5655326129628666
-0.6994589962806363
-0.871709164965167
-0.9253374884702602
-0.9271615173424809
-0.9418481443894096
-0.9091812233502626
0.4733433897850292
0.451631050219542
-0.7656393271745943
-0.7956271520381906
0.2385862370146734
0.847499709690908
0.8794867596950946
0.24179510944762228
-0.5250002731759795
0.727637352746924
0.5204491829674869
-0.5071709397167277
-0.8169375377705472
0.4688828972850103
-0.4031203425419585
-0.19054631395221033
0.13916028722682539
-0.7754556153179857
-0.8096989171568317
0.07747952825648685
0.6635881457960588
0.7629553705095484
0.12502383524217353
0.6619620976027185
0.8806646727328336
-0.5978135761644134
-0.7458165122969797
-0.21643893646189838
-0.6125894617918947
-0.025839941089110585
0.734541779038085
-0.46922564496791375
-0.4305396869928406
-0.775946109189
0.6383009827138306
0.6667617549421341
-0.7118161999880295
0.6807375605889148
-0.6108252744738962
-0.8429985696110007
-0.8991498053854453
-0.8929334811374003
0.5329641476343168
0.8917543219936415
0.3711749272252176
-0.8167729391201014
0.09809054143088547
-0.7718314410631343
0.39421489827760325
-0.557394656067131
0.7760036181919838
0.8149144421348546
0.879224929929644
0.9507434234796557
0.9459703495217402
0.2470617446357919
0.8295569224590811
-0.6054359480776024
-0.41824047412530896
0.8396242176737594
-0.40402513794369876
0.6878085018903464
-0.5005724702846608
-0.6733254989349081
-0.8347769920462469
0.21386475548145278
-0.683125537088021
0.6439328498765275
0.8622237901418781
0.9365165093423731
-0.28077473106761275
0.8424783913157963
0.19202416403041278
-0.8033133020461409
0.3124493279360758
0.6731416165749053
0.8940274883089068
0.5899156618312038
0.6935743861010495
0.7490099903065348
0.6504709695563153
0.7381614560591319
-0.7112139689920457
-0.8372048402216644
-0.8626036322279218
-0.9210265688446531
-0.02998123206830705
-0.7268690074566175
0.13084677313493165
0.6200407938083068
0.8793876547179382
0.6231698798894103
0.5001778125546263
0.6769540158474003
0.41198321966709806
-0.796005448650144
-0.8185453846077015
-0.8667397106399569
-0.8559611427187984
-0.23505126707459056
-0.7893739368756504
-0.7300550364661091
0.6305373552977105
0.8216953991472307
0.19876306840793512
-0.4157539450209611
0.5562567809446264
0.48473392959935135
-0.6101053399150616
-0.8443351008337135
-0.4275678919341859
-0.7562084087075092
-0.8992132532945586
0.36632506509594975
0.7784993996103855
0.8135678550989136
0.7782884873173639
-0.4358212895548428
-0.6567174523576345
0.7130484811395263
-0.12955894698867465
0.7992668160527636
0.8090308880224353
0.8650571673715677
-0.06696987487833761
-0.38295205113773423
-0.7515920187717796
0.44921600671549267
0.13872758450722134
0.3922677527116176
-0.8228981753026482
-0.21596528909941726
0.8160560199021447
0.6411616954273913
0.46280573433285643
0.883728999377458
0.829935906578801
0.8434439625148775
0.8069316611631605
0.8633926679417223
-0.10164572058670474
0.8050925344398714
0.8178262325341514
0.3313256239146716
0.8451974191133564
-0.19300576072933473
0.7726833202650789
0.8592316464022509
0.024281873411550414
0.14978757566479906
0.6024410883302942
0.8271763973729536
0.381023803858469
-0.7670276221151581
-0.40502058384632345
-0.6820953223085247
0.14559332164867844
0.6517244341995847
0.7352738687840661
0.7857569813902103
0.924890748260818
0.9527342645579238
0.9065487086024999
0.8910524325876279
0.8406229787859398
0.16167968028399682
0.35673621699988045
0.8590815254964144
0.8355097841487227
-0.32153288478226183
0.5939924750315615
0.7292416512422977
0.8414059584257474
-0.5477659719143515
-0.6728812977798501
-0.8757707470955126
-0.3355182304581805
-0.708833026521642
0.0043552367278618664
0.7347576712179207
0.04463297116691267
0.7271333444957875
0.8102017365308936
0.03226546597471747
0.800850984122538
0.9110898201095805
0.9452359124599694
0.9424808503152471
0.9337707462573015
0.9258148222443146
0.9245827335726202
0.8282778250215379
0.9040908130311609
-0.28449554482247974
0.7990951742893484
0.8389068106181796
0.9187555828045755
-0.5362429273335259
-0.36728922868072056
0.7441707911306177
-0.12294666362286488
0.7954665204727813
0.8192855247164632
0.193426884501946
0.7901844670152209
-0.43221751977963274
-0.31639476525540045
0.3967320831866228
0.7786862109727617
0.9183267891042084
0.9406498612688019
-0.537969794425887
-0.6563812550499217
-0.7595362838287211
