0	0.4203066045380337
0.7876748392575945	-0.23830393303539
0.41599227588001025	0.37609508352779786
0.7467854196386832	-0.10643354916050551
0.6529637287991246	0.7999143781335354
0.7355723172791221	0.016759197172667495
0.8238417413474807	0.9580546716465235
0.8796467462883237	-0.07924968294348589
0.7466858563415193	-0.522861643657571
-0.22301234098953798	0.21532537296165088
0.3401864569363992	-0.22420654960548658
-0.1465343827311869	-0.6782436692419576
-0.6323491116543304	0.40705023679893304
0.15272651826176778	-0.3050218149690773
-0.6613926824322508	-0.7168774416920551
-0.7307811317605193	0.5913733727609689
0.35309291032761797	0.5786451453631418
0.6216771402589751	0.5001351496961322
0.7455367948936793	-0.42625045764555725
-0.0400502047517029	0.5294054999402469
0.7645663179733948	0.20792546819035818
0.9121300483306178	-0.8987384857303939
-0.48669703187176183	0.8456687076905842
0.7880733125571978	-0.39099685513174
0.085199863620668	0.640418553648737
0.6658508968828782	-0.45515835017825856
-0.20585314990015605	-0.5305883997052032
-0.6581504910766902	-0.30202421188575035
-0.8569227638555436	0.09860283033909467
-0.7118938428272292	0.5128155665607015
0.2510858562086272	-0.679974417827216
-0.8005659026310106	-0.7518131498577436
-0.8232947330486966	0.6796070818243205
0.3607891153122031	-0.42781365716616415
-0.594948753432141	0.2807503929451951
-0.10382235989709862	0.9716927429462305
0.7771764240774466	-0.8576555384569926
-0.5830685742672049	0.9421245662962847
0.7733934225933344	0.3722968270110416
0.8751191129611247	-0.4135367380454742
0.13359380417775452	-0.06982199900729391
0.001401742881049958	-0.4239562184022103
-0.7869429356862967	0.38395726404832464
-0.0987867913805541	0.6210483007578116
0.7648208860658368	-0.5355205846299591
-0.221471414211464	0.5294060111956813
0.7864534434383211	0.7327827291690117
0.8126224051986859	-0.7924463394441039
-0.49424885627823345	0.6126227204680932
0.6587620535467295	-0.8511612746610959
-0.6824956110896082	0.1999718370377579
-0.4118541569345081	0.4745804890661889
0.5974470007897591	0.08265190050504034
0.8464051621756687	-0.4192887008403219
0.09233478186636564	-0.9148351304720006
-0.7599602174647073	-0.0881698623784688
-0.8843667774660844	0.15819605546336346
-0.6284522772526118	0.4660212299679116
0.28009212085906987	0.917372102889616
0.6541616950865702	-0.8229477616816665
-0.6694337412199515	0.21729438970330173
-0.35742689610318995	-0.686158106697009
-0.6037799983609666	0.7647671765740685
0.6748325539330721	-0.42106552698565225
-0.12298134168747724	0.7179229807570868
0.762162367249356	-0.18857245251858124
0.5019933574265064	-0.0729448399579915
0.5567558653107456	-0.2825864377184657
0.04412685238316382	-0.2969203717461366
-0.7507940983753356	-0.41866862139066474
-0.8472300318224266	0.8609590608899047
0.5187274832681467	0.5080621161008438
0.6932195971953992	0.2479299511919697
0.8869924771820561	-0.19207291044957353
0.5714178559323262	-0.22366087251654476
0.22798947979199713	-0.24330253194216866
-0.4127937879354531	0.9804305593747484
0.8365084338078252	-0.3927168997235013
0.13489884200033733	0.3109835340168223
0.8025450571559727	-0.261509892860313
0.3786491163049188	0.8052042409013014
0.6226776332787072	0.6130797412962854
0.7134418016534129	0.49541208049238294
0.7986730716700476	0.9406008528267185
0.8593686625994019	0.021803899811947414
0.8552881599335197	0.8847148542009398
0.8796521126434406	0.4892214489575133
0.8967540583187712	0.43585808736631604
0.9170902153384182	-0.6406919973444991
-0.20284027854542894	-0.11484643121885996
-0.701414798781361	0.7751731462280318
0.5921383887925853	0.6770347874345066
0.6896224660252169	-0.7457174123909713
-0.5791609648212384	-0.0630908791245357
-0.8260339222478178	0.3631731858533336
-0.18473006481606946	0.03358888981339936
-0.24406450965368437	0.6340653391317608
0.7978184130216182	0.18718066070448702
0.919775100862436	0.5645009032983905
0.9075022798506884	-0.1052110161274975
0.719152487971112	0.18732957168354414
0.9019895462779398	-0.5380718053209674
-0.06268580914580445	0.6244805411691865
0.7474617951430431	0.9396803902705511
0.828705800670356	-0.7830812063342947
-0.46864578753542907	-0.5898071646383722
-0.6443621684805697	0.3751241579905178
0.06320611955526684	-0.1343840770999949
-0.3823142137663604	-0.9516589528387556
-0.6788877656883981	0.44151046902937097
0.16012577770607353	0.8116412567299038
0.6359763743161431	0.718954807344582
0.7154505790800482	-0.9407453530387655
-0.686608057499858	0.7337030766504591
0.5716059347535483	0.9231336923240945
0.7287724922373926	0.3669842747064165
0.8569449424192399	0.12077857649844392
0.9165447303567729	0.5763316483882697
0.9041559132316443	0.9625098753177668
0.9287491742046161	0.1913780210601057
0.948885081419227	-0.44111055948126143
0.1539021413149594	0.5054617691788983
0.6897277237531777	0.5231161431033522
0.7756145925797554	0.7500838991925707
0.806605181839434	0.9805503276129106
0.8765816647669202	-0.2585963428319591
0.4411721209364038	0.5509389129945661
0.6481175268752288	-0.7787070223021757
-0.6453066186091742	0.20494725783707635
-0.36345255460181725	0.8653607563784496
0.8213231197453045	0.018318415259309884
0.8447625611767513	-0.25505878112349256
0.4253178336361945	0.04299630113793618
0.7385860368829849	0.5317813302928118
0.8025317160112606	-0.8452247074647272
-0.5494884708667142	-0.6492574717178574
-0.6687680836489194	0.869423391502905
0.6848521959746156	0.08567059863877957
0.8680965882541075	-0.9427622157006732
-0.5598757905035879	-0.35026271894729355
-0.7984308562851852	-0.9837451473943428
-0.8728990057097389	-0.5535569366883362
-0.8807863795046522	-0.5660921247174329
-0.8836976476394323	0.2655071860650331
-0.4327487880688264	0.5697126081194681
0.6799875140430655	0.6634326641486119
0.7427802714806109	0.6566450560632173
0.7838631693125875	-0.06760883691987973
0.7319678616205256	0.2602202821802124
0.8952354277110685	-0.7944988165338549
-0.4103143135142689	0.4157961905848333
0.5068893775322252	-0.02122775756272066
0.6748453465231198	-0.9062502874548823
-0.6996930913923062	0.16790861230722398
-0.5000550903414686	-0.8964757975630306
-0.6881138607417405	0.08243228074905717
-0.6661051098777306	0.8706200292757018
0.6876047929036747	0.3132242103768659
0.8625030336653813	-0.6438597071480199
-0.268752716945653	-0.059032311106417934
-0.6497209168738587	-0.3270675751183858
-0.8424342527906445	0.529143997107457
0.11541145292024242	-0.44641538191939567
-0.7904849425586812	0.9045485971292178
0.6035254027444658	-0.7388584624184837
-0.6570797289691159	0.7768331616601822
0.635755434102392	-0.9347209203596281
-0.7398193690415118	0.07134514589858898
-0.7091642405299603	0.5627311850505037
0.3375114497133148	-0.6677337469707372
-0.7902456787270902	0.4686476791366043
0.0686783429334638	0.02309653865647676
0.23551032618853202	0.0642500596697797
0.6275227062324173	0.4018581502777079
0.7950049056744195	-0.23548500979882991
0.4277993418006927	0.3257499342614587
0.7846752683788061	0.13416555142830777
0.9079051290120641	-0.7183787207671448
-0.3134841635758173	0.9292814377571372
0.8283377610618257	-0.08876117953088514
0.7164543943029363	0.013791736155986056
0.8157637493633728	0.41774244283054385
0.8807556664783964	0.5084994759477428
0.8935045505222412	-0.07081730948365061
0.7617804303043896	-0.9175841967668521
-0.6365880032478156	-0.486040744702547
-0.759243092196611	-0.11083074497650869
-0.8949933589242061	0.5760660123431456
0.1317847533468887	0.4690489481350806
0.7200330654105557	-0.9935878443561774
-0.7083917538019945	0.6424031672754782
0.4497426269922186	0.04328296441373225
0.7524892653290705	0.5989126449366593
0.7967715021415621	0.013463962830341236
0.8349623100414366	-0.20340963482374486
0.5207448363573663	0.9813762100125911
0.7324677574570433	0.2616481792687797
0.8950301615031222	0.19316924218613818
0.9419815600220788	-0.44955372324286946
0.13227050333949175	0.8698249284082189
0.6591916580705693	0.9011943701052927
0.7656513153564083	-0.4997539912884972
-0.15754150064308653	-0.5561699931437996
-0.662294766574413	0.7658710866845388
0.6226451217639206	-0.5507561932202649
-0.4327749450862793	-0.2345118154407939
-0.8364866325265232	0.8378109471499862
0.5101409109848656	-0.2206185606737019
0.15199001013215557	0.2676586277036006
0.8077743559891506	0.03216886103711869
0.8543240115652428	-0.57104283284158
-0.17049596342326853	0.5304704483075213
0.7927279213345062	-0.9494092183725116
-0.629518493489781	-0.01864015908530514
-0.7951931338436029	-0.39784715641715995
-0.8767687775714558	0.9230539984379753
0.538222688410925	0.07123470699751833
0.8210616659375407	0.4743803353998004
0.867301314492108	0.011811268077243753
0.8478175683808306	0.11220162929241684
0.9115084341456067	0.841988912776704
0.9069767447071052	0.48863673043551525
0.911979114413757	0.3564532334258028
0.9393252041966709	0.12931644500977768
0.9336958261455961	0.8911598408823451
0.929802049779644	0.8797636672502975
0.925157591432263	0.02422928785547529
0.8687332557681862	-0.33519492380957105
0.2827823018394062	-0.9074546338896567
-0.8212039051321093	0.6136121429904309
0.2744251913016213	-0.5832157826248259
-0.7861768619932755	-0.972914873679845
-0.8621894706342689	-0.39362214854352007
-0.9099906186026978	-0.27020589753982405
-0.9485206660279157	0.3321611897351544
-0.35336078034812635	-0.363179772562747
-0.752062446909223	0.15251607810200496
-0.5688602826320253	-0.56434764095099
-0.6952138114050641	0.3175452831543186
-0.1407889249748176	-0.9846511410570278
-0.700578784293778	0.7559620408052583
0.5769012887991963	-0.7121591889291421
-0.661604500334219	0.6658128172277833
0.5317101518857544	-0.1500082695114755
0.38458146590700504	0.26832778434735793
0.8167317930714664	0.07915736279996644
0.8896263240666615	0.08434417069926603
0.9047679728667601	0.4819154600765194
0.9120318922941544	-0.8212679320781138
-0.4191796311724698	-0.24003627503936475
-0.8328104065278258	-0.8995106779400861
-0.8690578520064732	0.10110802374040428
-0.7123931340208682	0.7046981449275518
0.5158656572420894	0.0858125311480511
0.8266776082589683	-0.6076218484758409
-0.2591563121164406	0.572026776451835
0.7873603620888718	-0.7897363064825134
-0.517847184742	0.5212534946213441
0.5275395609555859	-0.014642570583004222
0.7001636395712227	0.31616967104243887
0.865925920594055	-0.9704104729540215
-0.5799187903655805	0.6853487997247603
0.6375017627452891	0.6402090510425187
0.7184692508148511	0.5384910433701422
0.7883781273661855	-0.3953130665055027
0.07647950200852734	-0.06941004410054252
-0.11688971080268189	-0.07827737466691587
-0.511854002112586	0.938586778903421
0.8043916128026828	0.7766034675920905
0.8282272245332507	-0.5057434560711827
-0.09135055488897106	0.3232025980209967
0.7422944908899296	-0.824475106570042
-0.591248331018622	0.014271241944756374
-0.734425473078543	-0.21523817816346402
-0.9040543186163145	-0.6685635057588153
-0.8897111890165972	-0.544249675687208
-0.8924262099433804	-0.7707482533992973
-0.8855587558050428	-0.37031578624035144
-0.9257488066678679	-0.7024870754034629
-0.903503710058279	0.6865532935688949
0.2790701052051618	0.5659493451635924
0.627041141063289	0.5009871030433277
0.7480541435710316	0.3420250222071197
0.874894112337783	0.8168153433448628
0.8796399565201838	-0.8084037941363338
-0.4400160817348591	0.9847992704668254
0.8336729009133798	-0.4444961280986177
0.029038906779561502	0.9735987482592794
0.7280694668858894	-0.36244805559823323
0.07638429008350889	-0.9563236662584687
-0.7627425593842342	-0.21503738145016382
-0.9112481495800914	-0.1506023917311632
-0.9361460468054039	-0.8119904065167105
-0.9181991584962739	0.5894558103066798
0.12672300307626383	0.12861285698788216
0.6536672611861428	-0.21440440497129454
0.34842849460098535	-0.2776837355804509
-0.2922576682602888	-0.12596660206916122
-0.7778980735519834	-0.38698850269664287
-0.8721037445485909	0.6058625950422794
0.2033407359988709	0.12436151395401063
0.7183076055600209	0.2816925458372943
0.8847884987982587	-0.4329841402532062
0.10622248163691722	0.9249463402122815
0.6853057100670268	-0.033406156226481576
0.7455992392692574	-0.37988253773853686
0.058980641576686164	-0.38529344300925383
-0.7902439378415907	-0.5884006088335942
-0.8229176129839064	-0.4736909774101845
-0.8685340908364517	-0.6610758474707097
-0.866895845776863	0.2716619211328062
-0.40857343642901245	0.9362079723170051
0.8291489087907487	0.058859357630931086
0.8788692726898073	-0.3333956488692045
0.295233361443786	0.8387189216238922
0.6245322070423129	0.20631454661750115
0.8790330380929472	0.29104190348500314
0.936978368495597	0.47359081771709155
0.9305579841066274	-0.6302460175896041
-0.1733450183670086	0.3906935880180238
0.7427901558191893	0.7158552804337865
0.7829246641784646	0.6569878016618282
0.8104329178762498	0.3482466074749049
0.899075099041949	0.5799864577741849
0.8930887031028256	-0.43991437989612825
0.10167720568860233	0.3527033641568824
0.7926759820783527	0.34282389058821816
0.8932339827933168	-0.5303599485112716
-0.05945351981354191	-0.6400871284259004
-0.678968050103717	0.9738265280078655
0.727941314037312	0.7107506690569814
0.7730213422526386	-0.493680292905738
-0.13708712154330513	0.04196698120935882
-0.1187286751060009	-0.8478938383823769
-0.657346416721318	-0.6558337752819692
-0.7291302691143715	-0.3801640733826832
-0.8517550199196484	-0.45814179762286744
-0.8885047011337619	-0.6866978001000119
-0.8793556983570244	0.37627433242985275
-0.21063219652464557	-0.6474894605278609
-0.616350994792769	0.40055131448696124
0.16162762363893352	0.9633947993028131
0.6869202491552915	-0.9477451729475936
-0.7109597665831617	-0.3374903938764646
-0.861433482199076	0.5307844006929934
0.09608670518787174	0.6446286133322765
0.6596243132221159	0.853505357529857
0.7517439517500013	0.3600013383996077
0.8698427847671353	0.20259999382192673
0.937346286270594	-0.5168696764361647
0.010495150329010522	0.6404885431534022
0.7050523782065655	0.18628901253054608
0.898835889055666	0.21853889632745593
0.9453282063635737	-0.6552918985950311
-0.19221672071935178	0.11177077085102649
0.0406686843234987	-0.5045226021843621
-0.7728089686501038	0.9781055559770049
0.6615882920605715	-0.14992961239012303
0.5103869390313289	-0.6006645468254661
-0.631129316761456	0.7457418643705784
0.636696612152252	0.9516224438510743
0.7717257131327482	0.7297268059973365
0.8026663630252602	0.724209683072556
0.8230216051279331	-0.9327531337249202
-0.5932388703444845	0.02428423539523883
-0.7191306761083457	-0.36652355625760635
-0.8528421317455567	-0.2758647508334011
-0.9303832897182344	0.3036476661473073
-0.39316269983713836	0.11097015332532267
-0.3209634811421574	-0.6662276918717858
-0.6018509647294152	-0.04423770612410727
-0.814713839676562	-0.4223548352168962
-0.8788323996377435	-0.01721571432771496
-0.8548268450271157	0.39181265967237855
-0.15569713604752553	0.45821986967117434
0.785279862436446	0.16818657986158558
0.9151872553022702	0.1035835485612997
0.9187450019928894	-0.2247738467565188
0.5303850605893302	-0.04023867816247195
0.6526962668536497	-0.8960004607376884
-0.7108563069608471	-0.906163744239944
-0.7967010725930546	-0.9741203048829237
-0.868709742488137	-0.5589260747514537
-0.8773627542693012	0.43335491034360984
-0.09784742127601352	-0.6070345370803021
-0.6688924573808699	0.03675880172205348
-0.733859337400908	-0.06311398486779507
-0.8636249048951216	0.3877320162428155
-0.17268447735791706	-0.5890998925932867
-0.6433435029092609	-0.6830798774348426
-0.7192877131011682	0.7259839716326211
0.5297437987758326	-0.08987799398030227
0.5403960720197927	0.33260834902952086
0.8033768388483384	0.7637776664900966
0.8262139280635272	0.2615431677004312
0.9239471628537708	0.5875929138474836
0.9074180652670609	0.322483685322688
0.9427169816456925	0.4230654620320826
0.9416411483732259	-0.6170651145583876
-0.1423710625809937	0.0973832161919459
0.08814191554055373	-0.7482519208945906
-0.7436135156349453	0.19724881519430837
-0.4697268559862747	-0.10981128329047452
-0.8307212224876066	0.6929573566809077
0.36869659317848114	0.48798965120198456
0.665038278214713	0.8167902556948512
0.7461209825897128	0.9064480403284785
0.817705548416116	-0.9874663310561749
-0.6307131152299449	0.8086309666381155
0.6801034846909171	0.22505353757882207
0.8887686715213854	-0.6666829459983568
-0.2696904836975621	0.8680231712779525
0.8144288775204656	0.9235855752103619
0.8640088097949508	0.028132205887681172
0.8615485693912764	0.7083424987642928
0.861765145895718	-0.22745520656214624
0.49142392105679655	0.8499094344337361
0.6682987519963168	0.6059867979213553
0.7420598372796792	-0.16911955610549856
0.5284835739689299	-0.10154562450728832
0.5101657865066678	-0.2124241148413244
0.1762557382518991	-0.6684603347442817
-0.7867088081272214	-0.10431159134804613
-0.8972666542576079	-0.5530301717463435
-0.8956023124808934	-0.3761460910978809
-0.9289035595278965	0.9481984432838326
0.5087209457352752	0.5485952921491928
0.6725938826807598	0.28717741698630483
0.8678387899190095	-0.3775489119706914
0.19708249715138082	-0.886113469456687
-0.7966222468776251	-0.7254993175184703
-0.8190428085225496	0.41416647586826905
-0.07251589819727201	-0.2934765866324296
-0.7981947375979995	-0.613407267698824
-0.8245324913266023	0.0768298038067825
-0.7326688926715359	-0.8791974777585629
-0.8019730553354507	-0.1998369581545496
-0.9212775219264706	0.3126030897483152
-0.36968419271116165	0.05510454956842592
-0.4622231555038976	0.8720313005879781
0.8044162562889472	-0.18239648501284922
0.5425245178382501	0.26556224066425393
0.8413404803109951	0.6759539723460721
0.8484795140576114	-0.3217186595694952
0.29217864037280405	0.5881614990229262
0.6179101285930596	-0.921440968146374
-0.7456434990096821	-0.5172510713067988
-0.810894361152583	-0.4429709155752559
-0.8706429268284674	-0.9084315346089662
-0.8946882735752141	-0.22883310498435994
-0.9447763792108661	-0.8274236275579752
-0.9257170160707066	-0.6626537493693543
-0.9036853996449896	-0.7195274533334923
-0.8896938353645303	-0.4985330233329599
-0.9005221076665588	-0.5852586403900621
-0.893357357534318	0.03549079056410265
-0.8045892938197414	0.8041021453861543
0.5130363205957922	0.8696808275233074
0.6834311327285039	-0.42607731016769246
-0.1217588317679619	0.686343245749099
0.764622220694344	0.498318114769863
0.8277842216875685	0.7831170315047393
0.8444072880985288	-0.17000288051582624
0.5885965312095542	-0.3446588260287127
-0.07084170037454773	0.14316570164066023
0.3969503660851883	0.21488418748660854
0.8377768980683387	0.99748028446496
0.9001711892133725	0.9831366981418783
0.9321153083063036	0.818937938152561
0.9165721817475329	0.7136452893698053
0.8978539775855832	0.7802672895405787
0.8900061096638741	0.11162771768034663
0.9183788900548286	-0.43209064367456973
0.14137707690087437	0.9450821785270267
0.6835808645014008	-0.173046195959631
0.47559014026705915	0.1530960749467387
0.8507212402287488	-0.01910468502460061
0.8132327434656295	0.8264460226223329
0.8411926941578389	0.6160698764699681
0.852297900235776	-0.8984857147254461
-0.5429259062434395	-0.5402103474304019
-0.6905887097119574	-0.2160160215779603
-0.8929784305898649	-0.8122155361556862
-0.8906663185366226	0.8203992405856537
0.4400775654767538	-0.00873869425101037
0.6521830329091718	-0.7451401943887423
-0.6160492898739441	0.3708864341961635
0.09389916643901286	-0.33772572328527817
-0.7532774650025673	-0.8693908411572238
-0.8121063764431694	-0.01643754322928559
-0.8411046188132731	0.7391944570115858
0.4102871958519867	0.5055306985907513
0.6612187898863291	0.4203494960237133
0.8014562120458455	-0.46997111600594144
-0.057567989515611984	-0.3833544206938071
-0.7887480046022219	0.03379103446875997
-0.7799791629356713	-0.8531130851823938
-0.8250767492100705	0.9879475864250371
0.6249492740620933	0.8025575337624855
0.7198887852822871	-0.14900042997351037
0.5551659954806557	0.7928863802242851
0.6809177760139513	0.6411060332585212
0.7451432684042261	-0.5350949711000457
-0.24595890736050446	-0.4009020594743218
-0.7330798145321604	0.704229212851702
0.492345247630574	-0.568682396328557
-0.6175472805680482	0.692804713088238
0.6061742653002203	-0.1253612313485617
0.5217458866107474	0.9293816801983787
0.7097933374890715	-0.013972697195431483
0.7811200250914184	-0.028179076418285876
0.7848411132614845	-0.5946375291775989
-0.2905537771218072	-0.793811420254912
-0.6122206066249041	-0.40263667244502876
-0.7878885627455471	-0.9034553994412324
-0.8422701525247949	-0.9523383519926931
-0.8889705166731423	-0.08028405128335092
-0.9023629788773636	-0.3486366501950653
-0.9367885120614016	0.021651369720590452
-0.8283683842686209	-0.6834308290038464
-0.8397008203498757	0.49697189151961174
0.06213553858274658	0.9717027944123302
0.7163600453124259	0.4909402588062475
0.8018983593136375	0.9426534718578459
0.8619151613023841	-0.6480685387780747
-0.2751865630506411	-0.8448482094972971
-0.6267427934707164	-0.19459453164999108
-0.8811113497777706	-0.8133905353904474
-0.883169819186731	-0.9703451114453376
-0.9184838106476484	-0.6925492310361907
-0.8987472288596384	0.8811070688069309
0.48526248162072316	0.6307737592568716
0.6421675965207374	0.6506409480176321
0.7202708215627912	0.20736353399842522
0.9013057935732762	-0.8418418490556254
-0.4490378939632869	0.3150233329265666
0.2180427933118178	0.06339622862801408
0.6059168237760266	-0.4134031948397472
-0.20531543593943197	-0.6290009237257692
-0.6214255365002296	0.8759815702744653
0.7233959501841611	-0.950982810538181
-0.685759632193401	0.5012483865325257
0.2656525227996118	-0.8077521459287864
-0.8086873141957029	-0.6562706303644477
-0.8276033709318344	-0.4151319252450314
-0.88749489567939	0.47147190917363946
-0.03755073191395696	0.6966111822914167
0.721179850306088	0.0245213631398975
0.8280434067015062	-0.3321855808727685
0.25153569938333736	-0.6420925565566737
-0.7983722865175455	-0.989788910581086
-0.8748987021351347	-0.31322598619349695
-0.9323262934101719	-0.2430157121912837
-0.9549026129907618	-0.7772636396188977
-0.92618147515379	-0.9982420733741879
-0.9514873184269133	-0.34904431407292447
-0.9557341704090141	0.2505166362289375
-0.5055685867809477	-0.40393184258074943
-0.7471107200906311	-0.014813570975379164
-0.8247264634804081	0.043660643663960386
-0.7776944465863831	-0.15365780216118696
-0.9112660467005373	0.12735649799743554
-0.6880609350858831	0.29972790425543216
-0.1752005576805335	-0.7088752473598554
-0.6206443326658677	-0.8499313151411549
-0.7289269955870938	-0.8958954160073151
-0.8043441115982997	0.08335238853529003
-0.715863302056132	0.13484524285661803
-0.5814816767649642	-0.21504133522431634
-0.867967022466836	0.04090285669671223
-0.792375756038421	0.43052412546107743
-0.008753133373041525	0.5841184238623813
0.7315490811202954	-0.01877655096166375
0.7818766040463319	-0.08783386704175777
0.7001691993550111	0.08486887272897081
0.8707965396845267	-0.301274878676453
0.35260910592104044	-0.9182506035466611
-0.8291939410375525	0.985132961068498
0.6199487507329554	0.207151767148247
0.8778788039135866	-0.6303127366957835
-0.23222560138150222	0.3261558887018343
0.5968928529635511	0.7674330715344897
0.6979955349181979	0.690022609781334
0.7533957687717809	0.9776588122418388
0.8449707694980302	0.09529160531985714
0.903229302808573	-0.16216171181170824
0.6301870226101314	-0.2582190445639938
0.20948198285104086	0.3560011835037191
0.7717692741928379	0.7036400677790877
0.8018625888790285	0.2165208396769338
0.9211197711064458	0.6994394802838708
0.9004958588126314	-0.911361834794089
-0.5075283954915195	0.38989171783816956
0.30453524604639715	-0.8337893291205207
-0.816145402161582	0.07465901649073059
-0.7329599901375901	-0.8997536198082632
-0.8078709137503869	-0.827860860852041
-0.8379713181010711	0.8689782835273454
0.5340288802307706	0.35588499037706667
0.786897719084667	0.8533896215204002
0.8295245818155104	-0.7311220242568337
-0.41415316726709767	0.39380086455121366
0.45951490655452754	0.0028101185221109937
0.6896287944342109	-0.7229412568502298
-0.5585337026757295	-0.35081220042255334
-0.7976644394795748	-0.12460520298278799
-0.9072959075097821	0.5241656432392896
0.03360945240150949	0.9103896689374089
0.705931578975278	-0.1507320889685524
0.5419252306237318	-0.4205954108839747
-0.31717115233793763	-0.3768327555202442
-0.7425033741851235	0.07296512667959254
-0.7076940611373951	-0.829245666369927
-0.7746190751891335	-0.19812313698819084
-0.9147791053904815	-0.6404844669596239
-0.8976384314635377	0.10930836820723555
-0.7100536488473116	-0.5454118021636132
-0.7813475873154387	0.3478447428783975
-0.1703506686152098	-0.4390121310677819
-0.7255494761362438	-0.08167656569687254
-0.8740427378918463	-0.6804138105852124
-0.8699649253427917	0.020761133334736837
-0.8157233720212745	-0.6249802879378963
-0.8347380634725384	-0.34935836881699034
-0.9089942826750128	0.5194050386471465
0.023711440608455467	0.6832691145764567
0.6897249593243999	-0.2237578114031089
0.3619097971554521	0.9461060905950358
0.6729433840589081	-0.5864943410370853
-0.4194722916623528	-0.3270554779341064
-0.7827753213630799	-0.46424232128024334
-0.8486929470072532	0.2626293988116104
-0.41300316698907147	-0.2770435063376937
-0.8143202505034979	-0.29772863017473195
-0.9135767590213153	-0.0680320341357652
-0.8988063916984247	-0.664570515379171
-0.886440370045009	-0.5658359656809242
-0.8871994967142447	0.16259038948706417
-0.6223741694588402	0.07594267167584312
-0.6409314629382888	0.7451336947234577
0.6269163133445949	0.3702405998272096
0.8115283006075926	0.17251787966649923
0.9213023568300513	-0.01879880382142085
0.8283329255312029	0.26042261913563713
0.9247384605906249	-0.08392268815920922
0.7532003253319821	-0.4708058853673791
-0.11927184655234677	-0.5971842271789691
-0.6621582450370213	-0.42024705252088435
-0.8019618876372496	-0.32643905614923674
-0.9017821596725495	0.30154292960740725
-0.3762268936056711	-0.09364095175179976
-0.7823985307343717	-0.9211214052457171
-0.8438431702489331	0.5374581195077972
0.12786743038891604	-0.5720559614434859
-0.7840318038613564	0.6770735837962423
0.4030526959946663	0.35464031662061246
0.761144454932523	-0.10411555312862375
0.6640180489854499	-0.4466945966703735
-0.19141313086050749	-0.6267441313238533
-0.6259364466725894	0.35558901474207905
0.04309539436527202	-0.6310127681273874
-0.7360352395300831	-0.3675539678517008
-0.8599657764120018	0.6839915610705245
0.324462654096305	0.31959027660273365
0.7840695159764883	-0.0959712848185239
0.6879616313198273	-0.8216248178158654
-0.6393074769158462	-0.15454477382484044
-0.8833727343084221	0.022935522682824505
-0.8162775318136487	-0.42945440832955395
-0.8775145713274874	0.1504619059864336
-0.6382830507274273	-0.14024682859320037
-0.880672028752495	0.1678155704678992
-0.6105064961273089	-0.2626269484405699
-0.8592440636789176	0.9009079364028569
0.5382406797641337	0.39342682599461676
0.7644205325832806	0.14662118422717407
0.9071673557395412	-0.43438855748837013
0.1261445271601779	-0.8110482628908529
-0.7622645656921831	-0.26689066435339304
-0.9030571671797649	-0.8938848674716693
-0.9114699647773123	-0.9242483199205958
-0.9234691748511643	-0.6950027406291825
-0.9019558275322426	-0.7476666650681096
-0.8899528890880419	0.9781908788738309
0.564010451181419	0.7690765864188402
0.6808965151480115	0.4445958139654125
0.8003890748448832	0.9945820939334031
0.8776859777575337	-0.8545395554335358
-0.48360205460701444	0.14764727269236055
-0.33239539720120836	-0.6687323545317749
-0.602190855114185	-0.728486261866506
-0.6964811218955378	-0.9602405930733355
-0.8068178884976542	-0.0512711189872328
-0.8693706662853657	-0.5787889907746742
-0.8748324463325228	-0.6261575016857182
-0.8731141210217424	0.38787474248725373
-0.1817594125006475	0.8825057005066037
0.7908759784439645	0.6593933730749331
0.8155817353656034	0.903438002326248
0.8593510234485978	-0.2517499222728081
0.4424804765919655	0.9142208430346537
0.6760685407988609	-0.5968237531169864
-0.4299059498773705	-0.7236729360822776
-0.6203657629024425	-0.9479884754051071
-0.7620352518468294	-0.9204479768576843
-0.8313761427783455	0.7790717014874182
0.4619456470468047	-0.9285253551028416
-0.8176650488000696	0.5798884757180842
0.2280176862993812	-0.9999616498559869
-0.8233113563757227	-0.2560511466446167
-0.9237727445054906	-0.6506508796933617
-0.9028491501720989	-0.6449710678008886
-0.889830892729432	0.20564823368196028
-0.548697369359523	-0.8798168071676924
-0.7022893029947217	-0.7020495058450194
-0.7561877091923699	0.5070638609010645
0.18286018987817426	0.7903229638935518
0.6256809009366219	-0.4049358139742738
-0.15773246460732437	0.5713883647629832
0.7905757911205794	-0.020912356094840767
0.7963136099545488	-0.4573652820320706
-0.039580669914837135	-0.09512904837475711
-0.438906094075734	-0.4599023674356868
-0.6932916200456201	0.08056868423435892
-0.6721196571186856	0.16002900982929447
-0.4959022277284104	0.7405326804577397
0.7426218664642803	0.9568752938673428
0.8316056030107281	0.369506045059244
0.902295234168151	0.06447097865536322
0.8947830221004209	-0.3848244983285265
0.20841770232725654	-0.3818661984891878
-0.705704165836483	-0.9932984632361801
-0.8243650429785042	-0.14274823952913485
-0.9178454816563394	0.9162560923869567
0.495038010791667	0.9784841476826978
0.7217913611163056	-0.897095697326098
-0.6578155164245733	-0.04425512408331933
-0.830671206972136	0.12384241706863497
-0.6620356339828046	-0.9169165367984848
-0.7724708697226887	0.5065376549249352
0.16116114407863422	-0.5608315460101005
-0.7917806118688927	-0.06756822745287816
-0.8779626838660287	-0.46494786732611537
-0.9010396678115615	-0.9502601064599694
-0.9236492006847099	-0.35662433621996104
-0.9439685547709133	0.7380886550700447
0.29808016627067335	-0.29725155302779926
-0.432444222480368	-0.3615032533905458
-0.7597687130129703	0.3121880077237782
-0.22648407597484138	0.9144736419000592
0.8091606556857598	0.21521374658413084
0.9230088944707571	0.17171826389102085
0.943824831069944	-0.14096056723768324
0.6792143878803503	0.007552659727826372
0.7980128732034177	-0.13015374474989816
0.6362312171823312	-0.5580051026336772
-0.4256905692597751	-0.8408955610644835
-0.64385077160855	-0.24090361691710593
-0.8755583676367817	-0.8631126198896231
-0.8879504034232171	-0.4475244367502951
-0.9101260070250079	-0.0417324783890507
-0.8801150592437289	-0.5582046512088874
-0.8844575760175919	0.08104842987962191
-0.7456657343003795	-0.3760188942397138
-0.8610350428216283	-0.4378866749650099
-0.8984517557437801	-0.7556386824644481
-0.8882285327883654	-0.5347365220256846
-0.8931037089937102	0.6710899709391476
0.2706382229387536	0.38104788948428925
0.7438347822719796	-0.36319914558984046
0.09374164608619293	0.3942873923431829
0.7762978475025977	-0.809340516092415
-0.5460704510810117	-0.30787810692196205
-0.8197250631063772	-0.8067679899471465
-0.8422495037640031	-0.39115327265383804
-0.9012914326199916	0.8203621708181892
0.4292340269248891	-0.16369781668902772
0.2056117207296928	0.6950668243569724
0.6126580416402643	-0.6436555206044479
-0.5633075972424674	-0.6841957650820301
-0.6739553871898046	0.8708789540619584
0.6815595506422718	-0.9784450771900397
-0.7281603683020407	-0.9723969703824409
-0.8288480932666458	-0.47394688780287897
-0.8718057303708664	-0.3389788764344652
-0.9264574599125939	-0.47336582999916965
-0.9251240815433787	-0.9151887335061377
-0.9296789066265909	0.5921489005085434
0.11828991149411039	0.9609600291547644
0.6957952226574272	-0.76755914534261
-0.5914602124459823	0.3256864696250894
0.018767293553340905	0.2906635510893927
0.7804675068343279	-0.7385028937530036
-0.4758756015338964	-0.9537090227722071
-0.7037763096610358	-0.08185453018695199
-0.869749835774834	0.35101161338815756
-0.2519305262639573	0.12894564850750778
-0.014185142722236192	0.14653327319223441
0.5060459745401801	-0.5110472268266151
-0.5283213527521198	0.22821887911325311
-0.1561392818732265	0.5358928515363293
0.7923374025534604	0.8026300586644397
0.8237423735211178	0.6692555074149538
0.8370003776843873	-0.6081648868632561
-0.2477036050540804	0.21009630887554764
0.2769745373851188	-0.8872232652246612
-0.817815635835391	-0.9789618056592433
-0.8826005247849875	-0.0034043382817039447
-0.842860992632433	0.27589156146593496
-0.38155476741207883	-0.21407715001361471
-0.8360499664997623	0.8340848375967134
0.5074115962114762	0.0024699832493673135
0.7186526859194663	0.240200711375393
0.8959480462053662	0.7885701833570764
0.8896532409861438	-0.13406877940002082
0.6697291260220867	0.20204059815196707
0.8898550059794774	-0.8387661545833256
-0.45772731237413794	0.7487894834076345
0.7683618532768046	-0.02133034608566753
0.7896649362251447	0.05732184171012644
0.8705470182666522	0.7637702285117978
0.8706247942815611	-0.11434165241703176
0.6930881067393319	0.20629806526558236
0.8948594336217095	0.8272048812314374
0.894042421631269	0.20001616286089918
0.9426064871175677	0.9840310357180977
0.9570398000472062	0.21996431102624858
0.959140284233766	0.8549510083898593
0.9388451472785176	0.5143032230534781
0.9252565584176945	0.3210234429912062
0.949286346118239	0.09038323718473462
0.9171986326059984	0.2894904838832868
0.9495489220219954	0.00817983463347094
0.8589728102250469	0.9350228543027397
0.8942508488595136	0.5278230290122126
0.8978100228992684	0.08644477851317967
0.9072246365165331	0.9823797268862371
0.936021632715448	-0.3608185611927537
0.2902807773952043	0.9818137899029951
0.6843399923171758	0.3431744031441355
0.8482407797826477	-0.45055007079817666
0.03374161638982471	-0.2583365167163454
-0.7155176607896756	0.5275462962031325
0.27182102774216527	-0.44815102466002954
-0.7158199077506692	-0.7302724106263336
-0.7659702229863927	0.6462938759589838
0.38563219467682713	0.4349507449262575
0.7007783602684048	0.9381482065342186
0.8013424825950085	0.25970723650922434
0.9166090719453215	-0.9055848927186192
-0.48788139954693605	-0.2532351062684304
-0.8365727198021474	-0.9117415971942029
-0.8744523994101085	0.04667410184093623
-0.7870623735280587	0.7842729195537865
0.5132051531401133	-0.2970699346923702
-0.0629188467096735	-0.3404478560786648
-0.7986414693759856	-0.968270249129251
-0.86794322671392	-0.1459375655978028
-0.9268935983301493	-0.6598537197181351
-0.9045058904811079	0.39507316431991213
-0.1977769111607104	-0.7971625667870998
-0.6235519721105119	0.45732926400449947
0.2702510995515838	-0.530170180053664
-0.7699282326935015	-0.47850989336000604
-0.8369256532308098	0.7594887494558218
0.4363610340493954	0.7735260536262241
0.6293237106001779	-0.14087354569091404
0.5048034770846542	0.4744839358904698
0.7045291084148736	-0.0941464425216394
0.6534117902533662	-0.0002858118895485706
0.7798064177490032	0.8250217517111376
0.8193483535054478	-0.9180332656134731
-0.5867982950698035	0.5913471368927823
0.5336178290622315	0.925916043648797
0.7131966266773466	-0.9868219347819578
-0.7101752264718125	-0.2909370461432115
-0.878980937453196	-0.2080465099999036
-0.939891070895742	-0.011388058051854832
-0.8602183913778638	0.0322752294116706
-0.8006105091018026	0.21871983761718639
-0.4670237830930043	0.07471918129753563
-0.5185652030428205	0.7606667835171215
0.7376593635411731	0.7245284754193373
0.7799005720696832	-0.4673334143607981
-0.07890851955375153	0.14142243534314702
0.3761679601718117	-0.9059274682341767
-0.8268668930560047	-0.3595561704765975
-0.9029356088721948	0.20179973647176586
-0.562558034442305	-0.9801463489268962
-0.748766316457856	0.028260871635705342
-0.7750266593113351	0.0933358751467801
-0.688425448166126	-0.7841934956408569
-0.7543637787695445	0.5596074301615201
0.2744779076432837	0.7964781066984747
0.6133049689877381	-0.19397366144193295
0.35768422601475713	-0.0025616782595698773
0.5926965173142276	0.4896251389785129
0.7351267600214405	-0.26806432154213833
0.30222567201689887	0.3852511399383094
0.737146558108477	0.891274896414127
0.8079795569822417	0.1600240620613984
0.918573980730105	0.005039659444201039
0.850938591413402	0.09829243000210619
0.9057230110297585	0.9583282710685017
0.9285637917814321	0.8207683233409042
0.9145775799802354	0.2453349285328743
0.9502872285129393	-0.7578080656347532
-0.31393320120223794	-0.6197227535225469
-0.6086438434115693	0.9936429279173891
0.7771368664955536	0.4958467350426419
0.8358951964107311	-0.8675281041848235
-0.5348847684016578	-0.8873144412616152
-0.6988398464435309	0.9426281330773216
0.6999396418179051	0.159584294729469
0.8963261758516898	-0.6749595132642539
-0.2720994989976716	-0.11205761367293054
-0.7488897832803262	0.4408137102726388
0.06559660145907768	0.9599311012936234
0.710836162965115	-0.859008611348121
-0.643828591029944	-0.6973034039994708
-0.7195090248343579	0.14736232664291582
-0.5582986441410033	0.20969118916182472
-0.2499885772385988	-0.41729224743148463
-0.7202353483013016	-0.8412617569013221
-0.7849981283353344	0.5222387457717095
0.1731952167211661	0.2380104155943208
0.8071123768525803	0.29994781509962776
0.9105069419077965	-0.05150294270404032
0.7899849468509993	0.34316089837337027
0.8920075642687291	0.9009520884502218
0.906174611485248	0.6056516190286942
0.8947512361542472	0.02690002109429246
0.8658991102109342	-0.2931419807064173
0.36496843188080524	0.12184517235258085
0.8056270197569267	0.5253213856483445
0.8452541923395729	0.22848075168704818
0.9319891993571705	0.027575629533451718
0.8725530627365775	-0.5823856642131389
-0.16715038585815456	0.7794051519831671
0.7789433837595516	-0.5066306253116346
-0.15317219827498607	-0.6302090033761187
-0.6382571910521264	-0.6666039922877844
-0.716806400549973	0.8398569381524548
0.6259047435741428	-0.9918702728152526
-0.7672588285654286	-0.7170149939402817
-0.7991600392546954	-0.7496595924677216
-0.8221912089025345	-0.9634302371877126
-0.880301241425012	-0.5554969263067158
-0.8849871917392443	0.683104805070015
0.29522486953276683	-0.5330629765589716
-0.758714535395351	0.8168437045621191
0.569532048337596	-0.15047975033322913
0.424786643396522	0.5864742021877096
0.6318114174597452	0.5286896813942739
0.7403960856068335	-0.24627331334829905
0.35747495412679325	-0.25650089121284614
-0.21449788316072704	-0.24579456130617539
-0.8148472412313166	-0.7763521703449061
-0.8351025437707021	0.6976625778051007
0.36940604568332824	-0.853483949646592
-0.8191527203571062	0.40595114380009356
-0.08926973339584923	-0.268351824684554
-0.7951135695094068	0.9401194620988569
0.6219706991340014	0.917684496258665
0.7513904815839727	0.31873237677932464
0.8844134252253473	0.3656109482783172
0.9262284401098821	0.43149312979154386
0.9324134220521204	0.41160979785651697
0.9387829479556487	-0.40191781352949363
0.21610228091117833	0.747996386920436
0.6121496238892852	0.04791737572501886
0.8214716200976013	-0.457190588043326
-0.009421562159044522	0.6844097774272588
0.707538257474855	-0.599239537681381
-0.3936564674831075	0.13737399612788725
-0.23583378557424156	-0.5483711997137324
-0.6417171790929239	-0.9769883175193907
-0.7844203525306693	-0.5726756210491453
-0.8219194545049795	-0.2806306301823214
-0.9195972797901116	0.6610112995015818
0.22791900954735878	-0.6949523373278628
-0.7979914499569296	-0.5016442664856766
-0.8466079749134483	0.26591337114203917
-0.404787225121293	-0.2118330897202081
-0.8393569806649529	-0.49110622871828147
-0.8734585215079294	-0.5031902175617105
-0.8903703301205399	-0.03960605927723693
-0.8752940685299313	-0.4012927527755843
-0.9143044839389212	0.719749333975348
0.30818626728070014	0.4053503732217112
0.7214503453609488	0.24333458235782435
0.8960717828614285	-0.8807291738821752
-0.4875322267949362	0.2512819908327819
-0.026511140880543887	0.1816462762463249
0.5802107334067124	0.09059337056304728
0.8474568961964173	-0.6531864536684322
-0.29875313610442883	0.9012982619294239
0.822919008842431	0.5264253204391409
0.8555184402006806	-0.6803272868211345
-0.32487585356557347	-0.46385989401407857
-0.6787616818329222	-0.963176628740297
-0.7982753855028578	0.058610618157433736
-0.7498236543442881	0.5726644026253267
0.3008172256753857	0.8409473315742466
0.6253217399951952	0.17332852932913245
0.8818484777116757	0.8933963737587058
0.8981887772147923	0.4346995014642643
0.9180486510554848	0.48146060743166963
0.9192610592671502	0.7815098985683921
0.9039443640063519	-0.35102560093748725
0.28212900828332765	0.22236861311466805
0.8234056245842367	-0.7241965894161313
-0.413244697886422	-0.05656992590353127
-0.7525391767766788	0.046943017605230786
-0.7508251932067739	-0.633083908642331
-0.7911622008442101	-0.36968501082688565
-0.8840738157096373	0.8210650827064816
0.44740463322818264	0.5123924799832438
0.6665552445099109	0.16776189101582006
0.8901543417861125	0.1083251049990146
0.9169363497050248	-0.9208220728344438
-0.49938571495421596	0.6658393299304466
0.6961583028898299	0.1813043651215136
0.8968827102235275	-0.4447193829943499
0.09659277838154992	0.043152509539304384
0.36309651158240025	0.5941951922130362
0.6179284197543011	-0.8850159227880499
-0.7299792521673663	0.508801957196594
0.22003982080466777	0.9319369785512079
0.6641073520802228	0.1470077385264863
0.8871908707498883	0.657391835429026
0.8791906129381994	0.5924676163478322
0.8792448290537931	0.6802825101749035
0.873374622138249	0.6290624824980393
0.8719441855341656	0.9942405293412389
0.9189447999197352	-0.6099212993761509
-0.15661958612759416	-0.3391043573362269
-0.7904151750698902	-0.14897874602535532
-0.912821376319708	0.14486201284303157
-0.6618273524003073	0.3990585767527395
0.09313028482580779	0.9478582043734336
0.6977041982837366	-0.1084510617214769
0.6226397572999565	0.0369061795350647
0.8134692235869305	0.08399053164869241
0.8918135009328781	0.21119526476360417
0.9431443430789461	0.79233733737189
0.9202894542316002	0.26596178864324393
0.9516992994149962	0.3994716750071581
0.9492795193613079	-0.288393446365224
0.4341179187054359	0.523200487941555
0.657905402280671	-0.29017676826490524
0.16207441091934915	0.31175018550110023
0.8010060395178676	-0.8859330065793447
-0.5813351372179182	-0.494001007249222
-0.7276224128580191	0.16416505201909182
-0.5287887977381119	0.5900078965693698
0.6000088102620841	0.35860956809051614
0.8074630041744372	-0.15445227569413356
0.5972789332901793	0.48603270149781697
0.7389969174117348	-0.2249805253274535
0.40453377955968806	-0.8400835227456789
-0.8121020942343435	0.8600881091985026
0.5518812729711988	0.9708393841735836
0.7400735790626907	0.4689427691180006
0.8231006981320586	-0.3365836420351369
0.23751366679314256	0.02214038344555802
0.5181337488107964	0.8575228782185222
0.6814576288886689	0.5038354247862054
0.7772612808582036	-0.6992777641418426
-0.43698674963003503	-0.3970282481864351
-0.7349209647571218	0.7096465216512036
0.4960299923571332	-0.4242826567980478
-0.39472816451181564	-0.901495139754416
-0.6589127109366848	0.45974817646029065
0.2246711101537682	0.659787549659421
0.6112536055228432	0.06497919425717136
0.8365421133706488	0.19823096636951143
0.9293220327044236	-0.8146680127894934
-0.39522736322671803	0.755533051273449
0.7957617816416396	0.6299702165127556
0.8210966626512759	-0.23441068517122488
0.4497595369157501	-0.03814512601361808
0.5938312356351784	-0.47845824516459
-0.3529980188182696	-0.660659593635045
-0.6045776697429855	-0.9680490334163778
-0.7625001405507978	-0.20692749448370917
-0.9116671358083467	0.39442572599274506
-0.2056471249160392	-0.6516856516779692
-0.6169282050289752	0.8798242739064077
0.7282815194551047	-0.9979944668855683
-0.704540983881876	-0.31575865135556147
-0.8677204451552816	-0.4577265133717163
-0.8971910622136609	0.16536197422175802
-0.6222391119138928	0.813783775653278
0.6900545410642429	-0.11802261011381576
0.5990803621324067	-0.5454474072420123
-0.4559927782943313	0.980952755413979
0.8299900798756075	0.17854705385415937
0.9260232708575935	0.6856579148732689
0.9035582867505745	0.5074578526563078
0.9066827493440588	-0.26659633755118994
0.4463690890239076	0.4472027452128391
0.702951941379288	-0.6284697360931131
-0.4386967429225546	0.4258349619205899
0.4835844417766958	0.3998501525162985
0.7435004078942699	-0.7293476748540217
-0.5068481017980608	-0.3217663097207988
-0.8015659969720087	-0.38173770642133853
-0.8849862119484586	0.5786242087197804
0.14708500344108888	0.06580468988468358
0.519714131479007	0.8967920158781097
0.6959830914917883	-0.5113615274517116
-0.2698155395539025	0.27151215917847016
0.415363802668316	0.33137770404432065
0.7792732692013542	0.9027799090981938
0.8368010795529308	-0.6558267116694567
-0.3146095902527913	-0.26826178415933266
-0.8138188396384576	0.016003921673814148
-0.8079563636577429	0.5236945357604985
0.14736276103378496	-0.04313384397184028
0.1348874621551536	-0.6990412955038499
-0.768993214013186	-0.030163494454686024
-0.8445074922779868	-0.7079774086077335
-0.8504571689828762	0.9028114673626708
0.5478178251176209	0.24201336500735526
0.852567439536008	0.019268541864659205
0.8517741598951206	0.5554152776702947
0.8675026611820371	0.31040619853672435
0.9301295334374879	0.40222818628126467
0.9393369813400245	0.5914824184099814
0.9163237840182152	-0.23728480214130587
0.5065496868022181	0.361826809226409
0.7752276850758559	-0.8131306628183175
-0.5502881238476166	-0.7135232629556896
-0.6679037748571831	-0.15967310524694267
-0.889763770571057	0.18636012902319843
-0.582882173213074	0.28551211465483184
-0.07415283170182789	-0.6686654945532817
-0.6657233917812888	-0.17770264185663276
-0.8903001626917417	-0.3802964157279285
-0.9257493010875069	0.6693104463689712
0.23225793415960788	-0.41430885865775147
-0.7178916356713649	0.5583385289377116
0.31930435805710655	-0.180786017023846
-0.041471336143448764	-0.615545260398678
-0.6950073370324827	-0.3844423464280917
-0.8341560702856295	0.8109394411511048
0.4890064096716203	-0.19386457387161515
0.20113389236677995	-0.6148528808488094
-0.7947372456107559	-0.6193912824173435
-0.8215537595781932	-0.05526293087645717
-0.874985692747019	-0.3144854784746718
-0.9321498511966002	0.8457192045272033
0.421815986730934	-0.28962625018274646
-0.19555595973974382	-0.976734225878003
-0.6873061234348867	-0.2714583542533484
-0.8782002420813831	-0.39921944466718706
-0.9161435712136028	0.7259157638600904
0.31351153204008836	-0.7274658147472559
-0.8050838159359809	0.7450006781744025
0.4557803149430361	-0.11879586543181975
0.382105578842732	-0.09724530310173884
0.3488915907890186	-0.4887569035960744
-0.6842990727301712	0.9174355470821576
0.6982767717237329	0.8864562351542447
0.783436388583692	-0.7940428577929433
-0.5257067076828065	0.3879580143941921
0.2715203701031078	-0.12910478861971497
0.05144553933359419	0.5903787204517454
0.6979189631291169	-0.8461471649430456
-0.6467690353845779	-0.7999625208977381
-0.7319380029763907	0.6570073314714138
0.43968203990035987	0.7276055768940246
0.6236439807156672	0.9192134431165775
0.7528077909529438	-0.08425228678776975
0.6937671079061813	0.6916465717620821
0.7506724056285728	0.8538065981490457
0.8067769460145933	-0.8480054201500455
-0.5475788522128577	0.8396400865634539
0.7549789033273927	-0.5736057037225217
-0.295757830079163	-0.30884492657749085
-0.7921421779979712	0.3057254066215569
-0.2736139472924063	0.9253663899714888
0.8217975537637978	-0.4525699364188127
-0.00015647677565619467	-0.17364506763025922
-0.5984632023697819	-0.501328559878236
-0.7329797105143161	-0.48072146560756557
-0.8149835172823294	0.8931111392534135
0.5735860832314094	0.43455545873937496
0.7537782814546842	0.6369881250130178
0.7927108087392942	-0.33133966088019773
0.21832613398294134	-0.3987529613798846
-0.7146177125902218	0.7278767765636418
0.5366044095455975	-0.21679407518682758
0.200814658872457	0.392584461765652
0.7488697532417947	-0.15347774247145063
0.5649389728048252	0.7967654505876349
0.6865782175304502	-0.5100650222748193
-0.2802251419201358	0.7518016195529433
0.8069778307301165	0.03410605063029881
0.8558071298743395	0.481844184215523
0.885009322799877	-0.14619745072170787
0.6484868977848284	-0.06336158420520843
0.6796935402801045	0.19194578924416228
0.8929692983492395	-0.918066726030716
-0.5196066071686718	0.7496447390308691
0.7313635473869537	-0.02181737943764639
0.7779102350252977	-0.04329922789014362
0.764270641159504	0.7008895266471895
0.7968456652747664	0.5362113049584312
0.837340137465735	-0.6743855750956911
-0.33808627036514916	-0.751060261489017
-0.6059952678905016	0.15556050026851764
-0.4482313740573638	0.753587406677044
0.7748264148170672	-0.2464785151106328
0.387664559539277	0.12915061125174776
0.8188852209075864	-0.8706319925454153
-0.5534808829951547	0.275073858473293
-0.05995086971356796	-0.4106941038083183
-0.7775159603207029	0.3739667990790392
-0.1094061182226109	0.9746128631192672
0.779982213946953	-0.8155895268757456
-0.5476101165400673	0.20775235175345164
-0.2415180612158757	0.06431812383980584
-0.2343160161730469	-0.4679605498694359
-0.6878664457266862	0.32817795900084157
-0.10625622552931575	0.6134861414799704
0.7693777475464307	-0.10869250974393618
0.6599856734405991	-0.3545036491469118
0.006938212180631134	-0.1972956755614157
-0.6412609839456499	-0.30886279316628107
-0.8481203780237919	0.055376093297532236
-0.7692428551520019	0.995376330916655
0.6731607344385465	-0.06832925589313121
0.6836057564920546	-0.22015169117182465
0.3645879098842875	0.9928610731013561
0.6963552602386458	-0.5345256575209067
-0.30895741079734035	0.07525630288894769
-0.31047989658086905	0.6120072970387149
0.7833017462696268	-0.8414620635643135
-0.5650783386551623	0.30657662103633765
0.008154469563735701	0.8813213359575602
0.708946391467976	-0.5686867848832129
-0.34698622383224226	-0.5832056890432231
-0.6197030221788755	-0.5967749352535194
-0.7147620263522041	-0.2686193071031078
-0.8876433279019956	-0.04509064627492565
-0.8789838331615846	-0.4835771008614811
-0.8975642054001018	0.46815429547035703
-0.054237948832206916	-0.9232184239112049
-0.7020363622662562	-0.6152056908620245
-0.7617677231520938	0.43777865610296085
0.043209525656863784	-0.5308008274997178
-0.7653594342937495	-0.44529775116979664
-0.8453228940580284	0.5418861548188227
0.13355984902258847	-0.6881667587664468
-0.7694984283133764	-0.06679274884509567
-0.8732480478581028	-0.8863074283888168
-0.8912656239008954	0.8341428915128168
0.4521428355668525	-0.19587136396519766
0.1392522002419111	-0.5294486578271853
-0.7911438809975868	0.5446648436429489
0.20376762717044672	-0.4411572766719345
-0.7587893953810354	-0.9917235978859429
-0.8530377671893794	0.03190556300185676
-0.7993128215265384	-0.3595833629656402
-0.8909091897993783	0.41233645001745756
-0.15170143698503558	-0.1473290638450313
-0.7134221078426876	0.11465744953517198
-0.6198011429145446	-0.6494709783002213
-0.7070679747257631	0.3145947739121824
-0.16202321912662598	0.04935201023071967
-0.13992240139853826	-0.6896721027991426
-0.6337783109269095	0.0687092757434491
-0.661720520052956	-0.5993520582483349
-0.7392179914812038	-0.39869092984567955
-0.8491254444588735	-0.14090137148108872
-0.9219620299272571	-0.34263855205005944
-0.9453461365269019	0.1490945923267104
-0.6675492543225644	-0.46724098640863665
-0.7836750994683699	0.7214445684224244
0.4543727093413029	0.4874690953410823
0.6812812648732682	-0.19914426960557674
0.4127009193638146	0.22919468772527352
0.8359047157259807	0.9065895569971918
0.8727351080832191	-0.641640720902033
-0.25397025877565393	-0.8985803567756314
-0.6472478853007761	-0.2842972026520152
-0.8609447991238635	0.6030324267153877
0.21202270370683504	-0.040344349610545116
0.26909136534539646	0.1035743691215334
0.7342712489943721	0.22064505874743645
0.9033967225515255	-0.4555430286199529
0.08328459075023553	0.8317586618407244
0.66656827525515	0.9593217516930337
0.7902915166186639	-0.660054617508159
-0.3745139364498377	0.00879310306389347
-0.5941257515729907	-0.8837143083905659
-0.7253590561977739	0.5072228449910503
0.2233014149357652	-0.883050010652153
-0.8045416695169704	-0.9328432712130892
-0.8606212659060821	-0.16750545843230125
-0.9306203216282956	0.15061149139667074
-0.6597354422167455	0.48101515393447714
0.2643646167945709	-0.18924312622504913
-0.1760717224582979	-0.3898716871534047
-0.7568922610010219	0.2966233152864648
-0.2587335366146963	-0.9891269621078396
-0.6880811950584461	0.2230232752934742
-0.36206384348416876	0.5478291807709104
0.7233417899029587	-0.7801195182998752
-0.5744860515531105	-0.49927044148056754
-0.7219948146611682	-0.9858066811630182
-0.830365398834398	0.24890091017555283
-0.42705720876771397	0.09076181734285216
-0.42879877115396314	-0.2437583903092717
-0.8324228065734254	0.2483074591938621
-0.4298075478068202	-0.03418849230210341
-0.7268829996792383	0.8083231176775285
0.5936264891239519	-0.9504365531152168
-0.7706194930066916	-0.8478022920711903
-0.8180026219581651	0.41457845945799043
-0.0705194244970176	0.13658947070542093
0.3759148460260813	0.1302220552531299
0.8158325714922282	-0.6368472877058866
-0.3135826817496023	-0.3044756683296317
-0.7942055358479314	-0.9003566997723804
-0.845337085979958	-0.6362650579338547
-0.8531615284930688	0.7573654055114911
0.4166897284058091	-0.28998245206502804
-0.20550368549785838	-0.4063918596748597
-0.7380108398182005	-0.8792432067371454
-0.8052370577582015	-0.13718835562209786
-0.912676315713545	0.6806909107596526
0.2614570018515801	0.9423597119579148
0.6656355839150447	-0.48524990402178925
-0.26405694612112063	-0.2336383601219385
-0.8207607550581624	0.496324801238758
0.08330695442545775	-0.668605649008573
-0.749038167818038	0.5967322461684188
0.3380239455290891	-0.8970264638307877
-0.825842712320741	-0.8849975129409617
-0.8612255918984264	0.55873880079255
0.14272187333021732	-0.384586953494217
-0.7579866558738	-0.5425905948702945
-0.8117207124428096	-0.18932706563202628
-0.9230567106161394	-0.08382226006333826
-0.9096687777146426	0.48492783798509564
-0.03683809352967336	-0.7848510947021978
-0.6802260264414937	0.3895165298531784
0.04649503985938832	-0.8164128388176739
-0.7242598921125338	0.938415335553825
0.6786566061498625	0.28989806356886993
0.8687696355060058	-0.08709264247129411
0.732510105095026	-0.03469855332825289
0.7610512347213386	-0.48412146418952107
-0.13451466830281983	-0.09002229270687834
-0.5702718170929092	0.9536054747562077
0.7836399503009865	0.8900676539668597
0.8361330199548986	0.11836269641928321
0.9119615730513103	-0.664344227266086
-0.24078656256947678	0.9805898083911846
0.8229333833836892	-0.9994198434433106
-0.6330918398304564	-0.93963159104965
-0.7652621994916899	-0.055851901790266556
-0.8647313661435427	0.7525868444078236
0.3991397828446313	0.8532934590373165
0.6414699992275815	-0.27284753531811257
0.1856389247592575	0.711530821398358
0.6175642303857352	-0.8411581146712372
-0.7088238387747687	-0.29820743756260804
-0.8759319497324751	-0.2018310022941332
-0.9386834468420365	0.33967294507464496
-0.33196087622539194	0.033448398347709185
-0.4782849694772886	-0.5955869669593823
-0.6463910151266441	-0.6166223650955762
-0.7269350161981087	-0.1214338287253851
-0.8928510574055504	0.9575750864164037
0.5478194996531055	-0.42515723964528473
-0.31764078771053283	-0.13238461100401255
-0.7959976015697662	0.9960774460506276
0.6527934577809241	-0.8314831580462325
-0.6757860561881929	-0.04667877617835048
-0.8374769204480322	-0.18095065354715567
-0.9279353179116667	0.33839865847131767
-0.3259708152179906	0.08391466074365117
-0.3081241151907006	-0.42991958581795897
-0.7032399816434545	0.4820169675630861
0.20651202709363398	-0.1566570965241807
-0.17738558796251133	-0.11132480106121867
-0.670854829310086	0.012050181241111346
-0.7704106229234666	-0.8599514217819673
-0.8205603455606006	-0.7339797718963859
-0.8354174503936844	0.037676326389847636
-0.788011661601144	-0.18407092863576113
-0.9173699283004917	-0.034639934521143445
-0.8758388876136909	-0.8634020748391849
-0.888184359429136	-0.23512522899334964
-0.9432135707014614	-0.680838837649816
-0.9144486100305924	0.16221743305831593
-0.6348908569761004	-0.3030229018533248
-0.8487354924512358	0.8189212402974304
0.48136495002491014	-0.7755916773845895
-0.7664690148042831	-0.4153175470380881
-0.85646564730631	-0.29576725156435635
-0.9286749377041907	0.9595578132589864
0.5170693575618472	-0.03489733532438777
0.6544030190110073	0.762755225817668
0.730498756229482	0.5345763061327635
0.7968153479663216	-0.8104068684413581
-0.5264143385584713	-0.7557136856002631
-0.6606579665841308	0.5258624125969005
0.342432018318946	-0.8762489913258873
-0.8231856491157277	-0.5117356363453889
-0.8590475610641928	-0.536457166691801
-0.8753555997125302	0.422019173063775
-0.11746206802200662	0.5107948857060725
0.7900862700470532	0.944028637296823
0.8552714713483811	0.6530523575607798
0.8585794924088648	-0.8546230609068213
-0.5024561559755546	0.7499877887111959
0.7429840628254785	-0.23062114444222903
0.39530941654623675	-0.4065375781563094
-0.5119925823184776	-0.5312177315908904
-0.6805517450125104	0.5890562783190014
0.41341171136719773	0.8845456442963442
0.6562792333506831	-0.0443088544962873
0.7162952951696526	-0.9245305146649057
-0.6775265539944605	0.18894432430094277
-0.43343570494212763	0.054143678899999825
-0.5380286570645179	-0.35462721248551987
-0.7888977221286468	0.4993478694276592
0.12758846575924518	-0.6550295179387244
-0.7710732461778337	-0.5074993405907438
-0.8289679686840685	-0.5492608265357877
-0.8544949909450131	-0.6962589362249085
-0.8569694806138473	0.2895797487561753
-0.36499979108763997	-0.2275135374107342
-0.831357694402947	0.8199510328325821
0.4998773080766973	0.8426665621054457
0.6692990269209362	0.7073684942499827
0.7353545223455977	-0.5156437687260234
-0.22512432492612505	0.5263988769866601
0.7848132745607799	0.9648843639770288
0.8587519057792852	0.44613829330307486
0.8952217783995298	0.7847670571408374
0.8887681619067727	-0.8244889818238055
-0.445814724690965	0.7221541939500327
0.7639542290896205	0.5459396088807809
0.8146350832832789	-0.19796241161239103
0.5184725934483343	-0.7663212700115101
-0.7404813345206539	-0.9641224201089589
-0.832876863538939	0.03745972142592402
-0.7876088329876858	0.04384725372298193
-0.7665675126001318	-0.6219920969467123
-0.8027412514728898	-0.029294665775470685
-0.8508333139168202	-0.22904258536725242
-0.9334433971151788	-0.7534007488613925
-0.9106337987465504	0.8703808965351387
0.46479143588373867	-0.9281007880053798
-0.8168279534528435	0.46143096842491627
0.022972179984780017	-0.4316997359361563
-0.7887487258771785	0.7742037298874986
0.5021189960315229	-0.023730587207671183
0.6666764577967216	-0.8824247055095356
-0.6935362101554916	-0.5570729166295558
-0.7681643073046089	-0.5933750904644393
-0.807822418847823	-0.9500401598729074
-0.8676790198032482	-0.5632194633113536
-0.8760552888798561	-0.7243626349536489
-0.8717941502576232	-0.08679790527461217
-0.9032476873723798	0.9482380272404949
0.5320327289205492	-0.5710566915057549
-0.5746918260060054	-0.080678324508348
-0.8391885199147008	0.6694490288845656
0.32964896203131766	0.8023055499861416
0.6155680194585361	-0.39406151454498173
-0.14819398945169066	-0.9969704735529403
-0.7046277087165946	0.8775215326407311
0.660480511168489	-0.21912348389191671
0.3437456638736059	-0.003424291443809402
0.5759309994393166	-0.4664973499291887
-0.3568252712190005	-0.20144625578338915
-0.8340654369846213	-0.8105348477278262
-0.8521728325629006	0.6586511722573158
0.3006054414813444	-0.5838894640450212
-0.7778429772835874	0.8058200336394439
0.5415598408491853	0.9691266839337798
0.7350350605752962	0.8503404753894626
0.7962365506789535	0.4352340045791052
0.8652150819665083	0.9659939292058575
0.9065997632212086	-0.6189949955641465
-0.18357673039344508	0.9469427452156007
0.8007589507338766	-0.7789353685899567
-0.4939916371456469	-0.609385852296455
-0.6494122767339088	0.34494030891326455
-0.01546188993993964	0.41459861192843506
0.7912123042555358	-0.3682185860580913
0.1370956585622945	0.788850150953653
0.6389047638354151	-0.21173341268547907
0.33958334283483305	-0.3639909431994204
-0.5139879517475389	0.5945791592994318
0.6211615768409637	0.4213646002169811
0.7819675940939768	-0.04043838501140096
0.7693486540791578	0.8027241229308937
0.808800009889318	0.40026098280453604
0.882633375007259	0.8292105088917558
0.8865088470349498	-0.056131570453921364
0.7785337867144716	0.5067752349697368
0.8336327816299771	0.3581038644720038
0.9062493273102981	-0.4793531904317494
0.04317107775984127	-0.9762278620501106
-0.7553385698485652	-0.5244159793880259
-0.8147770259738896	0.02551925857364301
-0.797223404460793	-0.43669627024722635
-0.8652757082585768	0.0433543665313012
-0.7887767377959983	-0.5804590048680582
-0.8233061710396307	0.4065115845895575
-0.09271807965345187	-0.2583170487632813
-0.7919954736911119	0.32593442199493583
-0.22936223071960285	-0.33490149855107454
-0.7819988036815626	0.9442885156278273
0.6354663434474261	-0.7116145775839702
-0.6045297251126148	0.511978755722714
0.3961855431220951	0.9726976268022707
0.691712468739943	-0.2222683207681655
0.36741595526997556	0.05367845289992368
0.7200004027285358	-0.7356138333128435
-0.5382705530882066	0.5899985035925253
0.5892535099052473	-0.9763022579299192
-0.7814660826120127	-0.057527928107317994
-0.8691261382715595	0.4846870747240031
0.006453062086995781	-0.014363979321363907
-0.044607455134554906	-0.7770218832913902
-0.6758861815218484	-0.5118712239117609
-0.7712471240246084	0.418230899994398
-0.008457557216663657	-0.2944725930123899
-0.778191572847722	0.003145921512413219
-0.813416112667755	0.46856872493148294
0.0405869560946327	-0.7686402346509411
-0.7188040251641037	-0.6382516218335679
-0.769709306923655	0.1760341643584078
-0.5329743365795532	0.200672123894708
-0.2423459203694695	0.8713037136573338
0.8085791767557712	-0.711823766969321
-0.415871147444105	-0.45219365393690514
-0.693454137144982	-0.49134316310252313
-0.7886062598613137	0.542708593687449
0.20365479807155237	-0.966300424829204
-0.8104574843390397	0.37182571876472803
-0.15034259338694783	-0.6878925402925333
-0.6300050570047614	-0.4623654962692747
-0.766190506358786	0.5000856496024615
0.15745929306367099	-0.13767382459179478
-0.20824567292171473	-0.8805438782614765
-0.6453837310196864	0.6916082503982495
0.575868947854995	0.10481424783110405
0.8547375801227998	0.9164978759331579
0.8868557325703511	-0.2835201763626334
0.40004887145338763	0.323107276608696
0.783656054962625	-0.3586254187326883
0.1494254431426207	0.4844082453844345
0.7038456046523178	0.27717911542730467
0.8815287259224363	-0.7010429438087955
-0.3214778042914517	-0.05980437163919472
-0.6975981106777918	0.7402197043983509
0.5660817290159336	0.726028119643461
0.6767617296341389	-0.9403972508134659
-0.7147438384354083	0.013300975939082305
-0.783559078301693	-0.6865802167447539
-0.8097490009856914	-0.8020151738697368
-0.8350301512658125	0.6143703752315195
0.25910622918228854	0.6154549410657864
0.6135349735767519	-0.05244405941282149
0.6805433216371828	-0.02528758866856684
0.7555692646423217	0.5939918383575391
0.7995701004706199	0.26823958344519827
0.9145985843515145	-0.20265152405377784
0.5670786768953604	-0.6168828226722478
-0.5859910632446699	-0.5070877781032037
-0.7242989316884367	-0.6655512977210172
-0.7712056843314377	0.4389143814430525
0.03378097122205237	-0.08862824121632706
-0.2785845163196211	0.7420209299429361
0.8061653484189528	-0.9571325944569031
-0.6228180482292721	0.1006349609241779
-0.5902816602254164	0.26400656361718733
-0.14240249661935134	-0.17161495172467522
-0.7422675786385035	-0.9937511977155238
-0.8445415957977112	0.7470613148665088
0.4150505610845499	-0.13185820668818637
0.2861482417070753	0.6132686953529323
0.611163806887362	0.9378007566400435
0.7534666986182652	0.6102952625231786
0.7956904235776212	0.6455338576709806
0.8196900620478533	0.5092113618843781
0.8575698272540109	0.5548793642156113
0.8711709810712516	-0.8118354414113698
-0.45195729150075314	-0.06278019305836047
-0.7800881051788675	-0.9900484531507061
-0.8645140135818691	0.5134642235024942
0.06276209941035803	-0.6671410706957646
-0.7389021036658567	-0.3902712843339222
-0.8522962305644516	0.001986162318482698
-0.8315695343861687	0.9824398441324307
0.6164213588573139	-0.9525869158435172
-0.7586197260309822	0.5371795381071078
0.23217636413777584	-0.16258760138343198
-0.14712873225572448	0.9741230673360262
0.7935416523647792	0.3811892187881387
0.8814196962773765	-0.5068559838405726
-0.03222976235160427	-0.07014001996892771
-0.33999572851919113	0.8138067204441353
0.8149982404732397	-0.4430671340926595
0.010423986603815272	0.6227546652276543
0.7096240119196792	0.30271375145747603
0.8745658668459789	-0.6633422856371654
-0.2812744378264524	-0.6091056052475772
-0.6126170861869695	0.6144915600861389
0.5305722473854273	-0.5870486807682083
-0.5947440413514707	-0.017292574737553634
-0.7811874869958279	0.16405277389879735
-0.5640592535030216	0.9684755925434423
0.7911297786614189	-0.8281645453617206
-0.5469291446170161	0.7391275458768318
0.705270081601211	0.9761111218669096
0.8175424314715771	-0.6222853835907804
-0.29122915176894976	0.7477117198041199
0.8073767162432062	0.7395507368536618
0.8269537142502493	0.791933371628555
0.8449394830033455	0.3596299231903153
0.9107183558104087	0.20071022657856719
0.9463999889724579	0.35499247836011794
0.9531034486670589	-0.9474696730131404
-0.48608631950180176	-0.34181550504749825
-0.7836789910094388	-0.07656857066101619
-0.8821336679517414	0.6832416185263881
0.2985872958969803	0.7972485144285593
0.6130093271007251	-0.3939804858239715
-0.15177340037944548	-0.1499289111854889
-0.7177139523580901	-0.4568711894027131
-0.8150992770918489	-0.5981953397322648
-0.837533284160769	-0.27862135520564046
-0.9250561443543133	-0.14761387958814698
-0.9376954195530129	0.133281974194841
-0.6884619989498413	-0.6728463363151433
-0.7477030290871637	0.3134771747486311
-0.21064545202756407	-0.6312953944415354
-0.6195093098292931	0.8073308265490593
0.6884403365867271	-0.14264971876004018
0.5467519298231069	-0.9030670793367028
-0.7788097339385018	-0.3316762626728962
-0.891007167384231	0.9476781498005198
0.5426828017850661	-0.4997528461547145
-0.46174782547656557	0.6375474017911793
0.7075915879106238	-0.2771561099935418
0.25202660948048583	-0.1613992350455391
-0.1035250286720911	-0.022818694871505008
-0.3021750507485885	0.5150126395231991
0.7440752816885835	0.4594434118299018
0.828687881826272	-0.5935573639068856
-0.23576500708451104	0.27875575262118524
0.4912776955581856	-0.6973136188355877
-0.7227306971888724	0.5498096149505307
0.29937004534282463	0.5507275871400521
0.6316713520512692	-0.04141654930887673
0.7094177337768081	0.254201271771213
0.8900199575371189	-0.5801781375785062
-0.14380723254474706	0.8983537497078329
0.7784485504629505	0.8175388835107793
0.8171394087902522	0.5412212303840891
0.8487849522313718	0.15737839482380722
0.926157179071786	-0.4652861673918518
0.088664857936052	0.7534665319654028
0.6541632300143708	-0.5800733627935852
-0.43438645204798015	0.3465106214272453
0.32270782518271446	-0.4192550314862089
-0.6300176151073287	0.6414048979729043
0.5410846029630146	-0.48154737526476765
-0.4338343921374251	-0.689815281257389
-0.6200333765449749	-0.2715529751458623
-0.8582015769341239	-0.44142828428038183
-0.8961022443820688	0.3551104355459185
-0.2674091866938796	-0.17006692216930186
-0.8051973443393503	-0.019458777872910504
-0.8424769885517285	0.4801827222644992
0.02833992717913293	0.1957181093800624
0.6786555081447018	0.12204906570343255
0.8836175730229032	0.8504450546915487
0.8907086513195622	0.45992345403181734
0.9089139014159128	-0.37602744988004777
0.2382687836405906	0.4733436603138157
0.6834215614751808	0.2340439678111128
0.8877168123111235	0.9979730419579453
0.9292177795069844	-0.10427641270112908
0.7271512991994087	0.12097683022921979
0.892734721227269	0.41886039357205873
0.9187156871781592	0.04136095142236518
0.8811932243984946	0.7272427479233947
0.8752877606460576	0.18295571627825513
0.9362966900976513	0.485862978403516
0.9282211287319325	-0.06331009155102518
0.7800240452973282	0.6936887186461427
0.8073253856009277	-0.5652530290348523
-0.21747772658810577	-0.00933717110938348
-0.45011961567716585	-0.9118828649683488
-0.6773218143474175	0.7513888800899062
0.5964022040430481	-0.3072589272137438
0.03594412626052733	-0.5551963620406184
-0.7543375849281988	-0.8621077400827759
-0.8110018399484855	0.14775752807816
-0.611347938603798	-0.35385073538303646
-0.8143389655021299	0.5916827859271914
0.25015390236523044	0.059967120754566894
0.6330262348578253	0.17936939944275831
0.8834063167886805	-0.7581879519890822
-0.3851135468622972	0.4392677123479356
0.5806793944439104	-0.47913617314203694
-0.37306962596944254	-0.2947095934352417
-0.8009159175036719	-0.18515351929745205
-0.9203269984415016	-0.2915217729498598
-0.950395497469967	-0.709113307960967
-0.919278442414589	-0.8972497654952056
-0.9221991734047559	0.3585604729097729
-0.28310336582627776	-0.2559864985936169
-0.8177008059071692	0.5063177863000579
0.104954069054964	-0.06127018456687905
-0.024595031032727505	0.8741336807087035
0.7220256299107296	-0.9020252697542857
-0.6604812877537743	0.40766144373032986
0.11400238693437216	0.08670913965278637
0.532230216811146	-0.2335030146060879
0.1464793923128434	0.7886988661578993
0.635787177777186	-0.08767985401171496
0.6259186990762207	-0.4513839371585604
-0.2550898444733799	-0.8116220818644666
-0.6182856099569572	-0.3656201016307894
-0.8105663660604152	0.1714528959767896
-0.5672463703362994	0.5367101864917139
0.48513907105997256	-0.6633366697213199
-0.7061967383370129	0.799179065689819
0.606370684652475	0.8821171452512022
0.7310781224431354	0.7318982571484076
0.7759902036967867	-0.17877487494019517
0.5315747665550891	-0.8403066964411325
-0.7643753014213791	-0.8847927888117784
-0.8228643792103205	-0.7279178609497463
-0.8366565711442575	-0.7912531029743342
-0.8512285319117616	-0.48606064299483576
-0.8814390751442774	0.8726959705634072
0.49510025432901417	-0.9953323991041163
-0.8235367307890611	0.2962805348465567
-0.32296894535587534	0.735328118900962
0.805454634392	-0.6014109270769878
-0.2754794783960627	0.6849684584098792
0.8017365968644359	0.6746522773246066
0.8221557708912894	-0.24320678469927737
0.4325431419419474	0.801059742546822
0.6343438892934501	-0.5940942921166399
-0.47857732131817765	-0.40551934363368325
-0.7383657554030768	-0.557766899426833
-0.7958334784120691	0.6542645911643208
0.36051927969616293	-0.3300269077313367
-0.4067299568533328	0.42941858319325754
0.535675941376944	0.7934476577584457
0.6717518490120093	0.5296748534089706
0.7629465237950905	0.9140487594869522
0.8300427788704128	-0.9122489175242894
-0.5732451126342579	0.8248729315414802
0.7321573487359195	-0.7382416755339005
-0.5278234937849479	-0.14012577568710038
-0.8582847820094842	-0.8398710072566944
-0.8726271752272791	-0.47529947921614
-0.8958460956323162	0.3601567276055613
-0.2573405506353421	-0.4445349295678016
-0.699189037971593	0.24406589481465568
-0.3225889081357388	0.9113106729758733
0.8267967444988189	-0.7494908766072155
-0.43688628580358807	0.7072289017288282
0.7625245419244574	-0.923937270741177
-0.6397536413958268	0.9030954809904441
0.7233613356606517	-0.6719492807228402
-0.46753185037251715	-0.621257665674104
-0.6370552780343881	-0.6758822775203708
-0.7156824521684779	-0.9875579481620338
-0.8275653733563397	-0.5473399892648023
-0.8539983512290246	-0.6873289878096382
-0.8566700140153369	0.5530216482638945
0.13870374330584345	0.6520610399323354
0.6392806896845799	-0.17194165809641038
0.43926844886541416	-0.298693263927428
-0.1905506631013423	-0.029442571575382548
-0.47332134127973347	0.4063496060463683
0.39348015380998974	0.46699121696933177
0.6805584124738634	-0.7026686168839427
-0.5487329890958597	-0.03982915693116884
-0.7918183100000576	-0.37678386698734156
-0.8820586247605796	-0.2644405022159675
-0.9405405594396641	-0.5015983171554734
-0.9280531565401886	-0.07862451185114705
-0.9074387547591328	-0.47676217564403256
-0.9144443514599814	-0.229379523553372
-0.9497685207811623	-0.5219694958268988
-0.9302077354352272	-0.5214709933885289
-0.9194072610096962	-0.5132515506322934
-0.9146162854498481	-0.23358242648486138
-0.9500003692272758	0.13288956701334276
-0.693180269810389	0.5415019182753953
0.3246505403804898	-0.2040967839488741
-0.11014898711029603	0.3238380563612002
0.7284229109114853	0.8418001824214847
0.7901918342770335	0.30123034799934745
0.9041062829096206	0.03194332495071128
0.8715613401228365	-0.31619275673687275
0.32337683114980575	0.7064242612993685
0.6010083531095314	-0.8791179455150173
-0.7385475934114956	-0.08529532469533452
-0.878688904227197	0.34520398337319924
-0.27158156244983267	-0.9199047736405761
-0.655378745300311	-0.7157536076728235
-0.7270327652693306	0.38354143824426035
-0.02798640420262189	0.22583076275130964
0.6709008284813885	-0.33974234823849314
0.056770696324947315	0.6333161944663177
0.6820350061748224	0.9052622395049059
0.7797911392989457	0.06608840043924635
0.8747402778435391	0.2773534535768094
0.9371632509999488	0.660088479459582
0.9109588531809305	0.2192809860724425
0.9482956724076556	-0.9124949142413754
-0.46347381860277426	-0.709291951283284
-0.6302389585332769	0.5507112305957096
0.4226764745682986	0.016591320407773225
0.6905574271464068	0.42631215377677223
0.8133214405691656	0.32774770419114874
0.9059069639366353	0.6021676239459701
0.8949109556858084	-0.030806786526877072
0.8101663996476726	0.9021739433522658
0.8556744272348503	-0.20962064234117617
0.5216343699002958	-0.53686591697597
-0.5442105344411515	-0.44668756561316236
-0.7348921665715111	0.7194804320038388
0.5062580493886589	0.27845972233134786
0.8272043458829568	0.5990269010734626
0.8452526512070555	-0.2687262924201641
0.39803930159853285	0.32350533106725843
0.7832152645165975	0.22015476869741168
0.9161378632548819	-0.3333218322374545
0.3262751537497927	-0.8029204536216543
-0.8138298004875618	-0.8039931972766765
-0.8379873695407354	0.8258847677914272
0.498397584831348	0.1942845066528347
0.8563157792350735	0.40189752360202746
0.9051517890229319	0.44359954186322414
0.9197247032099098	0.8437475300260511
0.9124540260419204	-0.932121384239117
-0.5120140763057707	-0.3640207117168368
-0.775262929262773	0.7688149986429682
0.5112058004735972	-0.27497431563430563
-0.0043935537651323756	-0.1717927242797952
-0.5998849831526999	-0.01847431954898382
-0.7846051751000287	-0.26228584453369663
-0.9110063229799126	-0.6422885966422225
-0.8951571843824988	0.7437678804090868
0.3566514191267189	0.32632922688810817
0.7792347283263747	0.3623169577027263
0.8811722597052538	-0.610165401852893
-0.19932438807965097	0.3450146005526973
0.6685360620933348	-0.66231009180272
-0.5199768714108286	0.10198360511655191
-0.5007965919378952	0.01785484606986354
-0.6773884804519821	-0.30164905560369215
-0.8636551362706313	-0.3460732578224064
-0.9217147463202084	-0.13714981734899379
-0.9336569539112689	-0.44764796855340117
-0.9332149187757346	0.6171709444967373
0.15163733097609228	0.23308122191597103
0.7997786833021733	0.2555089141636686
0.9167881355871749	-0.8695331067879761
-0.458066114264586	0.12620086305280087
-0.3630256820083262	-0.15768955855837352
-0.8271431323785599	-0.9529633764286769
-0.8800957174038717	-0.8485920620546648
-0.8881342739282257	0.2655634036690109
-0.4357311986236433	-0.8081013766964775
-0.6370811726295488	0.877935071974778
0.7132540339050716	0.6626674820345304
0.7641656674190603	0.40175540391799225
0.8602059896481661	0.8131869495731043
0.8695882049565256	0.11198652206741833
0.9151321455575219	-0.34789039007785516
0.2975729027744637	-0.31967137582036487
-0.48605963230566246	0.40025781290697293
0.36090270143009645	-0.6865110502312892
-0.7881866506775347	-0.6143811421826246
-0.8178550689006632	-0.8782389347879345
-0.8546371686154002	0.7334378501508032
0.38911183597785004	-0.5350933101646533
-0.6900135159553937	-0.481211204903087
-0.7904274103984523	0.9510743162488677
0.6324108703455107	0.47573434911740153
0.7614412045346882	0.11780496588176392
0.8981244555668584	0.23112347636158193
0.9457172696986507	0.2959424947386535
0.9581860176720303	0.728115031757395
0.9248465006869373	0.45668332842495896
0.9272229288140008	0.49143272428810736
0.922474361009213	-0.0833637558134992
0.7533176313477598	-0.11313024102426472
0.6442651797001462	0.9528504196664309
0.7761007405728808	-0.7706306209734839
-0.51202600385879	0.8795131581493907
0.7875304826657699	-0.38235651956178307
0.102849803547508	0.48833289799025925
0.7205498486657855	0.10231925336561876
0.8839345685358615	0.91543168359589
0.9045518996599213	0.357890817827343
0.9360735298574107	0.5428507791412576
0.9197714128597853	0.4375539709099394
0.9281690462193319	-0.46259080873806346
0.09548858221902824	0.6527124413652161
0.65821949168429	0.821922895564623
0.7432075609567588	-0.1777552221587526
0.5111806543275458	0.46812021664619197
0.7103088810060592	0.7780919563498137
0.7672057998211601	0.5847404163823449
0.8086727100079156	-0.1736730531342665
0.5619187718758691	-0.8814381860421197
-0.7631553657655116	0.7940493326955524
0.5462997444975056	-0.8108187317733748
-0.74333529783525	-0.29806275432770524
-0.8881836888335675	0.9099266557398189
0.517959637049861	0.004656276574761087
0.7281413257852525	0.7235748291312756
0.7736227263029012	0.06129223363930336
0.8702815212669206	-0.05261134099679565
0.7787244271637799	0.7057462198894844
0.8065256716734631	0.45673943116745463
0.8641797654524537	0.8040113040268315
0.8708917080626943	-0.4938341798830481
-0.020932101429637417	0.6017291100844657
0.73231330141785	-0.967348696175554
-0.6871873849570987	-0.143938779902675
-0.8912240096226054	-0.6516855402612121
-0.8820457826005236	-0.5725772705130363
-0.8835601859650241	0.5249067078227636
0.060982806952798715	-0.49258720965200165
-0.7822104459546351	0.12729624325111777
-0.6334598667225002	0.9185647089318507
0.734485653420275	-0.40891554262771335
-0.017668200173236268	-0.5205525514422964
-0.7429809786236437	0.15517182593336987
-0.5577613477170263	0.4568539859252714
0.3653143772373702	-0.7158803048791127
-0.7944470761954647	0.9544339219940767
0.6310237181803071	-0.23325305739470426
0.2754511701274621	0.7294682890164232
0.6026940940421127	0.1986086310423294
0.8755173702649509	0.18887145100737857
0.9371754878067433	0.808856085857697
0.9184511528221708	-0.440869870566617
0.12528080028534713	0.9765216701415895
0.7005573736002515	-0.8789221880526743
-0.6646667432332733	-0.12016885260110732
-0.8801795803762674	-0.13841235404652452
-0.9268418826606395	0.2516188777941317
-0.4868185314533724	-0.2401673047265116
-0.8420029466763641	-0.3876082843533397
-0.9021265726882304	-0.05165061112563096
-0.8860733455467871	-0.5129339047633783
-0.8957204465369843	0.7848606986577102
0.4000692051950389	0.7328966640749688
0.6135424684002777	0.19474029804920123
0.8782885828347891	0.5999867554499614
0.8778211196296231	-0.06656571172168646
0.7630020378080226	-0.6214951564194557
-0.35597062916771915	-0.4932511258909045
-0.6610246412298459	-0.8010555374326207
-0.740573976829596	0.8688912535215427
0.6242236311563518	-0.022274337410370215
0.736965551426672	0.7207172432971598
0.7792748754044379	0.42140662843815924
0.8609004481140875	0.27240700272506624
0.9333489788122966	0.23780082526592072
0.9549403015800618	-0.12227766050181232
0.7099066472734575	0.2800301424572391
0.8825629679384535	-0.5797363796930393
-0.1515749754515822	-0.9008944897577391
-0.6641870844607829	-0.4102786438062853
-0.8076816662142171	0.39137172991568825
-0.10650448396054557	-0.7412479409469777
-0.6460234234355138	0.8559612642976846
0.6951875636520888	-0.09955658865579964
0.6382295904881035	-0.08623822215317056
0.6303457119563425	0.5610508513485932
0.7295158537012211	0.6356328850294417
0.7769462182192852	-0.9569002437633398
-0.6468165010483927	0.05758884117640384
-0.6891103870014486	0.05781932438037618
-0.7090878566743914	0.42065234855761346
0.07563884301971957	0.2827578444965786
0.7962008313696151	-0.12137684362224355
0.6506805745686333	0.18317794374382523
0.8870228878738609	-0.9254083297658051
-0.5305038077321316	0.16948547272240355
-0.3285035794641826	0.5975869202280144
0.7712912290643908	-0.24625141705075948
0.38513254969288313	0.31697396987367377
0.7868692929508451	-0.11312453129424793
0.6605267733923077	0.06275305845515367
0.8471189278916658	0.265546499383734
0.929857119106227	-0.34835735285231983
0.3087013006381212	-0.7536002917477533
-0.8082922093338196	-0.5752430288649233
-0.8367133225609027	0.17710519561594062
-0.5714838351828504	-0.3511615319141368
-0.8017066174555241	-0.8319104643625823
-0.8347220414121566	0.8010972661111555
0.47942097866008576	0.48094739819243926
0.6923421013953794	-0.7390238337676187
-0.5704503402777812	-0.893016465993592
-0.7169955181528151	0.08798395513742019
-0.6708585499221742	0.9524276651314934
0.7242071925720709	-0.5988641551623417
-0.3721878163867366	0.8357897501297815
0.8161093306475073	-0.11857647295773965
0.6644525431773257	0.055724428408255644
0.8424231210566046	-0.5563845496583772
-0.1609244369686179	0.9984179065166194
0.8035793866045096	0.5233228401060026
0.844481789567062	-0.347395290239779
0.23564505521656445	0.31260749115548503
0.7942672835355917	-0.21979384637975352
0.46014945265888396	-0.18093800629260182
0.19819927953392255	0.6730790651378058
0.6160927633358998	0.8154238558985036
0.7177106960507794	0.8798549745621043
0.7931142712105711	0.07195603820270668
0.8810243799431161	-0.09477543486816709
0.7255371547793654	0.5942098219198011
0.7802009377119685	0.30544185018505954
0.8993377741391532	-0.6676427425470715
-0.25915528832994994	0.23696404591084108
0.3379530481893383	0.8539510349528139
0.6319020705081533	-0.3661104873616179
-0.05972750096490597	-0.97864665037334
-0.7197737204583947	0.3981715988644654
0.013354811695633156	-0.7314599495842042
-0.7050913798552672	0.0021118547417826594
-0.794409245617325	-0.18637008037300462
-0.9189555121016234	-0.37570948985794383
-0.9389781445162695	0.5734836103668668
0.0795748079256337	-0.9047102377604348
-0.7525226690225423	0.8917525465805707
0.6285533642192996	0.423207127541287
0.7844528723919221	-0.07265531908172318
0.7246654875375196	-0.8662782667978888
-0.6364874778684958	0.31533484394255185
-0.0709545781003299	-0.9037411375662965
-0.6898658871292975	-0.0051138165681909875
-0.7983993234739616	0.4103272017695898
-0.056875730992628215	-0.1265535019183215
-0.5597573226824252	0.41846030609777984
0.28552400553971957	-0.6993374086928326
-0.8029710992500515	-0.041288568081107035
-0.8609272291959758	0.8267843999607456
0.4760808849159394	-0.8763130277501765
-0.8008727473434275	-0.7551522055220881
-0.8237736005406902	0.07836540266708458
-0.7301876935083753	0.7390236000678563
0.5306752689449187	-0.18058106138115315
0.2970925873805939	0.6269559939331588
0.6074598568531128	-0.9164134506551278
-0.7500617884987425	-0.27992578361809617
-0.8958436342393772	0.6394484936992217
0.2247503134767056	-0.4401501490792108
-0.7451619653999767	-0.4643666796040209
-0.8275589707749791	0.6983716076170305
0.3787918632483181	-0.6425186315300697
-0.7655983690799484	-0.9549894106917189
-0.8442893887362987	-0.5034694709713619
-0.873420858626887	-0.37579595798244525
-0.9192806790992272	0.19976502042355415
-0.5744161645787904	-0.40131841783543587
-0.7729876820581469	0.4800757730216265
0.11179303366518882	0.6420849482313487
0.6528763639716487	-0.8773893405421982
-0.7013556483715265	-0.03021674140438302
-0.8286223692891441	-0.12702053498933275
-0.9137927827099006	-0.056740673724790636
-0.8914315317960928	-0.07383269788096714
-0.8989421615787705	-0.9250463739440589
-0.9160434203900771	-0.5440514506865946
-0.9080152514806081	-0.3855515645007255
-0.9325030533387255	0.9401326201791098
0.4995082428713837	0.6954949416830014
0.6438158133506541	0.21856840907899144
0.881160765686556	0.6348783180653257
0.8765321612269903	-0.8917119684256989
-0.514978162009789	-0.9844725675815471
-0.7317676206904735	-0.4918962926867012
-0.8105114571286267	-0.510106337138406
-0.8518798297955468	-0.8043692544668306
-0.8629190793344583	-0.925383829339514
-0.8941358247044542	-0.33411311246940234
-0.9360231995159771	-0.8134568143401137
-0.9183113967006407	0.40338264121860634
-0.1948455987953411	-0.3956463480966439
-0.7482118832170122	-0.5723007497830699
-0.7988808506204864	0.6450945294437027
0.3448352166833307	0.6748959539500308
0.6027772934559236	0.6183988095046811
0.7011631503604919	-0.8136089299750289
-0.6217403554168822	-0.053014874747801644
-0.8289894030802538	0.6223551000905261
0.2777371358854718	0.23830786345417931
0.8215123351848773	-0.32518418280575334
0.2600464965416099	-0.9530368832597225
-0.8229032330157892	-0.7797438700726396
-0.8408006107830198	-0.3949987158504047
-0.8995703566661817	-0.33915267474763566
-0.9372790522343162	0.1329228883693483
-0.6888484375974155	-0.2655043488011495
-0.8806131786305794	0.7022973412680038
0.3240257641793334	0.36257715875466845
0.7529719030104376	0.5572834316621817
0.8051274899720056	0.4678321762686142
0.8601568899539445	0.4791094199477548
0.8880787760132782	-0.7247849962281125
-0.34262468268104823	0.951204608814977
0.8337371340996231	-0.6638666022303608
-0.3287158093143021	-0.461769597704798
-0.6800643367159966	-0.8264869955818832
-0.7571971753465063	0.4621468115541192
0.09739620494232538	0.4444764287995464
0.7479151037732221	-0.19278430285290726
0.48264729008305884	0.597498407309959
0.6475744393394058	-0.3491994007139232
0.00266296983183896	0.8480308971080248
0.7046918631976699	0.3078383503882456
0.8708632609278095	-0.9014742753724241
-0.5277965565992767	0.726548886102133
0.7125468429231945	0.6461141617294992
0.7649103291495174	-0.12648739324625868
0.6260021163530947	-0.48501484270579565
-0.31915323548852914	0.6721848107880082
0.7956048739116888	0.21049551269325617
0.919724580378395	0.029855669445346456
0.8724317651642072	-0.2792509682807287
0.39768860011617163	0.6378711694528849
0.6143929079327062	0.6595618865598949
0.7031235783949727	0.6541305701079658
0.7581737263260744	-0.31188788997495953
0.22547721723674263	0.7529560802546185
0.6109678716632931	0.9901091011631578
0.7749715738156524	0.06009297516916301
0.8696994405438934	-0.32869870977867155
0.2966896296650717	-0.815511286902828
-0.8136330008048196	-0.2764819241698915
-0.9176231990193208	-0.08894915790943703
-0.9116681166474359	0.14294648491545536
-0.6643691990956181	0.3687886036077008
0.0206919026681825	-0.8103708211488518
-0.7108512301376715	-0.03194667889290925
-0.8326708554600801	0.38601367632783523
-0.1445003532085464	0.06091210912907341
-0.05914213874042189	-0.5696267872180405
-0.7017589897183032	0.9329245655884435
0.6929930636407468	-0.3949640434193229
-0.04145782758041564	0.22240977271794016
0.6489502021121648	0.7562026906261037
0.7264113630195275	0.2101359693187772
0.9025582259560745	0.5652016186475721
0.8970855846542928	0.7430365411299884
0.8864931594540275	0.009254295108177324
0.8490521167046512	-0.8816820640729743
-0.5333075535900068	0.6180796012535295
0.624034303486575	0.195095169545896
0.8804771104541631	-0.3242445541800445
0.31479515134461716	0.6079902264170085
0.6114214441747331	-0.4546904358024497
-0.2826087404719103	0.44736778241940645
0.7056385154236989	-0.6066369994617984
-0.406325706274659	0.3696619520024036
0.4216851663782171	0.5488281910124686
0.6438458788670194	0.5810413932440639
0.7322969347910714	-0.2334072614771172
0.37944920566185025	-0.7399352681908655
-0.7963952443580721	-0.43822002944679794
-0.864354016698561	-0.9892215014575279
-0.9129950753320624	0.7199978717294904
0.3098987146130694	-0.29174058519485
-0.3982969208843925	-0.8638932983727712
-0.6450332909214491	-0.31995980914863575
-0.8441624381404517	-0.9896345105236228
-0.9013618491083693	0.3369197074100607
-0.3073247446618785	0.847793147172963
0.8178566456465785	0.3562021656186567
0.8999732398603426	-0.9523297784966263
-0.5378429832307617	0.36782631817258715
0.2056001910834515	-0.2114541426801495
-0.3609460076400362	-0.6857230572190285
-0.604241991257402	-0.24398387492315465
-0.8646080019985596	0.8327208453203807
0.47765971091551945	0.036055490384950595
0.7561352161622945	-0.1879770092898898
0.49892264284967675	0.6221781873789467
0.6490575088387451	0.8411569948726723
0.7424687051941794	0.9583467073840193
0.8320200840319052	0.20484479056366456
0.9285737154860384	0.9304860951118805
0.935276490663042	0.6577354689876309
0.9098408527330591	-0.19638653797281425
0.575532925380772	0.9874043248766371
0.7576488094946692	0.36643742324358763
0.870088861506306	-0.6463740086283025
-0.2635118463484247	0.058308675167180635
-0.2944321908663207	0.22882150846956817
0.24712696635515846	-0.00597621499836154
0.4454777823367315	-0.3690194710426691
-0.35712686085413387	-0.8912638718893224
-0.6482258387691564	-0.16241289896267808
-0.8860074654614782	0.2655243669285261
-0.4343286845506755	0.7282467899902796
0.7721823462464653	0.22219169052362409
0.9131035992004621	-0.10253735487925209
0.7246752303899853	-0.6776574887627664
-0.4725757119114692	-0.8803651409450326
-0.6720588579773074	0.5202712498218587
0.31756933351907934	0.4727867656264706
0.6731783845691087	0.3017595574230798
0.8621586341487124	0.5049721676326904
0.8834862022722436	-0.7567146341238598
-0.3834386299570576	0.3920737823501921
0.5026186605831325	0.8402005542295659
0.669636439231124	-0.8032885499640934
-0.6431303530202978	0.9257090927145264
0.731186939764407	0.839156923898259
0.7913293318611891	0.5573933246264651
0.829302966946831	0.3171492534044704
0.9146876397645415	-0.033270690131386615
0.8116804495461866	-0.3367711656007273
0.22584324771064856	-0.8138090463486489
-0.7998421201160333	0.895244340167128
0.5888804822857532	0.6880928659143772
0.6876197783870566	-0.41158178068844387
-0.0850711118638337	-0.9536789935187442
-0.7023538402132792	-0.5905056330049463
-0.7661523218766888	0.7281597169710368
0.4808591730117572	-0.6456382377082392
-0.6974450069479606	0.8065893122992327
0.6201015334033813	0.617867443737586
0.7111609919753171	0.03834127243144314
0.8386673458189815	-0.3723732240227948
0.1786026859130328	-0.348683386602201
-0.6952863774904519	-0.5618659462007112
-0.7680331276163795	0.3213779033456552
-0.2145708590527426	-0.607039879215175
-0.62469276766234	-0.8435827979477994
-0.7294162855772452	0.20724984895865162
-0.43622644430599367	0.5553659642993591
0.6633534904474665	0.6889770379612588
0.7314911702444609	0.9089146572310038
0.8096973754837886	0.406184325808417
0.881241007313949	-0.8006161954151649
-0.43086047323897037	-0.8139217251704236
-0.637235928566564	0.9644671178752489
0.7507352579352669	-0.4427023246881536
-0.06706173233748475	-0.21858353389107021
-0.7467253515055174	-0.5368886794950793
-0.8061794474443662	-0.3472954112397195
-0.8975570734677689	0.8125382970809181
0.42558895578594985	-0.759108661654361
-0.7863957603446587	0.3265414808854663
-0.22230741688114292	-0.7158889892567666
-0.6088677666432935	0.33313258090595244
0.0123255380221007	-0.06276542139189067
-0.22450837166652385	-0.555236511245047
-0.6412538801894798	-0.7451835135620426
-0.7206031671234063	0.2507801505578391
-0.3281094793249805	0.3943690334170775
0.5853173567023113	-0.21441834025869366
0.27096195083203944	0.9979790655108252
0.6923326460499337	-0.8611726072007724
-0.6609102651933978	-0.8893657269823749
-0.762842076041053	0.488398987448905
0.1402205672484472	0.3849655375480432
0.7692523716313153	0.8792151542727686
0.8244581132315502	0.5654161865849694
0.8486891131910372	-0.4133356756482014
0.10652199624690596	0.6819183361164909
0.6485075228554608	0.0039050978122538993
0.7834834962883703	0.9257239222208133
0.8458352124425402	-0.25521609708200144
0.425795565307237	-0.27741929565707846
-0.1538837078976368	-0.051418091980117264
-0.4863560662611325	-0.673659412608129
-0.6386463699299328	-0.8719341575481554
-0.7451339468070619	-0.8122559097369026
-0.7948072423253627	0.4281449136157951
-0.01642733077042862	0.3921863694815255
0.7942163073325201	0.41080577652416483
0.8720521314580109	0.9845278251364673
0.9160728217988802	-0.2686059027646852
0.4488140592142213	0.3853270143199883
0.745478353032626	0.23295194086595772
0.9046612777472398	-0.5409782032395574
-0.06456366618941944	0.301161316992008
0.7404096358650792	0.28068256439266936
0.8924234688631341	0.2602004857089788
0.9438398678579523	-0.811429319047426
-0.37726714600895767	-0.8510068687034786
-0.636332386548244	-0.19655312728178354
-0.8829743632280582	0.40942455278333845
-0.14944082147774354	0.9899985918968421
0.7978677426311255	-0.8949197210493078
-0.5904435859298937	-0.5869900850504539
-0.7005483948287533	-0.9274010077013723
-0.7975639902568615	-0.35131568519225476
-0.8926978427210559	-0.10766237769914966
-0.9170511217134986	0.038781131415161374
-0.8060854564226638	0.22361285547008913
-0.4609277314004547	-0.8833208779064592
-0.6692847893846632	-0.9671214026551853
-0.7947317712648649	-0.4042257559282556
-0.8744592580606496	-0.5412653676793879
-0.8837808183872833	-0.9347792571103264
-0.9092506465507935	0.0009511268063657763
-0.8436855476518077	-0.7272026585642719
-0.8504889076524029	0.19118134193343628
-0.5531611662267122	-0.6202107705082918
-0.6743731136848261	-0.10138430486261085
-0.8743116196043816	0.22317662142002725
-0.5074315973345556	-0.1338545702396161
-0.8519990562999762	0.9151405623241327
0.5552720736392008	-0.8442203103149419
-0.7522821268152985	0.1844698098061881
-0.5035330293882623	0.5208667816570094
0.5454266379842506	0.2878287899286185
0.8307419072124109	0.4480054669470164
0.8798428909374043	0.2924297204887878
0.9370739332310862	-0.7367144985733061
-0.30377828344185187	-0.7961029011309992
-0.6128041664079396	0.01897074310824798
-0.7369890133238947	-0.3449610567545085
-0.8691800310009885	0.12706148394618366
-0.6727438244384053	0.2831146334596797
-0.19777659428813898	-0.583356375438087
-0.6371775263685155	0.15447607741157454
-0.4794248307081458	-0.705966392973624
-0.636004430539229	-0.7579610468746436
-0.7189296430936732	0.3636667716300994
-0.0623432283892919	-0.989869448546665
-0.723342266143387	0.46326329570000957
0.1435485914128946	-0.8999045425382228
-0.7785730045975399	-0.8150112100335332
-0.816785013052465	-0.9423257401430547
-0.87075765409461	0.639573223162303
0.25336270461399457	0.2292680630051116
0.8196541825920892	-0.7392977006531456
-0.4338716582117508	0.7462059959462237
0.7788028209961504	-0.0860270626432662
0.7017968781352542	0.9646089733066916
0.8113514485515416	0.02628383888604402
0.8499307983152541	0.4845148049296839
0.8810679281976492	0.5744469203491924
0.8827008479411823	0.39231194232101463
0.919772268491809	0.32975429064847916
0.9462607320893356	-0.4095160082796254
0.2087638401455786	0.7709770972721579
0.6165625985418316	0.8795926608889151
0.735586308241424	-0.26194991381517707
0.3168413117544491	0.18338019482979528
0.8248317472427451	-0.6702088798417716
-0.3471788238818118	0.05207512504856071
-0.4420463759334611	0.254429680740202
0.05810358079973074	0.11621528963245042
0.5331230833660122	-0.34266153863634674
-0.15131562374868465	-0.7054473724209247
-0.6286289871679313	0.3158911753290041
-0.05887487289352172	0.07838712530167613
0.18871733072786112	0.39697508546146376
0.7488546909811634	0.30077460870329387
0.8893071457992612	0.8448061530728765
0.8933443258654461	-0.23259153164434077
0.5014603553826706	0.8909434650485824
0.6865394177897677	-0.2923576327150794
0.1913609218262847	0.8863035971658906
0.6503285152728273	-0.7736357646953578
-0.6396424206422545	-0.14471033792361077
-0.8818653846204789	-0.20146306058606878
-0.9400057579282033	-0.9943610937759402
-0.9583450962521395	0.8123549323914876
0.3634948901932401	-0.8640385616731012
-0.8211247117349699	-0.5158312912146803
-0.8568516699083476	-0.19987372346342025
-0.9341335231009913	0.21313731860847884
-0.5588929484037712	-0.19401965113729513
-0.867344742027163	-0.03089987875093514
-0.8644396479481554	0.26231360453832475
-0.4252703571349823	0.932545366295598
0.826159265472016	-0.3791266830220694
0.15179518702944284	0.9903695634399701
0.700898835135831	-0.23934286483536993
0.3356263091795874	-0.8617279340787634
-0.8211498036359244	0.15453951429160306
-0.6043587351594882	-0.13443568490357838
-0.8724372696892628	-0.8452352729349131
-0.8826475151665925	0.6044529247875357
0.18917127273959367	0.2939828493266279
0.8055220775910767	0.731393073991889
0.8252565174033815	-0.208937483529823
0.5037517051528065	-0.31661624170734126
-0.13107675495053842	-0.4473591912202386
-0.7337204947475564	-0.08210521604966914
-0.8759105268451056	-0.062190177793947754
-0.8890726722673101	0.5076927279937704
0.02524299487590824	0.05509555500103569
0.2710577750256333	-0.3142980246279441
-0.5161266554562038	0.3290674414191235
0.14373455684164624	-0.5653551643344574
-0.7885969913471299	0.2542846380178727
-0.38240689415536155	0.18376418772618908
-0.06292216621824824	-0.7721378021126066
-0.6669181407975502	-0.5744912016774275
-0.7476461356324162	0.8173063621262384
0.5806258688220782	-0.6954262025170364
-0.6451156599672401	0.8489470600596813
0.6920354445420841	0.5201559889763125
0.7779216122665397	0.9134434052116944
0.8389344328764163	-0.7254910127399024
-0.3974893387163095	-0.8861904437424806
-0.6532953758558753	-0.5100335958693072
-0.7590275914176731	0.19601595053322507
-0.48404540382285954	0.41836347944726104
0.40125556012001734	-0.5271206816118681
-0.6708061340235265	0.2932780004421731
-0.17022889116857493	-0.7507297754157918
-0.6237116810536794	0.5379931938522464
0.4118803757639783	0.5343773303902986
0.6476723149619459	0.2195324227273696
0.8818810974277326	0.06681825399948083
0.893052456977762	0.26006191555845604
0.9440289607657331	-0.8404421572503311
-0.4051050188007234	-0.9176654335448884
-0.6680139617410747	-0.7726224692481947
-0.7400870366379593	0.5274555811336294
0.23949391255973335	-0.43490103976678207
-0.7304575160519913	-0.4066494634799731
-0.8416457413215211	0.5453544257614147
0.1436808808175327	0.8492293968229832
0.6499115518939935	-0.8520695778887659
-0.6900206652841279	0.9460435872559234
0.7079582506785838	-0.9889030202631595
-0.714742015419133	-0.38503868802120267
-0.8430367026198795	0.5241340241779884
0.10610190576080843	-0.3057180974908762
-0.7109383368100738	-0.10281062268805385
-0.8822867763126638	-0.6215921074647177
-0.8782694688437243	0.6899861263313736
0.3114186910330092	0.9186323073483635
0.6554214031818807	0.36106769413344564
0.8279409356088359	-0.5549795698169175
-0.1758828131042859	-0.25656935456164875
-0.8103282562015524	0.12233873126806372
-0.655552656910971	0.8259280059483436
0.6701140178213881	-0.14304214778733737
0.5324317727830595	0.5857535265785303
0.6715753819825565	0.07736147742756794
0.8601017546355483	-0.9650243625612767
-0.5815542927734797	0.4138229441647825
0.24262043404479863	0.4500368214827519
0.6982211719198067	-0.5130416115179568
-0.2697604887561621	0.2583849797453366
0.3799858577953143	0.710781722567112
0.6076853874449752	0.7948998025650582
0.7087162923411432	-0.7259437706310647
-0.541063038595255	-0.41220590836226023
-0.753832525419457	0.4154619746302455
0.007170279033711466	0.9849436556477431
0.7396947238636993	0.2398484676646222
0.901903484322092	-0.5253839443737305
-0.04153057500309665	-0.5368519744760551
-0.7244770908918645	-0.6912155997756062
-0.7705675394038348	-0.4791097027989979
-0.8371055101745535	-0.4543762723267968
-0.881548316635388	-0.40384146655816733
-0.9166694765718411	-0.1449486546273555
-0.93538433654114	0.39029347446295093
-0.23467291732209594	0.8079947116818162
0.8019171771098232	-0.1780631200067304
0.5494184231848396	0.7680588281593403
0.673462780234845	0.5803967107882724
0.750281765616506	0.1227791063268715
0.8977838082511229	0.18452056279724327
0.9412752329557972	0.8898608241901018
0.934187477796181	0.24373250362046828
0.9554116301828267	0.5401896528064738
0.9310574151153166	0.6007845543820283
0.9105063549350674	-0.14063342569355286
