59
0.009892553567122833
0.009948414017166738
0.010033515897042704
0.010077371244164987
0.010119667205755743
0.010099976631573205
0.010159587478386713
0.010175440487307768
0.010252568281392692
0.010544452271441138
0.010377135015002526
0.010371942529070855
0.010290208296711937
0.01015201618204907
0.010104990908327467
0.010143520841738531
0.010145454445901474
0.010261378971313745
0.01059586587804021
0.010634461889685674
0.01075267872606596
0.010442824763180637
0.010121205148211129
0.010192111481701007
0.010077020268972057
0.010086162569050061
0.010386625025064888
0.010057142517816139
0.010267962804604406
0.010350742707018861
0.010137604424460928
0.010242614036117106
0.010479750535194319
0.010560800765382263
0.010581199095169401
0.010402589836161748
0.010569853066087535
0.010490054245592441
0.010196863640656967
0.010165172881029045
0.009993049379390004
0.010072639636843581
0.010087412942612041
0.009981662754713447
0.01020370439662952
0.010199838735477766
0.010299941894936037
0.009700234392110964
0.009679987744015654
0.008871859211659033
0.008865356718331389
0.008823467697286754
0.008605432365897706
0.008935760415943912
0.008768202431311682
0.00900402441203139
0.00886513499546285
0.008871359407801984
0.008709864446835388
0.008528373692137109
0.008671328883856614
0.008849820512401504
0.009134365255005304
0.009336367869848669
0.009455605591912893
0.009606287725516235
0.009525213332937273
0.009587096463806163
0.00925389077591491
0.009331203936433278
0.009374310216852463
0.009681781073887744
0.009787512625712445
0.009944141384553882
0.00999922692799474
0.010014570064153077
0.009964572600644829
0.00961193172333104
0.00964212616152591
0.009481472719193395
0.009364445067454884
0.009254189500943899
0.009253487551053279
0.009094590948676283
0.009239569406841935
0.009124160788090217
0.009177825420484753
0.009082215901264587
0.009291914805884136
0.009335194293942042
0.00926277910957754
0.00919017553285145
0.009038088311999568
0.009064981312264964
0.008989671094416707
0.00928426485259319
0.009091466574988678
0.008832630443700066
0.009361344571205193
0.009347681085249923
0.009291259161199885
0.009300198001263488
0.009482859367658622
0.00930996776906495
0.009265876927571467
0.009053541610702617
0.009331540148885768
0.009411068209802663
0.009367298539158467
0.009324300951456707
0.009560382869809404
0.00955641180015256
0.009217413340417839
0.00938396104168892
0.009125502528361933
0.009233864745271249
0.009253363873855927
0.009306702211466537
0.009476365345232409
0.009358685128720108
0.009657962267380995
0.009738081151479549
0.009820205828976622
0.010021036424358679
0.009978129578312216
0.01001524576700611
0.01060484719901298
0.011208335754497896
0.011102556683801636
0.011206849027391441
0.011215487486692054
0.011171244122917675
0.01103546010182531
0.01117167100781125
0.01108150182169717
0.011144194700613036
0.011126945214396158
0.011203766216860811
0.011348570941212817
0.011635969944630974
0.011630298708251031
0.012090170478044667
0.012181919511798348
0.012252241489031422
0.012180551305832878
0.012163074725114584
0.012180725911924692
0.012106731916289847
0.012336970807175628
0.012506337005890893
0.01244319108298671
0.012524775102971501
0.012638310169166127
0.012928706803726573
0.012642369489827153
0.012596369912126707
0.01297346402509468
0.012573304906089947
0.012597368362912408
0.012584656956071617
0.012629287577401312
0.012681051215499999
0.012978713047608456
0.013052320686160608
0.013064267998813614
0.01283631742691901
0.012853182294135984
0.013103257064648191
0.013123239732898842
0.013162193100621973
0.013295893750798322
0.013493107985265903
0.013817758119794172
0.013818363363157646
0.013948411585544267
0.014040406940512408
0.014079885162324947
0.013818986734500894
0.013959129912315767
0.013999750257989623
0.01368424780103999
0.01352437157121059
0.013709110148103382
0.013666666117941303
0.01363010204504464
0.012907037394909041
0.012317705995179607
0.012378840813927133
0.012169443961120357
0.0119647452726614
0.012140850760732338
0.012606928398218637
0.01251074729557373
0.0125078521247717
0.012352940828435122
0.01264250939282701
0.01256533449589984
0.012471393622813073
0.01220534146252273
0.012335249391499
0.011677955949302016
0.012000576118424625
0.011724686831743394
0.011961831977976872
0.011911930101399317
0.012078434691569419
0.01187365636245247
0.011653897445978202
0.011687564677220966
0.011702694819290113
0.011699527495944008
0.011603742432073178
0.011251818582669371
0.011025825740846637
0.011252015150826673
0.01100755358689638
0.010896412747875051
0.011121656744328232
0.011352834498001022
0.011459374051067308
0.011228029217349162
0.010856269777704153
0.01078264807270126
0.010745731557129972
0.010807708184663261
0.010943661416543208
0.01089979838661038
0.010936602968378367
0.010465507632134866
0.010455618687994337
0.010302936886890265
0.009923713088002344
0.009947461724654768
0.00995921164475784
0.009875438173500962
0.009798670906415872
0.00977042336389025
0.00975336226375302
0.00916199074608102
0.009222853788999391
0.009183818668775276
0.008695547509481606
0.008581258299782913
0.008581273422215685
0.008478513084618196
0.008494539027838059
0.008452449816791928
0.00868341695369881
0.008593964365632357
0.008325896337664288
0.00791117909570647
0.00787884215017391
0.007906875335840417
0.007868969552297753
0.007635219359442048
0.007876135300584095
0.007834083167136232
0.007990004460557452
0.007935840321451938
0.008334274602789925
0.008209339705882071
0.00820751310547518
0.007858452908090072
0.007832597485320239
0.007634345038039371
0.007667269443304218
0.007764976703141457
0.0077889141940399595
0.008001846127170257
0.008063763530631594
0.008174395829545263
0.008323762293578353
0.0083699227628276
0.008122363910920524
0.008018369361735703
0.008205142003419147
0.007842743317188637
0.007691672078347803
0.007641290702341984
0.007585637886699649
0.007682536716411424
0.0077991930378328
0.007874421919865175
0.007919075170421681
0.007903597963623209
0.007755698201519682
0.007822818018696616
0.00783942161930084
0.0076949544988370805
0.007987030007803105
0.007887051768909623
0.00834734222220468
0.008238016528922516
0.008234321171850736
0.008755012350259586
0.00887441335105657
0.008702616442764603
0.009087719651893575
0.00905432762555469
0.008972262435184319
0.008969673923417033
0.009288200240401804
0.009573318839617723
0.009978834111571465
0.009957398478430517
0.010013098591993539
0.009944340945742503
0.010169474918644419
0.010283800365071965
0.010375305058302583
0.010264183764297621
0.0102466295347488
0.010451911028750533
0.010420878370018732
0.010193494337519331
0.010211184111577917
0.010002654629660216
0.0099043186922221
0.009560204977079287
0.00956120928772351
0.009540593978639442
0.009718974779741927
0.010026403515245233
0.010114749971984395
0.01010369441411294
0.00991525805595968
0.009851295022619475
0.009620668546058395
0.009591456715646754
0.00946503115973176
0.009475747909906934
0.00947124199327767
0.00944723021216661
0.009430823969316389
0.009298482563029266
0.009263996297207191
0.009131527327638321
0.0092689969769873
0.009366147189375226
0.009356504476125373
0.009183739678185157
0.009054652620665552
0.009099039313600007
0.00899960644198673
0.009047111584590322
0.008927774203099445
0.008914945548780232
0.009020221436750695
0.008993068309188211
0.009006547350024815
0.008713376823461906
0.008630046152564836
0.008669293957416046
0.008146716072184753
0.008058945635245056
0.008133642744719175
0.007829260962828596
0.007905938995184969
0.00795742305753862
0.007934632989954971
0.007605684439814177
0.007420041314976032
0.007116872954555164
0.00709169976356633
0.007139327158254748
0.007056912626179481
0.007018890066795589
0.006858853299827673
0.00664940791013092
0.006658600388752696
0.006677817491692608
0.006477096372949095
0.006686609523139976
0.006778159898466485
0.00678399554543492
0.006812129390514183
0.006953425277553805
0.006889017897565381
0.006608008967418032
0.006702207617656109
0.006530447649952192
0.0062895512977865315
0.006160401280050369
0.006244380407062184
0.006323182865299825
0.006205916933507607
0.006193591153321964
0.006106851180624487
0.006188585087044711
0.005961838168525821
0.005959906310126205
0.006253420982375441
0.006358990112825314
0.006547594092580836
0.006505196108089934
0.006716555022518604
0.006508533113088774
0.006472891445310562
0.006414409658966738
0.006595419982928394
0.006719216487126892
0.006522450261116346
0.00651823348601211
0.006442026934410032
0.006628026623335521
0.006704214774036757
0.006693939690938426
0.0064226246564827805
0.006590079452585516
0.006387905114689791
0.006352226339319743
0.006241972611506567
0.0062323931276505274
0.006397713033093489
0.006291949372649742
0.006356556612625282
0.006282561376325841
0.00620485134035632
0.0066381616602642175
0.006779639875410885
0.00676389943131241
0.0068965182079454256
0.006963680330577324
0.00695515323791518
0.006951507106096431
0.007011409541572083
0.007011930909013752
0.00761350496651571
0.00811190137255476
0.008353407889392457
0.008357106922270026
0.008448508160532456
0.008322998079930082
0.008405271008807487
0.008362165515354535
0.00838267237394845
0.008602366310127913
0.008601808770496502
0.008790301167176533
0.008760039621135118
0.008731499726043484
0.008653541572982506
0.008524495292174248
0.00885416932994517
0.009237293876103154
0.009427688463639812
0.009488648965812986
0.009404295798010245
0.009505044113363285
0.01002691330933613
0.009767663152684283
0.009664180200216862
0.009486268056014088
0.009482821974624718
0.009335048818658032
0.009420242884176406
0.009740851214305684
0.009868705698995768
0.009709554463861476
0.009594413167679509
0.00963780831299478
0.009658690706669108
0.009640630308707656
0.009805016051506292
0.00979821136418039
0.00970785424207456
0.00983543251414962
0.009706034537409711
0.009676016816580518
0.009857867924308003
0.010043142176894863
0.010046954121886777
0.009808074020975083
0.009836195490532969
0.009724918690861103
0.009682589509025636
0.009789122214809673
0.009396230077884666
0.00939664826894053
0.00943128234849217
0.009352232794092107
0.009385936742218508
0.009246502458257245
0.009309798678098637
0.009178455757654976
0.009360700837012162
0.008797388490535966
0.008306201549918079
0.008034279322138255
0.008058998537152293
0.0077129352636816206
0.007720849370382945
0.0077198685632171365
0.007869032232871324
0.007751746779026091
0.007763788890393689
0.007796827756058069
0.007711979687039736
0.007891650024372318
0.007853740542860586
0.007939165564611415
0.008019064564248632
0.007634933086622134
0.007112813703203731
0.00683085110287961
0.006799200245365811
0.0067871769951171074
0.006671074846565182
0.0065554182820741535
0.006784603606301612
0.006894209385747477
0.006885275925887384
0.006995504153104158
0.006977999670831999
0.006820298652327325
0.006427158981083731
0.00637608347102707
0.006405044671004098
0.0064508809512391
0.00639127812327535
0.0062699095310313506
0.006314001565718044
0.00603627771915302
0.006229587183233712
0.006470083927256657
0.006397156939150459
0.006305176362947477
0.006324963267514912
0.006045907719337557
0.006232985643381376
0.006421504986474511
0.006671585389922127
0.006725167507726705
0.006682916454633562
0.006843788111091264
0.007035459933586576
0.00723425793703291
0.0071191495495138354
0.007024433104105003
0.006977750216761428
0.006890287530030604
0.006999863220201481
0.006892874376802012
0.006940141246125726
0.006767353654920366
0.006754861134553213
0.006907327215957863
0.007082606903281919
0.007289396463531647
0.007729613225197825
0.007808668363627121
0.007866127989044815
0.007759604694708363
0.00785770727093278
0.007634994056352332
0.007705652389609279
0.007556744806273942
0.0075432496470021195
0.007561918083310008
0.007634187589669231
0.0077111124921022695
0.007811470971603882
0.007878632066512585
0.00795521427480327
0.00792677107069148
0.00790723548850628
0.008152311212866808
0.007787847057603939
0.007575659242259822
0.007483317029179245
0.007559782277725164
0.007595238845070374
0.007588739143165691
0.007924368298734323
0.00795281558122466
0.008119938500410429
0.008206353679159168
0.008181235089332913
0.008226453650582279
0.008209690476085479
0.00822457929849084
0.008396558122909096
0.008238592314319549
0.008066938065325189
0.008012214635106128
0.008305588907948285
0.008517392285062654
0.008727580667243258
0.008600907716497833
0.008426239148313353
0.008481339173857452
0.008406621825388557
0.008525604391514513
0.008304707301758254
0.008067098881468586
0.008081538243672767
0.008071880396277998
0.008334009085238674
0.008376758751173271
0.008393312416977564
0.00833243429509278
0.008312173512512478
0.008292716370548367
0.008494264675986919
0.008933491058993185
0.00970351825770497
0.009689085036234458
0.009801553535970243
0.009401785478143769
0.00940001627219726
0.009315341217045784
0.00944403207684645
0.009322373398975022
0.009393139560254922
0.009287918057641547
0.009291279657125168
0.009229877822856674
0.00950086105154557
0.009565420116779787
0.009523865244955281
0.009383104851713295
0.009523821049118041
0.009446946391870032
0.009381188167712204
0.009666071115070547
0.009374347182826313
0.009536134587286343
0.009508263254811935
0.009521115944467012
0.009471709060825239
0.009446060403057512
0.009933241651422672
0.009604293263393019
0.00959307073796062
0.009477179167935399
0.009493236933559373
0.009571188479075267
0.009783647827948225
0.010004823171823827
0.010113703017781013
0.00986721234331677
0.009771807372571151
0.009756379502548092
0.009864252424660405
0.009978350560946474
0.010033484039942317
0.00999856682855576
0.010081467617014866
0.010097625480130308
0.010118545773746665
0.01020747048105985
0.010230334360215157
0.01021379338747295
0.010309757487537747
0.010341010509391381
0.010352630240850107
0.010248442868765124
0.010218489792478781
0.010379365962752867
0.010393979239715904
0.01035613087587761
0.010211352957046735
0.010043661882400703
0.00973669178706983
0.009099186227568631
0.009304317473328738
0.008980043557502843
0.009045904528272003
0.009264988001794552
0.009267627588928582
0.00922844360171892
0.009343004195756524
0.009341183412823906
0.009525122970664749
0.009551777513644406
0.009526478564687158
0.009393614108399853
0.009476220925840025
0.009621309281101461
0.010068101078895641
0.009998661057925672
0.010057891961463034
0.010252012111661317
0.010132763790645092
0.010188929952120876
0.01018245213431428
0.01051469647867176
0.010469780468713354
0.01039014306524089
0.01043299526027528
0.009923885271998136
0.009986354953408027
0.009985431466168468
0.009856654683232824
0.010417991400274024
0.010375609606246703
0.010301340182308157
0.010327281992102456
0.01028288382811875
0.010679550288895986
0.010807292679355296
0.010895355157635058
0.010883567264373015
0.011050414413102777
0.011263608280442844
0.011189193656939987
0.011084309299465616
0.011127572003698025
0.010871302417059954
0.010796749027800543
0.012011684869347481
0.012399189023118805
0.012225059670831468
0.012401367730342004
0.012869145368606581
0.012778485386414315
0.013008666463377769
0.01319267280174754
0.013128848012156243
0.013212955671420787
0.013740879178589136
0.014189738025814917
0.014063571116041684
0.013899383407473202
0.01443887343888732
0.01454523115373256
0.014991572830217282
0.014808475126417728
0.014799058425349806
0.014920817374882121
0.015490765792908782
0.01592828718466299
0.016544617243636456
0.016760350965282986
0.01684256208646306
0.016650048436662252
0.016524760448111
0.01632012819916324
0.01620302998276179
0.01623455026995961
0.016151058876129193
0.016180534512406454
0.016148369260617596
0.016189116442144207
0.015961684635753218
0.015778209006767168
0.015814697904138912
0.016445424096561797
0.016599154874842367
0.016723420195125897
0.017272676312263906
0.01741264123202472
0.017520584026879674
0.017307491174565304
0.0173522329326342
0.01753430827755342
0.01766704594984298
0.018107803628032722
0.01778072759214857
0.01773274166495968
0.017681672349054017
0.017793314847487366
0.017449070820047447
0.017088112666861655
0.0170514132665211
0.016890575080515904
0.01702016492234711
0.017003553094322207
0.017135211930860105
0.015838264546631387
0.01584175108690547
0.015880007317334067
0.01581832182066117
0.01568991014061812
0.015574050957068361
0.01567214769605516
0.015610364309760219
0.01600939289299305
0.01621568223930751
0.01622488692399871
0.015777447653983857
0.015819168869487567
0.015800558852319593
0.015149055763547017
0.015196172677898943
0.014639237640048045
0.014606558928569153
0.014682820639078536
0.014536007353283129
0.013961594389422944
0.013447491992755016
0.01271579705766969
0.012504004994843386
0.012449637073690085
0.012526297005634922
0.012407934123773189
0.012423062606829929
0.012089412518384171
0.012242237089838744
0.012396439299367684
0.012314614527897812
0.01227311869157754
0.01219216988566084
0.01236186278077044
0.01217324986142533
0.012240757341243176
0.01204713843329035
0.011916202045773575
0.011998905787041644
0.01140977067107722
0.01135632196261387
0.01126307942391587
0.010859144839505902
0.01134843504571516
0.01110411683154617
0.011236962127215944
0.01102906072771863
0.01116757682482383
0.01119638249145213
0.011295598291114812
0.011311724314931553
0.011169105061647857
0.011174308498198901
0.011199455696397378
0.011445443186423982
0.011518359847836215
0.011709230095038487
0.011625284003082562
0.011741088697020759
0.011406287168143717
0.01139216718315133
0.011160069884904835
0.010893815699956724
0.011020750974296261
0.010898610293335543
0.01057415554151721
0.010165170362830534
0.010262392865111053
0.009891051381266756
0.009949966958293017
0.010225231710972794
0.01016424645903669
0.01000129732259959
0.009846164027043745
0.009871469738159914
0.009765964171303305
0.009654705464006283
0.009684673848886908
0.01001942419352567
0.010160224818617477
0.010174265459025859
0.010274567242673217
0.01095718303801028
0.010863775778481615
0.011045532987236675
0.01121522407843099
0.011222521181852031
0.010981063660132243
0.010907249586310229
0.01083756157034263
0.010797598322228893
0.010970780926956929
0.011022637493737353
0.01109266834962038
0.01099932498841481
0.010597378537017896
0.01042929425554072
0.010234142271254841
0.010267096021428427
0.010307136531160992
0.010356653483602787
0.010349348672332183
0.009807178903096169
0.00986882694033939
0.00937327037854451
0.009049789154238501
0.008842316918006759
0.008728198578784709
0.008499836240754486
0.008232254163134726
0.008325939635719391
0.008247213508233604
0.008109473979415268
0.007869573609429564
0.00791720976547824
0.008163238154457521
0.008174616865830717
0.00803523588904243
0.00800827459313575
0.008052981698688913
0.007883885454738273
0.007872651630475253
0.007892829328598965
0.0077220633372418
0.007853383284609354
0.007976318311798524
0.0076984746060172575
0.0077935430182985675
0.007721028773237951
0.007594452470767925
0.007695942222915764
0.007702534813708824
0.007837313822019487
0.007967071627756455
0.008195001870984554
0.008241767080512651
0.008106391587751963
0.007744705448685525
0.008036925727632307
0.008018874079579932
0.00783482272366704
0.007078247567421555
0.007102068029170712
0.006860784629451926
0.006722671857945938
0.006730842414599259
0.0067407306809756295
0.006662662445221325
0.006652276505707513
0.006637720237440125
0.006584792322223436
0.0065042807099723165
0.006470088441754223
0.006494742728142782
0.0064549592412096015
0.006525366573508661
0.006634874521345342
0.006593987273631016
0.006845845452051826
0.007050449915789776
0.007143990937726066
0.007067133328354346
0.00693864334555442
0.007032352048207213
0.007231682584952291
0.007289929709234914
0.00745705703345256
0.007522015432571704
0.0075727576464740065
0.007462071069649011
0.007420203561489506
0.007572966605511071
0.007799865262341352
0.007529896018742756
0.007141600220004727
0.00734709809095181
0.007449087621231236
0.0074928308139660515
0.007707546418848502
0.007962672082766761
0.007967641675796465
0.007960535960943253
0.008076388168773594
0.00797268022020541
0.007830323612025424
0.007874305833144411
0.007904435414931509
0.007944076940909995
0.007745173956007896
0.007799162679515854
0.007987404862965775
0.007911024430520244
0.007770517342363619
0.007569666855918238
0.007455574242823466
0.007472204699613751
0.007724915663085539
0.007361656635468645
0.007331640213937733
0.007369934372227546
0.007453142920748845
0.00746095920953801
0.007467435130283871
0.007584687972765995
0.007564169833654667
0.007631262091703447
0.007660164496289778
0.007715337377709304
0.007845860845230146
0.0077113602620497495
0.007650844392949499
0.007601041156955465
0.007643751931470743
0.007620025519266223
0.0078788455109575
0.00778828723218946
0.007902779470823766
0.007610204647774424
0.007665987287167633
0.007756291952016592
0.007750571240301309
0.007842542313802988
0.007834034897844414
0.007726141080359627
0.007969902359547271
0.007944470925789787
0.007918960364401656
0.007971610677758976
0.008067877393871397
0.008047276095539162
0.007928329795786586
0.007660225942833446
0.00792334820334497
0.007868370504820234
0.007817229854328304
0.007959637158854086
0.007967534818548313
0.007877129223730522
0.007751537526021121
0.007685894343189663
0.0077073056604325665
0.00776742932876552
0.007988728792494688
0.008006251317951548
0.008228791357025042
0.007943133288153185
0.008051769156748505
0.008153637631118303
0.008037762084231799
0.007805716148179633
0.008147929323185992
0.008252686555849934
0.008322922438266399
0.008487818034529939
0.008751184594432283
0.00839130079856371
0.008776356548026916
0.008746280157863643
0.008977481962173019
0.009029644355114
0.009372958812833562
0.009462119423993784
0.00930443060034889
0.009613349032388294
0.009437013127566686
0.00940719745744721
0.009466589377068964
0.009431675844416199
0.009676810256229643
0.009874222998903398
0.010015083486456586
0.009972742047055618
0.010065616693157493
0.009940383034147607
0.010012039196284227
0.009883617549109328
0.009928124916598696
0.009616571141310757
0.009469234178956959
0.00954258731100548
0.009412292559546858
0.009405425477645748
0.009463140602358103
0.009433111797205563
0.009311967435289186
0.009269658598754029
0.009443446643405521
0.00958063292975773
0.009909898341388376
0.009956483501174953
0.009955853992557362
0.00960716983232135
0.009762020007813859
0.009536811904550507
0.009470282882397632
0.009498253721829532
0.00958296596326015
0.00946182734531683
0.009430581675422343
0.009950193187596905
0.009751515500406262
0.009520651178623331
0.00953702439223511
0.009271944909732861
0.009347773999858651
0.009166717368159692
0.00933642197643159
0.009247042461220507
0.009261524542156868
0.00887662344905808
0.008973311891993697
0.009226486770260087
0.009060418354443555
0.008900279787166841
0.008933563785359125
0.00875200676632485
0.008746653334101117
0.00848922887310201
0.008677448206914047
0.008484602015736895
0.0084118180212062
0.00859583313888425
0.008561026944441906
0.008569329705021073
0.00865904491071172
0.00848683809556332
0.008326772964433517
0.008272054417825456
0.008260075313054631
0.008138045755400263
0.008293362078089813
0.008233580548117408
0.00811204604239846
0.0079862225021434
0.008079711704453629
0.00793472279350995
0.008104704980658153
0.007982140466027193
0.008127751207211691
0.008194030145097808
0.008234519844170276
0.008199473693708183
0.008064157403427079
0.008119499785982597
0.008125121247557794
0.007973409264399472
0.007660033518271334
0.00751059991149413
0.007625636283132472
0.00760593172942122
0.007697257783715342
0.00760148653551016
0.007593554869834443
0.007446917463817405
0.007369618575839083
0.00740037191622279
0.0074963246695058175
0.007606919050810417
0.007035394147292218
0.006892065396600453
0.006891418765429338
0.0071383261346411216
0.0070262613204238695
0.006999138808336955
0.007544730317607965
0.0073053219105895136
0.007635033981001221
0.007589540181199616
0.007620984989393376
0.00746943219559846
0.007203338739593206
0.007285364869451782
0.00737331415591674
0.007473314747358593
0.007284853698044089
0.007436095239110044
0.007472584174371221
0.0071646880725948665
0.007290055741218057
0.00731242650837856
0.007380166942253464
0.007431369806182972
0.007505837258469239
0.007440984647198157
0.007683369185863784
0.007765375345806531
0.007720265298115177
0.007637102804854836
0.007709033761898143
0.007823460604471217
0.007902102380401612
0.007993915405841535
0.008528203365278722
0.00848019007988375
0.00854375634286666
0.00833744814081634
0.008630103265000062
0.008496984722874721
0.008437588691380397
0.008388557438329438
0.00855145354168347
0.008461519180481646
0.008464162519204468
0.008757895519388598
0.008642737369395895
0.008676709242049203
0.008649883664754556
0.00856402587156479
0.008735566702928528
0.00866932009323308
0.008637260970949766
0.008660122564151015
0.008713533787856446
0.00877497406927714
0.008745754911776591
0.008687823761329929
0.00893391319312063
0.008844710173713915
0.008956235894679497
0.008954224294826516
0.008751563491861302
0.008895904267338401
0.009037522253765744
0.008542757906448031
0.008776205447878903
0.008667969824754942
0.008727207834046064
0.008808052898458225
0.009091088206975633
0.009032242727766392
0.00903191521926857
0.008922657504246444
0.008938024577397466
0.008980182815617094
0.008805353989967943
0.008773829826004054
0.00880428300426577
0.008699259304701905
0.00878325955473939
0.008673093899866422
0.00835248446508891
0.008613137935809798
0.008796930470877266
0.008757157148924206
0.008832559388054148
0.008717052818836436
0.008794067917461493
0.009054945468224699
0.008856688420452332
0.0088823657489207
0.008813878967405714
0.0083521772293932
0.008526566571145318
0.00866704742482357
0.008728598167645131
0.008437283733712544
0.00835998268980946
0.008343868180178163
0.00839555959945175
0.008066689382693632
0.00801823532181768
0.008159484596685918
0.007897620620644676
0.008112285371421106
0.008452618811629708
0.008317852710884198
0.00833950251609798
0.008223524997512294
0.008235334263107312
0.008381782339452817
0.008526718719430995
0.008536528846493937
0.00846077672728755
0.008288822159771975
0.008551949207906176
0.008211120172903139
0.008445602925205048
0.008370391677527764
0.008363431063248945
0.008610015899913077
0.00873056292278876
0.008580549641208305
0.008723244339619213
0.008522593695451065
0.008437189770998098
0.008414360935490542
0.008462343328355645
0.00855542221864447
0.008722961070623982
0.008809591703731688
0.008705909650258298
0.008555713274590437
0.008437633447932297
0.008752840648432588
0.008832504421712012
0.008944026406524922
0.008876205009947706
0.008792792737679609
0.009567869062046201
0.009898049614598538
0.011367817649835662
0.011584212772237758
0.011892860015883144
0.013609627023250444
0.015159199205743289
0.016079401145730667
0.01618256912464563
0.016842323951915896
0.016846636982303168
0.017380702662367548
0.018464937415356826
0.018288462457390412
0.018873737296116713
0.018818250416063668
0.020131940099191833
0.020625090517169462
0.022708120206566967
0.023089593485649727
0.025473897331060567
0.027323435680427548
0.027590915575040592
0.028064295081909357
0.02847579356587123
0.028705010589317053
0.03007651629100781
0.030350317794731418
0.03145453580315705
0.03232447935416374
0.033024960914549775
0.03339680742281886
0.03328244532814834
0.034094686480017886
0.03440016402127016
0.034196542574027905
0.034251473551323915
0.034464092805778467
0.03459629796185409
0.03487993410890502
0.035174980319549964
0.0350582491842944
0.035939335378518615
0.036595693394151224
0.036532817722135444
0.036902747271170426
0.0370415980597034
0.03717511524700452
0.03768941993130854
0.03785559704557923
0.03778834498319714
0.038545187111558056
0.03996785159404911
0.04000157259594891
0.04023321352504297
0.04017081752585519
0.04107513250981864
0.04102516956063773
0.04207684538705122
0.04126458401006614
0.04192320366005566
0.04063791584012523
0.04027097952772925
0.03980580837986966
0.03823594870869916
0.03706773063094159
0.03636558681425318
0.03594880239345075
0.03528983965945556
0.03526884755920313
0.03488829743872213
0.034368838251613396
0.03490793188607063
0.03415826342501466
0.034420329323767124
0.03309081312282072
0.03290492666124235
0.03091909916040761
0.030830558852545868
0.028574663881574747
0.02691653586191749
0.02650153151342942
0.02638774302064447
0.02619778083227944
0.02564506002261019
0.0243971020331606
0.024366605131298694
0.023367872725227237
0.022863822151231554
0.022020314826771175
0.021693907530371658
0.021915606638921163
0.021576477164541964
0.021430054328621165
0.021353699139624222
0.021806849854287415
0.021722007405652048
0.0215834720839018
0.02182987395725818
0.021565071710034776
0.021568810801827615
0.020776706199706587
0.019947207844453637
0.019946332710828758
0.019661253724102882
0.019700164491055785
0.01982869348985693
0.019219981684720548
0.019273665364230606
0.01945091977840099
0.018823747332449983
0.017774322973507367
0.018199793512475918
0.017749883333261118
0.01772886806531956
0.016668578263665627
0.016645883768191767
0.015687113161742913
0.015593825293333292
0.01462975354372642
0.01425326306334163
0.014292382078547309
0.014325950503919691
0.014029186464585099
0.013761861435944904
0.013801980225216557
0.01383920914153724
0.014191055289341614
0.014319346920027539
0.014124746085765218
0.01377225032870236
0.013567863626511105
0.013674446127306962
0.013397286047283017
0.013424752614767034
0.013209580873666898
0.013188266369882106
0.012772532411996178
0.012920474962245325
0.012926248730394524
0.013326496135595006
0.01318877922425042
0.012859821606939109
0.012986266907489257
0.012836974107562842
0.012634544985383208
0.012657064357610453
0.012485116703693965
0.01255079951913558
0.012692432676120954
0.01264591825103987
0.012399869889554339
0.012184080238306931
0.012465514148450386
0.012014264933901099
0.012081213342742356
0.012121483960425316
0.012034503551272042
0.011826132356011885
0.012170472378188312
0.012132767634036569
0.012506928841148197
0.01267474835280405
0.012625258724913444
0.01300371417619783
0.012794336763310493
0.01253466712759191
0.012133610156285704
0.01196692791864342
0.011979989455511144
0.011693964745730983
0.01127380583561616
0.011248802023732863
0.011274626902005506
0.011256853059953458
0.011275040886568758
0.011271849172202275
0.011963448559396893
0.012184764771832264
0.01208862826706008
0.01257839432425695
0.012929198954447472
0.013296946074271914
0.013279659493631132
0.013308268298046618
0.013741753081143412
0.013269328920473243
0.013928815643400155
0.014036292356239972
0.01381626295618064
0.013555807919528949
0.013456956225021985
0.013539404334815701
0.013609876944064904
0.013535704316137768
0.013580693474336172
0.013906722383903202
0.013700917205310047
0.014052479184410244
0.013616340014070225
0.01368804274501927
0.013607582906699382
0.013755594278616478
0.014064414077702751
0.013973664514211842
0.013980326944813428
0.014467831394190951
0.01436999296031172
0.014311599146340722
0.014229783184966632
0.0140227399264594
0.014096533728821367
0.014173166785141291
0.014355755113767205
0.014118771389623806
0.0140675738723388
0.013796875137156304
0.013781279763618084
0.013303709637868887
0.013299831707287128
0.013086954598974465
0.013013835198819414
0.012965846369237317
0.0125825494534029
0.012388246622657756
0.012685501501627514
0.012714772986174742
0.012672098263370004
0.012647443465304904
0.012621029115717882
0.012754251687720973
0.012743255145630343
0.012703852732409211
0.012690291942510397
0.012684209974741721
0.012548082903032595
0.011932780994714247
0.0117432776949261
0.011888409604179232
0.011480398634486903
0.011280846865888467
0.011061828116469536
0.01104060260794648
0.010490697927102511
0.00999321143161997
0.010007278513787682
0.009190797084419309
0.009128926561971487
0.009245040145603428
0.009152517038445553
0.009132045203539402
0.009116528273038528
0.009370067234851388
0.009742310517077317
0.009801732249042745
0.00986833063230543
0.010191319920771281
0.009872254719097914
0.009876035223651628
0.009538906271513083
0.009572767581687727
0.009518963853090402
0.009651304235120697
0.009714246380114531
0.00952505451724311
0.00887276864583291
0.009184308028687811
0.00942654034576675
0.009889241638921804
0.01000924223344664
0.00998796140298161
0.009709268721938264
0.009479764917689582
0.009336652406464195
0.009347839905180932
0.00935350248875235
0.009339557836962008
0.009626070918846376
0.00979929716835359
0.009703695319531871
0.009632948366434736
0.009573448239711731
0.009415898082842163
0.00946396006099223
0.009337722155378012
0.009361609219863173
0.00940323234773028
0.00953647754920158
0.009464801807627219
0.009350209305174665
0.00977318905844058
0.009786645234283579
0.010043938791945088
0.010141895271410338
0.010174174873981718
0.010085618596633213
0.010265587846634302
0.010224539066967032
0.010289860038231742
0.010551207521894573
0.010638052368282833
0.010921766094622129
0.011064436746538652
0.011417390574913627
0.011573630487824466
0.011779209391056056
0.011938051593104262
0.011760803977718908
0.01176372530502203
0.011854681600226867
0.011919414405708125
0.011660962323054323
0.011381511261026175
0.011414566823838977
0.011011152946184155
0.010631566651610242
0.010548917381022687
0.0105366280142124
0.010646020242415379
0.010747402167527495
0.010632455503133883
0.010678901065626847
0.010656333142480115
0.010918756304325325
0.01099399117526029
0.010864849968059608
0.010450666281964319
0.009916368540992435
0.009949834086346407
0.010015337360673447
0.009928184156016075
0.010007350859615594
0.010173005974733388
0.010531105188966923
0.010359197177576409
0.01029917344869311
0.010073321614997743
0.00978798086019924
0.009689135618335
0.009651839469868544
0.009582858209374212
0.009889539928722085
0.009780084663430453
0.009550880438266475
0.009484672412404561
0.009550924313987344
0.009596220548216818
0.009792564439701282
0.009835808764822294
0.009522372918222085
0.00949127489793722
0.009250167696837576
0.009225589838931363
0.009377812777591792
0.00933649987569669
0.009201310381422067
0.009054713434222686
0.009079259576141547
0.008603542091285353
0.008398219356208696
0.00812939548160647
0.008132681509367372
0.008020143220647811
0.007974879752096833
0.007885420659192809
0.00761161939632895
0.007890861417404166
0.008324295913200051
0.008216407239778442
0.008070745004485567
0.00797678798467441
0.007870101462678445
0.007677096244641398
0.007770055070359879
0.007830781058032359
0.007913318477291662
0.008265645432021067
0.008178859569062379
0.008308722576521044
0.008193755558564898
0.007737771962126903
0.007620756680022257
0.007621665543450484
0.007529428141486773
0.00735789614652689
0.007264308502222429
0.007293449967215197
0.007210128370857129
0.007357512286156532
0.007358266996371814
0.007396922067899185
0.0071959683539571636
0.0071738748171442795
0.007242856880812861
0.007234148307411532
0.007242621036568311
0.007551841794696067
0.00769520972177001
0.007765979865351435
0.007904134162549842
0.007747280423547262
0.007826072948861708
0.008028174014565374
0.008085504804015506
0.007959321753044278
0.007692153514561411
0.007582677239100808
0.007642664302652557
0.007804560602727976
0.007779330044484392
0.007780858278904131
0.007699918957536771
0.0075257392955211016
0.007587630452549009
0.00757961790315868
0.007991336948332336
0.0077527935381019935
0.007788954238466962
0.007981396983832713
0.007915770733001821
0.007900504871953016
0.007768230217974733
0.008078615892102485
0.007864207419735644
0.007879573876316246
0.0076818042032770475
0.0076636755016810205
0.007728612491704524
0.007844185363570887
0.007890449060217452
0.008005380398823519
0.008110641534235293
0.00801034517142056
0.008007599184978835
0.00792792529648305
0.0075973197464117015
0.007748550946900128
0.007553676093820185
0.007754913845038584
0.007982347249884789
0.008230431670990523
0.008089477685141297
0.008081437581903503
0.008155762615672716
0.008129507595092362
0.0083518976388452
0.008427066962087447
0.008175003521810302
0.008240743901413604
0.00858950235420497
0.008570775407601998
0.008467942474425715
0.0083616278571522
0.008363232791863094
0.008262474894814917
0.008366527070776437
0.008305517754671468
0.008632100204435361
0.008698698745131132
0.008551249833185543
0.008522453140395006
0.008369975393245847
0.00827725091017393
0.008299259437867797
0.008395664777359691
0.008386379390673921
0.008244428514661955
0.00795679466385261
0.008145484725435371
0.008400566044011942
0.008696483658370476
0.008853682616158421
0.008764741428834247
0.008725006546035093
0.008457887676609595
0.008437393548622614
0.00848941231103624
0.008417054164989486
0.008363986064518356
0.008330884355856556
0.00832806258381451
0.007972278590789802
0.008009906711320538
0.008034965041085265
0.00809330625781626
0.007743155007487359
0.00784902478702027
0.007827454745186334
0.007901051089852555
0.007889803713012029
0.007809961264436378
0.007979592600499227
0.00792502366503325
0.00790443432863376
0.00786554400094885
0.0077786409266289835
0.007714026121957361
0.007614986752971526
0.007347141503151684
0.007072778286439295
0.007084578325965653
0.007051844554616431
0.0069847420440580475
0.007293891319615459
0.0070109373281121
0.006841336699158684
0.007072520187763861
0.00703774696294946
0.0069142259834853
0.007091108997430617
0.007061613268854495
0.007121400911012029
0.00714828813639252
0.0071883926911449625
0.006857618743385559
0.006837997600292633
0.006501563181632857
0.006303006551852129
0.006341790210990797
0.006733830300944201
0.00727930403215776
0.007510895833535648
0.007587395237033106
0.00749254441181466
0.007437189984558145
0.007661462353899916
0.007778898534731694
0.00804230121270708
0.007900487373675377
0.007646390321461838
0.007676455885055069
0.007859783942962481
0.00782827826201114
0.007808801165798819
0.008028638564702555
0.00797809260917404
0.008121876083000544
0.008118916028076269
0.008403510216954072
0.008305441330020882
0.008379553505279783
0.008424315924194428
0.008800734170163424
0.00900937263386794
0.00891248269741236
0.008795036188178375
0.008736200970519184
0.008716130717957285
0.008702355893926742
0.00871933607236248
0.008920014326922103
0.008909686536029048
0.009110704835456519
0.009197004688235436
0.009355414035889551
0.009454265007893346
0.009591854707810302
0.009640063098254598
0.009636193461513468
0.009825692657065984
0.009868054795321516
0.009941227971156246
0.009970031078360251
0.010074985620808751
0.010424659009190967
0.010243638233999125
0.01036088827824961
0.010084504096073817
0.010072700463400698
0.01017168264833217
0.010195463080193506
0.01079421062678935
0.010832108882011297
0.011014670002856252
0.011165155214021864
0.01110421249184585
0.011266281478170532
0.011235109070111554
0.010905312356190461
0.010705619811676365
0.010521303903903708
0.010605065803997489
0.010695724216653345
0.01080113324033948
0.010658676032927389
0.010542443907072945
0.010171458839890036
0.010143622500280173
0.010163976202975693
0.010106964428727449
0.010058210741613704
0.010148794932997132
0.01001217190501549
0.010066962966944435
0.010372652123251743
0.010338507246867542
0.010386918373074287
0.010404199195586881
0.010434724409554447
0.010374814013430572
0.010320175819906793
0.010059922756545634
0.01022982325509492
0.010509227292044725
0.010853196319650125
0.011631450269492085
0.011572443373926933
0.011484247964023829
0.011741456380894055
0.012351790400346285
0.012807513609872492
0.012627465873624847
0.013034141200635847
0.013462458116042809
0.013490364593271176
0.013755038109483576
0.014370255514399608
0.014461680704112941
0.015051463949821183
0.015504571200417901
0.01555674017101636
0.015579842970812545
0.016429345120827055
0.016627252161830978
0.0170005254344021
0.01757822686789566
0.01777425526053172
0.01778343316239473
0.0175521078186481
0.01799669555250182
0.017899893410074034
0.0179734937767656
0.017776869111292278
0.017665274170016388
0.017732842120976137
0.01763194738368295
0.017572860694737083
0.01777498138288013
0.017438081911206462
0.01755349674146337
0.017467884031492423
0.01776550095401764
0.017779239888286526
0.017785340989198185
0.017737562464024432
0.01779424036980193
0.018027265078169413
0.01832381079362426
0.01842248233227937
0.018454971226949186
0.018718384838312608
0.018751217250028176
0.01866032939069714
0.018435149880429925
0.01818329611561881
0.01823141170159615
0.018062635978098457
0.01835063450717177
0.018313468797001357
0.018632422528611196
0.018587013729057755
0.01810182961382135
0.01817900118892771
0.020291849244045642
0.01951767957797353
0.019506835142231563
0.02019140439311179
0.019879144484502825
0.01929598032880426
0.01899565432057981
0.019375624102697487
0.01898943402424954
0.01873097646372151
0.018659934841124753
0.01860502728520323
0.018123798882518843
0.01804025133458011
0.01733169952726808
0.016944726632199907
0.017214810940382016
0.01695290966956981
0.01635629591099348
0.016013485168900433
0.015591126529857611
0.014965926749398712
0.01481659181247521
0.014885199543892053
0.015123043657108308
0.014650901187099281
0.014255655048011878
0.014471816311927779
0.015950388004263353
0.015903740626603532
0.01591015906525762
0.016780553978964427
0.016912897227066872
0.01670167668005248
0.01670536296800805
0.0166431744464236
0.01661908702271645
0.016408537416133403
0.016645518660055002
0.01661481336879849
0.01676430464592463
0.0167584479852879
0.0165359590181912
0.01613408562252975
0.01613249591884102
0.01608009916022056
0.015916951669259258
0.015997017883803456
0.015975472686898282
0.015976216651119313
0.015972628864481482
0.016694618296049832
0.016544098114555865
0.016501414388291953
0.01654941043613674
0.01631900462911265
0.016339540258483918
0.016459700480969473
0.016542481790516483
0.014369105128990176
0.014330697037074281
0.014337623521644579
0.01388795920286118
0.014125945278273625
0.013874641147754049
0.013748953756037657
0.013221587596811997
0.013195429001425266
0.012851543149407325
0.012803347039015228
0.012448924100974085
0.012421621746788783
0.012456172047990637
0.0122682848041894
0.01251379755667146
0.012213482541880033
0.012144271459727008
0.012369306698821466
0.012322113374367194
0.012308787957824861
0.01265894942746671
0.012660867892620428
0.012739746422126707
0.012618812125947506
0.012618170957135858
0.01242756479706679
0.012279597571765416
0.010801260344055357
0.010985007295258559
0.01106966580277728
0.010224302621804293
0.010235630877830443
0.01023563213638581
0.010283610918675525
0.010292126630253048
0.010704934128259595
0.01071541320460423
0.0103371478701517
0.010415994249288255
0.010282238158544428
0.010326606934468933
0.010441667678398266
0.010686789258534795
0.010476389280731864
0.010424153369266883
0.010395061068868752
0.01080870596851751
0.010883619201170782
0.010751678211610088
0.010897734340156064
0.010235713113751184
0.010188602542712952
0.010315301082599957
0.010363492557086856
0.010441543814280418
0.010447347437848241
0.010290354577889611
0.010006170228094032
0.009897303093929876
0.010083718765637937
0.010127824578717057
0.009930397896150583
0.009657724810286084
0.009513133000997702
0.010171085137884778
0.010377349386885575
0.010282588003536656
0.010695836884794677
0.010653307993440235
0.0107528657863552
0.01067734767970833
0.010724276709541644
0.010919484278103004
0.010667684256093083
0.010591300382792388
0.010585828579566968
0.010196632803812895
0.010417845075763356
0.010454896663818393
0.01012422438793424
0.010021245711064466
0.009757733709075156
0.010055239993509837
0.010521555449600286
0.010602095384842646
0.01074651110430148
0.011218652950650363
0.011064535808306466
0.010944117957771633
0.011100510633715758
0.011152134034660123
0.011121379242043285
0.011289883280859692
0.011263575722547516
0.010845015597094429
0.010714898819365578
0.010748164283005469
0.010974846282900462
0.01117102987640573
0.010996545243892372
0.010802559144049727
0.010748499707069328
0.01071143106699287
0.010737437204940458
0.010591543072877211
0.010359303671079921
0.010262955798997124
0.01040311222946253
0.010263695838174497
0.010178329811521841
0.010236167244845676
0.009855221555466743
0.00981591279765612
0.009690867387606722
0.009706672268858857
0.009740316126546179
0.009688336386745353
0.00951541577152113
0.009716384484269659
0.00993204718440336
0.009957502815388963
0.010204705520708417
0.010316695494557439
0.009626616523096085
0.00976752780464771
0.010086113439000642
0.009707199909979633
0.009730088590400757
0.009783637283992709
0.009704650189047858
0.00964872166045013
0.009613327856075205
0.009503200292861932
0.009775373748979653
0.009976453590306035
0.009780266122953168
0.00939617695022413
0.009381455222183772
0.009378942771660643
0.009365020209332423
0.009486199229340705
0.009038227496488903
0.008564353812758628
0.008550289345332683
0.008404492218830436
0.008005205307715833
0.007990049248711913
0.0082764062004765
0.008196191502086716
0.008114451582126385
0.008245687871009015
0.008049494731071059
0.008031711917461177
0.00800682985973235
0.008109441400658784
0.008257930796212893
0.008295924860456003
0.008359484751621077
0.00846134602064332
0.008600373241520113
0.00864406224292852
0.00869042367080825
0.008761940897913854
0.008727993206279237
0.008649242012883826
0.008670775820132674
0.00885399595547404
0.009123918619089212
0.009436901578417348
0.009471903899355667
0.009578065149426409
0.009556529213359687
0.009526105144939422
0.00936285010939429
0.009460810965394986
0.009742219359982209
0.009677914919143247
0.009593936275435047
0.00991753072109724
0.010014395365150443
0.009937653909503274
0.0102456165140627
0.010373117029779748
0.010220350531773878
0.009951090610350431
0.010035736366968941
0.010019880194473375
0.009770390284911026
0.010062580844195864
0.010066343714603803
0.009958134078286583
0.009976179544530013
0.009723975479108624
0.009503808604214292
0.009650615904759432
0.009710870532079467
0.009689194691372855
0.009660050204838302
0.009749539271572169
0.009574031963683833
0.009559144192639193
0.009624313442505762
0.00970856470797307
0.009609019056178027
0.009618788495813886
0.009691312443804726
0.009418687750718512
0.009314572715265028
0.009198599885064468
0.009012287092643803
0.009047479945588782
0.009008005129129833
0.008931620173755336
0.00880983536607658
0.008713501806365478
0.008342598329246796
0.00818993276692783
0.008093213693094965
0.007930315543871125
0.007823991029982642
0.007835811209838558
0.0077434518919906725
0.0077850653817520665
0.007603053879434829
0.00743105799805236
0.007123854910099178
0.00686480971670096
0.0065638607906498645
0.00643565962767455
0.006303956641543275
0.0062161651411939715
0.006252973677431649
0.0063181012782946985
0.006381356935390412
0.006169816431008547
0.006175914332548729
0.005951118519772484
0.005529551716434969
0.0055970570496806675
0.005549545623337022
0.005253883904834749
0.005129379204266213
0.00509995254204743
0.005096430151414387
0.005210177314253766
0.005229204422419456
0.005365214182578109
0.005266796306571098
0.005578462432479746
0.005937505305892151
0.00604837491152772
0.005945486296443461
0.00608976523091694
0.00608224960416291
0.006171613412332876
0.006382440296098111
0.006489169983849971
0.006652871656013183
0.006640135634886617
0.0066244456985099336
0.006629015785791514
0.006543123396249551
0.006752443107144557
0.006854692648678754
0.007038705292148532
0.007119789322648724
0.007096474327156694
0.007599215741901789
0.007628530876744329
0.007561952078757758
0.007563856211322864
0.007672877090457039
0.007667604756975601
0.007580106951473655
0.007643075461362063
0.007516109379517076
0.007631763129131273
0.007909629777098233
0.007869036955863079
0.007798624893507497
0.007857238110716399
0.007887647530814942
0.007925916788451733
0.008119590968279774
0.008123722875908117
0.008235224492305675
0.008474178574135507
0.00857297012151675
0.00858828522899018
0.008817714401714385
0.008828437585321756
0.008820786592472998
0.008658377960163742
0.00850220728469808
0.008541163200203953
0.00851345702674123
0.008514318158790736
0.008379169661627512
0.008662451983818568
0.008784640027713125
0.008837258658004452
0.008840881475598049
0.008977462918364874
0.009037154340901278
0.009423268688860278
0.00931004110862936
0.009397047664076922
0.009081480447309
0.00870897533272529
0.008636300143916281
0.009007479156837398
0.009137981663156085
0.009306557231099835
0.009237063256492097
0.00922251679475771
0.009164875778933665
0.008915009838360724
0.009037406467886488
0.00913474522696024
0.009080437527241591
0.009059063430647234
0.008842393029979953
0.008706457445886316
0.008404665629885049
0.008470314595738099
0.008499960743478568
0.008239912312729919
0.008239680045982738
0.008281945207702295
0.008425133164798105
0.008769594833468702
0.008887116870287402
0.009066623759026664
0.008973009999286916
0.009317288664736287
0.009485296620308342
0.00922505274905508
0.009433496698520403
0.009484301116294874
0.009613668158905422
0.009828703101918131
0.010185083795606587
0.010076965197311206
0.010153963643021572
0.010035862751417636
0.009769814847749334
0.009719614006989478
0.009714303230197093
0.009517385371548755
0.009623396792524136
0.009713123946391438
0.009846983532614097
0.010023161526068133
0.010105413554660374
0.010048107965355614
0.00984463046657347
0.009752854735123575
0.009548935038376697
0.009312372257447491
0.009631825397380857
0.009512252050258605
0.009700650077697333
0.009416187355339002
0.009081720940774356
0.009023028196648299
0.00885306882691818
0.008959574173325727
0.008954173641484143
0.00889641660858557
0.008714595017088893
0.008485242782554199
0.00831991149884888
0.008394296265922545
0.008211742426663567
0.008222045818572287
0.00825034190205117
0.008129112155998689
0.008085566726539178
0.008133739568276812
0.008160614681239364
0.008049630166705622
0.00802953845068751
0.008056424331649204
0.007936741612282144
0.008039159069614317
0.007861274328061172
0.007946800221397286
0.00787971596884881
0.00773371150644566
0.007309708220323255
0.007264710417346906
0.007460495919923448
0.007713950206490647
0.007508372791409775
0.007531064833840868
0.007661575375436548
0.007429017000333059
0.0074757694732882785
0.00740446235353455
0.007370026619356635
0.007067606668369021
0.0071121729766620715
0.007162004664978177
0.007144199579046097
0.0074951368482148025
0.007813128039609164
0.008387359486896721
0.008543396906868835
0.008601909043389892
0.008837178674752146
0.008730687206112935
0.008656825048428409
0.0085294823342571
0.008652689399224794
0.008985331114389969
0.009264165289199539
0.009469522093358117
0.00967803257837092
0.009539534342224303
0.009717932448585561
0.009432525487270561
0.009435577632418908
0.009541515200337906
0.009536226565715851
0.009486342843727466
0.010349701514125433
0.010701109390081846
0.011015122074829622
0.011786285123701145
0.015170145543363102
0.016969723027886702
0.018123092317515507
0.018822218816616682
0.019399199004546626
0.019991104822273495
0.022244960082733797
0.022160979572220664
0.02319569041806713
0.023345768836718597
0.02370466112879312
0.025641759868742866
0.027120300321033602
0.02767712954058879
0.02759369933294094
0.02842478150829094
0.03030927351110076
0.03166960153985071
0.03196922868421577
0.033176151484405225
0.03551203183871123
0.03618081016557876
0.03754416661574362
0.037776389658883476
0.039725689289980756
0.04007069868525227
0.04098868914738698
0.04110162415237531
0.04130399334516955
0.04129563773684701
0.041246405771191416
0.041250464305731614
0.04127907302083743
0.04359851493264959
0.046156486454824126
0.04721303579715184
0.046864070695946426
0.047653341837974886
0.04779941573091801
0.04812173645290054
0.049858865186048894
0.05080830266100974
0.05174895414383182
0.05186407015897697
0.051761224051382435
0.051582991165485446
0.0512791178596634
0.05135336540689125
0.05129596997281806
0.05119350537581035
0.052748830184189785
0.05279783432037102
0.052944145231194124
0.05310577992177488
0.05307177678490408
0.0527281682464402
0.05256495171111597
0.05246475624609715
0.0518129446200961
0.04886844781820939
0.047178660040609596
0.046989367574270885
0.04651733227630505
0.04592067595842623
0.04557276771306612
0.043490156968111475
0.043704237394028185
0.04367566339614801
0.04349573494984617
0.04335348714481644
0.041329544517816175
0.03985378988337435
0.03989329708950416
0.039826801194981776
0.03937439961617161
0.03741270293206114
0.03745344222652015
0.037144444572949645
0.03606892649734932
0.03367831251134878
