38
0.24055395541229085
0.24237586106982262
0.2246012336029203
0.2226256607913744
0.22591259503320793
0.22548015221895654
0.22326377606886968
0.21840400564816279
0.21769769926446356
0.21099207370217893
0.22017795614386387
0.2131477692152726
0.23480188568064783
0.2171942571176737
0.22174090592688178
0.2205749763429312
0.2220352134369086
0.222284412587639
0.2364954601227424
0.23084612934995857
0.22945363494835394
0.23210527076002951
0.23210458006662343
0.23399141208953067
0.2364180447348459
0.23698286297186644
0.21021473360326154
0.20713357878553548
0.20315302093675827
0.20754157165609974
0.20330952700477234
0.19529207033482923
0.19260948422180552
0.1918952391829613
0.19184280832047548
0.192470816629317
0.15260665846741905
0.1446777857189702
0.13556285361340997
0.12571106262062176
0.1387785539920622
0.13537948079921933
0.1473792507049978
0.14820684331244416
0.14881949915917744
0.1477662333856462
0.14672251980632636
0.14803165935750556
0.13867033838078466
0.1421076052281608
0.12089223730464893
0.12332174947272274
0.12233755357446277
0.1286284167828439
0.1274342848116401
0.12796669602961983
0.11437533829931094
0.11339537271637876
0.1265626927829662
0.12125236371260179
0.12245837599438529
0.11965112431904948
0.12102817949661003
0.12197273992560195
0.12200209453483239
0.12292886422046183
0.12255776219893455
0.1169450293651582
0.11702748372744724
0.11667688685877982
0.11679900715988716
0.11919546955312264
0.12537193568666516
0.1250607749690835
0.10450984188478636
0.10441892178955091
0.10550828938873628
0.1061968658293801
0.09434655966591163
0.09397680676270496
0.07998472399799861
0.08186157457057125
0.08060983372622818
0.07995985904322292
0.08046454535222236
0.0794378219352187
0.07929888954044167
0.07461545907326894
0.07421552894412362
0.07569186583491054
0.06926438628735312
0.06289271706773725
0.06300488334955234
0.06047098317859982
0.06067393503417577
0.06357415180369612
0.06885294322199136
0.07021482512082453
0.0705501506760321
0.07105890240180757
0.06752579985528255
0.06603125753823046
0.0695132557362347
0.07141158046212202
0.07188525402633016
0.06825222639609818
0.06959546864170538
0.06881546528715562
0.0691617089673513
0.06623017659236587
0.06133993282798513
0.0712375109530418
0.07120200728473276
0.07222343082085886
0.07252749751138578
0.07236070960430817
0.07475116382496652
0.07419303349073242
0.07441173003578716
0.07419483946468731
0.07165280506393712
0.07252766516920088
0.07370647935519599
0.07480656172666532
0.07643295852222522
0.08137551289648354
0.0827003263088385
0.07932114973269774
0.07909808181504178
0.07915587899312987
0.07976012575703063
0.082813739491018
0.08223171853384117
0.07933638118879113
0.060678407420729934
0.06555114276665604
0.07218162952691136
0.07186223535855957
0.07110422262751068
0.07232535966225213
0.0705873285871973
0.06758915018267006
0.06707752549806897
0.06579219589593933
0.0646841409478206
0.07478681400803405
0.0749916181906783
0.0754892152615067
0.07431094735589362
0.06432279649317478
0.06423053797653033
0.06474705186276715
0.0681065333417394
0.06846086861131742
0.06496811919527967
0.0652225935421261
0.06598604577607045
0.06400806553818303
0.06408538211412322
0.06321416340818839
0.06253112818500241
0.06132110766692754
0.05984622030614464
0.056008774806052763
0.055487621797863915
0.05443326874106682
0.06309738524102558
0.06317034151187319
0.06386249804027336
0.06274805730737414
0.06672075253902666
0.07473650108797374
0.0757980543525415
0.07243581664705595
0.06771105180005078
0.06748792883425056
0.06825047105576244
0.0676316722631306
0.06633479700737528
0.06710682167888489
0.06896978607641202
0.0706732023956405
0.0769434486528255
0.06708700696212792
0.0661385054068596
0.06966607202351145
0.07027345720547495
0.07024507609274863
0.07148714899798304
0.07018321959568508
0.06411022997605569
0.11439244144540639
0.13580359508935186
0.14059168890600846
0.2467491783697235
0.282313644615511
0.3214635006258952
0.32157024202666834
0.32068045955465424
0.33004748199915657
0.3372973868711557
0.33810057985423686
0.3581073903512278
0.3593162856496962
0.3526653962196285
0.42310151747073843
0.4429550523277587
0.44596107509626187
0.4461406865443376
0.5903760628848664
0.6245835095949724
0.6424402969236761
0.7061193034721672
0.7675929107909713
0.7834141140271468
0.783951236616534
0.7953284759103718
0.803501682335385
0.8049013935138112
0.8046908701144565
0.8006839293447875
0.8019890288865428
0.8106048081457847
0.8092936228581024
0.8176048487548279
0.8419407944235902
0.8535410323060981
0.854050993346577
0.8573781136892995
0.8202769914869131
0.8003927010276635
0.796013724394581
0.6967223344416127
0.6607248731687263
0.6227981774206937
0.6233514629426616
0.6264480546117962
0.6213098496324913
0.6236978042990153
0.626289933949022
0.6086190762910179
0.607410075224935
0.6047298091661869
0.5430686993594446
0.5236151622639278
0.5192591403730406
0.5153945163685079
0.36387927008112514
0.32862612303814476
0.3084095221047104
0.24286156031913128
0.1822563798153506
0.16608921258286435
0.1652158185630944
0.15636627990042123
0.1653957382044486
0.1628993807767143
0.16138608564805387
0.20292328232302273
0.2028220555729548
0.20636426980576472
0.2035439138684816
0.1948049492724635
0.17175141651383016
0.166785629580347
0.1861725749608359
0.183599180272652
0.16959394138434555
0.1771673249985373
0.21740817684801877
0.2094125921937084
0.21293952526064122
0.22008047073069129
0.2268028845307647
0.22470782789609775
0.2232702864039295
0.2152384339805056
0.21009333058878935
0.21586603568975685
0.21814383842002819
0.21824693064015427
0.20959292100497928
0.20745253042860226
0.20815218595823937
0.20790166192715406
0.2079197462558668
0.20790523016673648
0.20752495335967044
0.20606304024060013
0.20516051359807877
0.20522074715775868
0.2454043639151437
0.2563174639984805
0.24210897362400036
0.2420215040199289
0.2430275308202428
0.19954562711681803
0.2171835180384236
0.20652800227445037
0.20732480047801047
0.20689154078541003
0.2054422908468705
0.19754269346338268
0.1792480863400868
0.18234753077335317
0.18354775151082836
0.17718673241831812
0.13616768998593884
0.14220358468882874
0.17069822713790153
0.16290747229842523
0.1653355846935309
0.1677180596589524
0.164758832047043
0.16347070108373785
0.18083672737117604
0.17174241631785436
0.17512055689328151
0.17472581335527748
0.17473812135024658
0.17687809219406206
0.17601347849703364
0.17784422987250795
0.20572175780355134
0.20574163020693428
0.20645248800217367
0.20698394018644817
0.21255458658454965
0.21277004753227158
0.17233921918566436
0.15849586743441915
0.15476673740913346
0.1546311080922037
0.1577059514269732
0.15732162906030434
0.16442991381797487
0.16442399273048255
0.17407440808084806
0.17506751350282101
0.17576520462723816
0.17647697423990047
0.21924696013549125
0.21598830599928642
0.21521555724662175
0.21348231400234272
0.21676417241851995
0.20951610840012327
0.17813286122662259
0.1783548453347045
0.16858567926715748
0.16534558039003866
0.16595847932590932
0.17180011938438608
0.1552402444889426
0.15550772600032486
0.15249222016165645
0.15235989727487712
0.15347275006609426
0.17592704100391596
0.1754449542747016
0.17381491911071031
0.14522948468193744
0.1456060066784184
0.14492155340242918
0.14447491589514713
0.1437400574283864
0.14479174289466687
0.14505917921692194
0.14514303054101863
0.15161305968573335
0.1508541689184137
0.14814464491863122
0.14810547971861085
0.12200525874204109
0.12011422308871719
0.11060704970915604
0.10961470752436146
0.10904297576791326
0.11001565259013499
0.06538050760915139
0.06813925921998618
0.10101458244990019
0.10045104025722645
0.09850409260053483
0.10181761387541335
0.10120573262477839
0.10197411873748001
0.10370335682871205
0.1034483066812845
0.10297499303595553
0.09795693503360493
0.09854800746808565
0.09825321711465225
0.09592093272603314
0.09755173873417634
0.09815139404654905
0.07572122147411176
0.07636753097798486
0.07726069454187008
0.07745413220427827
0.07744784038917878
0.07746246886847497
0.07727780506835952
0.07245680068581618
0.07077077926713556
0.07124201784468233
0.07424610392324218
0.06752440846651209
0.0675545065886544
0.06650868782268811
0.06683664540843283
0.06682941185745761
0.06811514568767607
0.06725655176172617
0.06729819600589627
0.067300569072783
0.06577020168150088
0.06616900510334098
0.06284714937232333
0.030124022049080833
0.030520347388397272
0.03064705632491965
0.02739541482894229
0.028299730458530317
0.027330080277924957
0.025918490028827745
0.02608610408337195
0.02599243397284987
0.026259835020760756
0.02617317998162809
0.02601548899700993
0.025823197394348858
0.024231186187950768
0.02211695288860533
0.02107324506629392
0.020554672456904472
0.01955038030020348
0.01930447663009942
0.020508293015332257
0.020814664184631154
0.022206503089746032
0.022133571918950826
0.022258511547830307
0.021496091159654406
0.018483500460364663
0.018483245868418857
0.018507479201901843
0.01764513991940152
0.017562015975148955
0.023324276179555816
0.021846287209877552
0.022029327013096053
0.02509517241948049
0.025063305182972468
0.024908923716223653
0.024519236783698137
0.026938074629972126
0.027980839084513577
0.027418343861913594
0.026167692677546546
0.028003220210889943
0.027919572400988378
0.027572272891231927
0.027291631981093984
0.02774741137245775
0.028294994191665018
0.026734813632631655
0.026001199854027938
0.026882712625058394
0.026885243320314143
0.026719169413607337
0.026931137332479163
0.026322086848851418
0.02619797391028564
0.025830665293579254
0.025840062227596258
0.025303309050825718
0.02501764274414243
0.02420550308476289
0.024694793908771353
0.02474026905063035
0.025193489846232767
0.02548462022289058
0.02583903440695861
0.026029643916036228
0.05894989855242464
0.058492580045772256
0.053237828773740746
0.0535455557174521
0.053174240892928375
0.05025609763253902
0.05013003250677582
0.05045575838260805
0.05066961760128536
0.0496089039745622
0.04830328108635684
0.04799317699423269
0.04778234228688012
0.045804813039379756
0.04497343680582462
0.04457580947173043
0.050326767807697646
0.04980608168273283
0.04920811193589542
0.049279864296031185
0.04869330683889614
0.051478821790621514
0.051432814745222044
0.06122245596963208
0.06129363908956407
0.060785487490576544
0.06079855276020036
0.06121706689667069
0.0668563020516764
0.06584774243994385
0.0658443702455112
0.06535251128719706
0.06887901270071164
0.06888100902443564
0.0713339086841585
0.07103476026576173
0.07097089361824703
0.07177692882944944
0.03922600178667999
0.03923660128499181
0.0387787751009325
0.0412099893563887
0.04122006600154886
0.042049701632633205
0.042983365614381916
0.04282383781878102
0.042666969019165425
0.04130308312635731
0.04096757283011537
0.04088645533896568
0.04089584972575042
0.04088436369830323
0.04080891874034683
0.04125128857649776
0.03553560627069199
0.03553987972193102
0.035862764062215426
0.03613289028983868
0.03640018664215811
0.03273342503933072
0.03274833226016828
0.026902250871685903
0.026563234877011184
0.027219454998884614
0.027664067098804014
0.027324695818279215
0.021697269746537403
0.021977945915033666
0.021971783627910003
0.021883552334734133
0.020935288291665587
0.02074879729610353
0.01807707007752368
0.017956244901871206
0.01773465579143024
0.01710219528439014
0.01700706830105817
0.01814411243032097
0.020673516277815534
0.018069134503096867
0.02457234117457483
0.02682704105263491
0.026230143331843193
0.030904298139758327
0.031448225314981856
0.03174650667768642
0.031725828134279106
0.03276491260680954
0.033619312240054454
0.034933673250060936
0.03494497457971908
0.034471978039776856
0.03439960229213158
0.03452744922251911
0.0353868680323949
0.03519577362247892
0.03517827220069656
0.035779559722533376
0.03573293690767722
0.03180619273389248
0.03294514504190248
0.03228862255116714
0.03202092851948561
0.032689887203172625
0.03266953445303327
0.03251150517362955
0.032469881159169656
0.033330767465337016
0.03440553972308746
0.03443989945310166
0.034513540922010824
0.0345742251067436
0.03704589227118627
0.03662635933726783
0.036564010800744465
0.035530847899139385
0.032859793131600395
0.0327301109231593
0.026217033240950677
0.023059834710337745
0.022722582332097868
0.01791710194333847
0.017371980824343172
0.01700221502636144
0.016999066066513427
0.015975936348088797
0.015177729057083178
0.013993668803432413
0.013986114688109794
0.013928061468206875
0.013881577615339398
0.013660632924107626
0.012523218959474858
0.012420671127701953
0.012404244995083299
0.011849747545498501
0.011837237063748196
0.011927127006832551
0.010894838542539885
0.010896272281411887
0.014874473968046887
0.014155505934582433
0.017106277418110317
0.018091345976098284
0.02184350237929565
0.021008603650537905
0.018266570686945104
0.018247725257766977
0.01793020024436443
0.019258372656590517
0.018382110859097543
0.018491262704425516
0.01826514601436368
0.018220890772533093
0.018240321530322956
0.018423960866573042
0.018595282527367852
0.018605971276038743
0.018616887556466705
0.01867264136703124
0.025901153024580306
0.025912248102738168
0.026057078677766212
0.026088456095159557
0.026304467599469104
0.027165600557282208
0.02760930600775039
0.028069191338019363
0.0283970204907947
0.02900730274709772
0.03329514292560165
0.03334331544894022
0.03315382423338645
0.03309136961330946
0.03306389423384924
0.034354172363496305
0.03475746554934077
0.034746565346311806
0.030598559927061415
0.03099784761327462
0.028219333465027235
0.02776525690480825
0.02390746017142135
0.023924805053105253
0.022952194861667857
0.02297827016928904
0.025450138313644177
0.02406336475894613
0.02331415925875064
0.0234762314742228
0.02533876109249876
0.025323164710140483
0.02529903383058165
0.025374679398864685
0.027420837559421006
0.02734144196305873
0.02743323708340558
0.027445560142449928
0.020186003671175692
0.020164280017586106
0.020983268191261648
0.022116767270561437
0.021835873464569208
0.02087619764574748
0.02071782826660671
0.020422878277178404
0.0229348594199231
0.02230992650737218
0.018029186357061366
0.01793406038958937
0.01808418354435777
0.018091222206061176
0.018176206547409028
0.01756721998305509
0.017315460369747012
0.01851664993898307
0.01957944872950898
0.0192306959785745
0.019079989989090745
0.018588642543388396
0.01866805445769598
0.01909754296442458
0.018685405808558556
0.01892021337969218
0.01673763054453713
0.0174213331912184
0.01650643832529025
0.01634104492438231
0.014954823931917305
0.014900287299202107
0.015196999283285717
0.01525064323289952
0.013194283976833053
0.015356519690288173
0.016153349794950866
0.01695381927275107
0.017478702990528006
0.017489310446529453
0.017434340547997453
0.016541935743318057
0.04563335485057509
0.04761252285650908
0.05246110749810087
0.05750997003293048
0.05707964779626487
0.07508513645019017
0.0769508726696999
0.07714557291512314
0.07936622134531789
0.08073819804036884
0.08094942307501857
0.08109509313767267
0.08178171730576567
0.0808349605624905
0.08001298868516507
0.08051607840134768
0.11376503646909304
0.11361169560220717
0.17427633702505196
0.1745400167797944
0.1746382156392764
0.17814327804973584
0.1782452337087053
0.24259202093307483
0.24433073302256297
0.24712031974978
0.24670989473121221
0.24676131736018286
0.2464792577366043
0.24625166027105616
0.249199961345757
0.25334816125788884
0.2574634284741068
0.25664827510561394
0.25625374125692985
0.2590143543996519
0.2826517024415893
0.2823640615397629
0.2543382252403356
0.2523524154221423
0.24772084929925056
0.24277121034083435
0.24057882669551242
0.2238410331896994
0.22192993715182532
0.22183360893649762
0.2194670557680493
0.2188668417405758
0.21971809981149243
0.21878539830133495
0.21821152737539487
0.21807692914233895
0.217913036838014
0.21741406014004233
0.18415127639417442
0.1970552609843912
0.13782332025648306
0.13713470148359733
0.13758050166559851
0.1339259736449494
0.13365647750566725
0.0687168232229471
0.06752839558232189
0.06464055724684167
0.06654491612410833
0.06658763517988764
0.06656440727209291
0.06817488537932304
0.0650656581829967
0.05928552230303086
0.0553758936908635
0.05542225057488239
0.05547764717451543
0.058546125230165814
0.035480092575249846
0.035872453516136854
0.03547070295411646
0.035627092719306294
0.036067160017971556
0.03668049105357067
0.03646767264055031
0.03860981023678702
0.039651045347216085
0.040570978846329195
0.04094705497887357
0.058713011211175135
0.057931763631181965
0.05913486573728395
0.05882747933251972
0.05872785578254042
0.059743826212478444
0.06056550690822473
0.06056114246416711
0.047864625183300834
0.04662883295523978
0.04657678352020313
0.04770766220260124
0.04794652011612312
0.048005240202021626
0.04818962255472375
0.04798497621387584
0.04848456915364243
0.0465802790762422
0.046692394364878
0.04684761656775342
0.04516823290448156
0.045854773421740304
0.04537997686654325
0.04428027337037472
0.04416816065906239
0.044639731599922516
0.040079099074995066
0.039025431217903236
0.038699962350299606
0.05573754151553591
0.05566368582342576
0.05489318326672189
0.05430692561893666
0.059128935307166244
0.056558589242051635
0.05568827112987742
0.05468070884221564
0.054410445914378845
0.03641457611747992
0.03613250219938456
0.03507378603352936
0.03511871083841875
0.035379068202640744
0.03427568236705904
0.033370091740922384
0.033392520429772754
0.03329124581793569
0.03301623995584226
0.03320506596287618
0.03152200927842625
0.03141053431631346
0.036616573237420805
0.0363373979171539
0.037853210860778294
0.037381059614131365
0.037344151515995946
0.03720165267284217
0.03704327826813946
0.037025132523477555
0.03727813338866798
0.03727077505932322
0.03727802626867019
0.03727327434789923
0.03664807844521493
0.03536908270652289
0.03493442001036899
0.039597266198727187
0.02225549750195267
0.022156447433782575
0.022047687039810443
0.021767866374888936
0.01709832777941423
0.016266692384899094
0.017381522295854424
0.017725868811527927
0.01758159289191264
0.017059660538076126
0.017174169684532604
0.017536901403211614
0.018603901510678315
0.018509058009468376
0.01853029305958817
0.018560003153560406
0.018616121589920293
0.018479989696296547
0.01844654191488873
0.018348999160689137
0.018461028142073118
0.027841551628592007
0.022454370087491907
0.022834277247396676
0.02108558596604481
0.02105943443658083
0.02101509245284248
0.02131836685074139
0.02153364185519723
0.02159849931999409
0.020660539632748397
0.02798415808652348
0.028204470763526546
0.02885502968260772
0.02987958896076964
0.030583049902096787
0.030683573644183938
0.02644501378510423
0.02648340435423584
0.02658350118897017
0.026556987991329738
0.026726561153182164
0.026618942589275062
0.02669610163551518
0.025413012291277504
0.06747165557895042
0.06753353270426078
0.06755569756738271
0.06992737880934545
0.06946063030238914
0.06846265097276392
0.06833710411264877
0.0692907677890658
0.06946840555868669
0.07488633502449685
0.07495560923819188
0.0751589146508282
0.07505659617367891
0.07499920538232747
0.06535977720393014
0.06536363082327293
0.06507242611473649
0.06497539977416618
0.06529556265369035
0.06536264665708341
0.06551474547852397
0.06529891704405569
0.06525992029076966
0.06826393560158445
0.06085523630832991
0.06076003887289636
0.062090264830114796
0.06140726844105105
0.06093354599307208
0.06521514192008586
0.0647489677940976
0.06450010412330402
0.06439510681290511
0.06438071007616682
0.06455073945344333
0.06456615987254072
0.06490106607075372
0.06530033535927897
0.022962535388162175
0.023260983641213453
0.023411363469006085
0.021036954061862855
0.02117551671352025
0.02106632015071902
0.021015382413042315
0.020053609130392402
0.0198619212643816
0.014533476694814166
0.014451130705499433
0.014333716705862146
0.014341384871694429
0.014334383766007555
0.014297095311028895
0.014314449911893649
0.014228216738034538
0.014213394383220002
0.06689279044490133
0.06690121234515947
0.06643290017545957
0.06646948219605646
0.0664776908043525
0.06350908896495416
0.06349755796947758
0.06337273074787704
0.06147049593323595
0.061791197324654525
0.061538562211127745
0.05720009736076624
0.057384946371487736
0.05731799626792784
0.0573369371687523
0.058923928244725844
0.05866772501190117
0.05861305335836683
0.05822485157281946
0.05785468908314609
0.057824581897928315
0.057493594183156506
0.057339966306658136
0.05723216924668354
0.057052510939252135
0.05703336899458466
0.0571043587417502
0.0571002116639055
0.05712437086998965
0.06033168353741832
0.06034821454431968
0.06259811070060811
0.062741933085295
0.06707331999350592
0.06713029181985819
0.06713354651056323
0.06722206842548116
0.06728029410353964
0.014286433832327975
0.01424608333650961
0.015058533294874627
0.01521957334278197
0.01521849983984649
0.015180749006980956
0.015305955103548971
0.015373731866014694
0.015392918374161358
0.0149854254591439
0.01532266606332519
0.01982784716482736
0.019618976234451014
0.01964322357848156
0.019686707773290898
0.018358083456276264
0.018397127113427347
0.01858258560677582
0.018611244337456912
0.03257681015563789
0.03287627896035339
0.032837594919831535
0.03297774868334882
0.033175041143992855
0.0333579491389062
0.033404896928517565
0.03387971212275191
0.033959894760074875
0.03537564779002148
0.03207412281024582
0.03204408756350142
0.06702489812231933
0.0668774642982365
0.06277908962601296
0.06506727330573366
0.06524518370895156
0.0652749530500604
0.06521656087238403
0.06539504004134915
0.06538537675110044
0.06889841968921909
0.06902165159044547
0.06910445459761519
0.06913864600616472
0.06903169911452339
0.06896789036637221
0.0690239334706648
0.06867739718081262
0.06850594451832565
0.06401358885100446
0.06463235102690534
0.06460754172313649
0.06453194333268257
0.06650513383555516
0.0672852050878435
0.06709076862760237
0.06705044841092903
0.053085415034678916
0.05303546795151305
0.053038533631411575
0.05287422200442179
0.05395142823137554
0.054798033926460925
0.054891474444685104
0.054588906064567795
0.0544855957452115
0.05304243732508114
0.05301563710760544
0.053055008242966654
0.01587916947681644
0.01589087116729499
0.015609146495955106
0.013261987247974186
0.041512942323462636
0.041500711656860034
0.04156255804518569
0.041370345608048496
0.04423103011118176
0.03991704922689734
0.03959603381317122
0.03958010111452
0.03958642165225216
0.03964431330433283
0.03973176308402007
0.043716246629492216
0.043750359198799875
0.04374262764789442
0.043685241181901285
0.0431916264368892
0.04313988154340027
0.043151252339868565
0.041041127562543515
0.04343008182974712
0.043666246602722315
0.04395123306387133
0.04408147335222612
0.043814821181716
0.04442485448165312
0.04447432224321124
0.04319323041180977
0.04216406579502381
0.042180384066259735
0.04199904304469874
0.042010041881652936
0.042134667732416704
0.04214736866329559
0.04222014644847268
0.04208723037212689
0.04208122414339775
0.042091533713712534
0.042103718646532784
0.013731763290906506
0.015124652359994632
0.01506748700090176
0.015901192092447072
0.013028665994546777
0.012995600053612645
0.013027595147167288
0.012948381171960321
0.012925031188004973
0.012855585525949167
0.0128660575788763
0.008795379483321299
0.008761732223174806
0.008852138949014638
0.008940063289037223
0.008865606509985418
0.008907558809667374
0.009859265966639915
0.009706371407581954
0.006480624915246873
0.006245139364410779
0.005960754155869115
0.005791464743280968
0.0057742885905454
0.005163989876372688
0.005154515950531077
0.0050901864518620886
0.005121544598316916
0.0049603514655858815
0.00488381699828225
0.005043170344490801
0.0050679029131193805
0.005048785717706637
0.005099079862033523
0.0052464468068514234
0.005255029382552098
0.005747948416856099
0.00692433192331733
0.006943895737450628
0.005663800557417641
0.005688040123595141
0.00745698917056432
0.007472738065507179
0.007452763620192898
0.00746206288767491
0.007542993402248758
0.007525641973277384
0.007554494577865088
0.007860117275873444
0.007798365652810233
0.007797974623197955
0.008615235223870988
0.008803247643573374
0.008763158049621151
0.008723931918567551
0.007761574457106325
0.059878716423739306
0.059892345723952446
0.059908566604622265
0.05992797486607516
0.059941976177522734
0.05993985366121942
0.05993693581531552
0.06001550787443801
0.06019726927504599
0.06016942911098239
0.06018900385406858
0.060201142780077356
0.06029195029360692
0.06019081751397173
0.06101011978795389
0.06092163164437828
0.0608324305441064
0.06081524157717766
0.060335082326380955
0.05919586487872167
0.05911380743671657
0.05887653422205678
0.05894403127694603
0.056402183333950515
0.056419519266070445
0.056414908727397434
0.056394974573906284
0.057513885174475574
0.05754048495305398
0.05752391460873363
0.05714586111733761
0.05721291742394421
0.0572243889727426
0.056221789842551426
0.05601002065002357
0.056008786644668435
0.05597620248184764
0.056033992928675384
0.003906305212934784
0.003855902717264555
0.004042504172173694
0.004005597533784198
0.004046925872057731
0.004251656576245297
0.004264665230881116
0.004124186888006771
0.004041157252355902
0.004038723384085548
0.004076619084807494
0.004181143248857122
0.003949403150345525
0.0040480023949213155
0.0033803311958012696
0.0034394032484819266
0.0033773782891944105
0.003404607974889442
0.003404894760508998
0.0033698970709171074
0.003417431355449018
0.0037601472722562264
0.0036968334061219833
0.0036442421222826686
0.0037275094789510762
0.0037259920566364278
0.0037108232639059993
0.0025015588172638235
0.002697374676591755
0.003760783076162625
0.0038275424772897934
0.003766195412749171
0.003752723901703192
0.0037243273656285213
0.003672230214193432
0.003690822383174242
0.0037527905672798153
0.0036991685474232192
0.003788634189709223
0.0037510176636062122
0.0036746931667455815
0.0037701943028124185
0.004175691935708142
0.003994302582464658
0.004006397719398686
0.004030482178224317
0.004685267857425299
0.007393360023086689
0.008299882941036585
0.00868772808778938
0.008773767493338126
0.009041339998903391
0.008912652881670109
0.008787077125025102
0.008776893459411
0.00875630490840574
0.008727047605978859
0.010207093212948968
0.01055778378467385
0.010273888908810716
0.010343499291307096
0.010439847832209878
0.010435545241811787
0.011026695947446222
0.011835417271119178
0.012307213718750612
0.016685175326074147
0.016925501040994412
0.045410401216995015
0.04699883343822581
0.17094796800472203
0.2057498870917743
0.20973793183893732
0.21107177178334352
0.22302990776466988
0.2233053267436172
0.22321888442491117
0.22412618208059434
0.292185782249497
0.2933966439182425
0.29301528973420427
0.3013082294852035
0.31075465638074057
0.34727175321797815
0.3533218685126588
0.3790646109699754
0.37957676202061286
0.37907466390214273
0.37947859104790316
0.3792493575962294
0.37921333477341146
0.37921285893655515
0.37947041741204307
0.37957655059419865
0.3797461690528449
0.37894109191625724
0.37856995378422514
0.3785183676293341
0.3784798928106949
0.37905340385810393
0.37945217633158335
0.3792359038464234
0.37909239876749695
0.37860612919683234
0.3751270797887775
0.3808255806723406
0.35746447877806603
0.35623800810407036
0.2323036336478259
0.19970175494374856
0.19613386938860036
0.19524213820981468
0.18347506777509354
0.18329753663980422
0.18334272934894952
0.18250803456951473
0.11435973704100236
0.11310733073814355
0.11307989303046831
0.10483889377550815
0.09536814267300495
0.05902999896109866
0.05243416490451011
0.024066880500264006
0.022817818630534305
0.02352236361682628
0.023190712958589783
0.023122092188325404
0.023159310662578404
0.023521546229242477
0.023395515664766137
0.023730513313232587
0.023819102819812497
0.023138303199281233
0.023218018646845858
0.02328528227253061
0.023225695440193077
0.02257391980273921
0.022090487421160692
0.022345538654445593
0.021909533660294266
0.02191074849536805
0.02097956659317968
0.01404820557306084
0.008823239837116149
0.008500202083056152
0.008527917589307652
0.006331157950398965
0.006136201883575088
0.005687259010137572
0.005635679325431596
0.00565723406865387
0.00564326351411849
0.0055710114943883365
0.00604306521150367
0.006043117935124169
0.006077959294304589
0.010850170466890394
0.010881915872795028
0.010688960863347372
0.010494259055581226
0.010481850375639043
0.010270780561483119
0.009608450524835553
0.009425795487011092
0.009340368818207977
0.009332512447632084
0.00902388287962736
0.008960566472929058
0.008545986301052359
0.008441447860766428
0.008444589266225168
0.008465991831267639
0.008421182897863998
0.00842239114556196
0.03023337282850296
0.03020982195195307
0.029850838621841517
0.029844742020493673
0.029909567399987017
0.029743487843392893
0.029673586684959497
0.029669848022725473
0.02972961861906335
0.029687745706887522
0.02969083297235249
0.029454296373656187
0.029732481488430874
0.029558067786935194
0.02943854121497246
0.029460563334496287
0.029487337699904834
0.02902613691392182
0.0570324350352309
0.05701241232338461
0.05220223116700763
0.05239367200576489
0.05244324849319999
0.052414135236383386
0.05236754772095262
0.052323985903891757
0.05233613680777807
0.052528275615311405
0.052530001030506195
0.0524694221912355
0.05248472655901752
0.052448523773116124
0.052500970042742796
0.05240337324431024
0.05239319047636286
0.05248600011504788
0.05254041781911716
0.05256405326025007
0.0307907701589655
0.030768691780216455
0.03057638965856084
0.030747991185777278
0.030723533217697992
0.030800700934172805
0.030854963257859132
0.030851284255265534
0.03075122699331807
0.030887358660834363
0.030868868143163773
0.030868707970591866
0.030695759604767413
0.03067310266486532
0.030766324272273483
0.030730403470047723
0.031053321233999724
0.031028334417741357
0.0029906668542186063
0.002925064355353163
0.0029361139923296383
0.003513105942244061
0.003578723752588011
0.0039009790315847367
0.003913868034582238
0.003904475305874913
0.0038430861649315588
0.003645655166118578
0.0038408308612906694
0.0038652743245808445
0.003792989707361189
0.003792783298686116
0.004028033445157664
0.003979763548258251
0.003979007069370393
0.003748105584467861
0.0037064050617925427
0.003700782453773036
0.003930829011634507
0.003987599175350874
0.00394659888365495
0.003556903721153003
0.003647840731081691
0.0035764302991119733
0.003650825651438336
0.0037315566109562453
0.003742665288300651
0.00366316877454535
0.005139662534249054
0.005214123139311404
0.005128578299873156
0.005296526770041088
0.0052488886631797725
0.0053083105401197815
0.004974160153351898
0.004950768037371688
0.004989817810353064
0.005087079021522388
0.005219224677988623
0.004473621574355241
0.004372272802378274
0.004141116238257928
0.004102905582144657
0.004138854532757389
0.004140528264275531
0.004241508592888664
