0.0	0.0	0.0	0.0	0.0	0.0	0.0
1.0188801214312163e-17	-1.1878300725829794e-18	-4.3839121601687066e-21	0.9999999999999081	1.565899975926624e-16	2.5999109694914017e-16	3.0854418787094597e-18
-5.241979319231206e-05	0.0001244239113644473	-1.6449947727985503e-07	0.9999999863280085	-0.010483957676433954	0.021511778346465844	-3.3165114210506787e-05
-6.45886737548077e-05	0.00015330803364546164	-2.0268685593408175e-07	0.9999999831539363	-0.012917733565604609	0.02650558403403503	-4.0864158580798816e-05
-0.00012801109390351295	0.00026771466937799884	-3.6336102229119595e-07	0.9999997014850953	-0.016406069622613564	0.03273379853402858	-4.814511866637976e-05
-9.078810476760392e-05	0.00020056874607573454	-2.6906041479766344e-07	0.9999998667974903	-0.014358744798865081	0.029078423035486557	-4.3871880629580624e-05
-6.459666094142972e-05	0.00015332245965764426	-2.027055884640365e-07	0.9999999831091424	-0.012918154018750187	0.026506334925038774	-4.086492487211875e-05
-6.460428078310728e-05	0.00015333629321035623	-2.0269035198276593e-07	0.999999982880406	-0.012918226391977799	0.02650646493214245	-4.086317861791414e-05
-8.47701601077967e-05	0.00018985054638292245	-2.0720747402485873e-07	0.999999632129016	-0.01355500722768816	0.02764467317141628	-3.9596956091970234e-05
-6.561286782712778e-05	0.0001551625303764335	-2.0291591466636256e-07	0.9999999653353339	-0.0129500733113908	0.02656338862895887	-4.0799843475723186e-05
-0.0028183735765637138	0.005050971947633838	4.348415877943372e-06	0.9999160482498607	-0.08000630866333043	0.1349854556522722	0.00021332824736417498
-6.458867375463761e-05	0.00015330803364505793	-2.0268685593354804e-07	0.99999998314867	-0.012917733565570595	0.02650558403396524	-4.0864158580691215e-05
-0.0026976645207656756	0.004620240697805708	1.145628001123123e-05	0.999859883311023	-0.05636828754946282	0.0939704366930907	0.00023041375474560085
-0.00011247878457928831	0.0002345521423462297	9.365226045887815e-09	0.9999974350288775	-0.01370800774170847	0.027732627787502538	-3.593018398663352e-05
-9.593718086777203e-05	0.00020648964405301667	-6.387215001079492e-08	0.9999983150845948	-0.013435019990732848	0.02730876473569717	-3.7634556552270984e-05
-0.00249221747550016	0.004188694817559149	1.3900230792100157e-05	0.999831941970435	-0.0428665986857406	0.07294032495808324	0.00014187836603177145
-0.02490586631797121	0.041442205050426915	0.00014427592016058488	0.9982785244107439	-0.3188723163654403	0.5008737883193395	0.0018257322844725233
-6.460613125969908e-05	0.00015333704986821733	-2.025853201227225e-07	0.9999999819329916	-0.012917948573533625	0.026505917393643892	-4.0862846842518685e-05
-0.002558899772444337	0.004195029711515316	1.7803694134199117e-05	0.9997869257814427	-0.033235568468155396	0.05634046234797983	5.9753124025008744e-05
-0.003326733926915646	0.00557685288151654	1.8709347038398198e-05	0.999774627073281	-0.053278958496494104	0.08908537792364674	0.00020547841942300594
-0.02335376879035721	0.038855074379106985	0.00013548350339497847	0.9983827446912181	-0.2988010176567077	0.4697004185774132	0.0017022745432360466
-0.0019906162599253076	0.0033286972113233254	1.1869193727822712e-05	0.999856516961453	-0.03405307410406562	0.05886064654245836	8.227932017009266e-05
-0.009865758688681689	0.01617934852276746	6.506397313698728e-05	0.9992013559437452	-0.09923648018454949	0.158298301515833	0.0004484928787413514
-0.010080809988271775	0.016809394935348186	5.7727005611029326e-05	0.9993096422395664	-0.13726032491759188	0.2193011748693172	0.0007182830882624515
-0.005123702285000553	0.00862382557160417	2.6727901899253933e-05	0.9996782984816882	-0.082745946960929	0.1348369918643697	0.00038937365566175914
-0.0069150152246949	0.01176150283396581	3.066935055998754e-05	0.9996292389718265	-0.12433681641649208	0.19949322551385576	0.0006540849596224124
-6.45886737660909e-05	0.0001533080336642103	-2.0268685586876357e-07	0.9999999831531233	-0.012917733565740285	0.026505584034242774	-4.0864158579921554e-05
-0.02681951301568065	0.042636747402042326	0.00022092664819252185	0.9973671596180297	0.07426074560863467	-0.09880087792687568	-0.0001593028231115431
-0.00014311856995091697	0.00027814688377081223	4.412993809621085e-07	0.9999923150396751	-0.012687928283211377	0.02617778348556331	-4.106999641100255e-05
-6.897006114690306e-05	0.0001602651232354792	-1.6647470791047737e-07	0.9999995520030436	-0.012903457214651779	0.026485063843221024	-4.0883554100890816e-05
-0.005455510201711066	0.00871341027668334	4.4353256475385004e-05	0.9994694884721631	0.0046480922376109885	0.0012572486221748523	-6.472868308183888e-05
-0.0003430423680176846	0.0006011888459730045	2.3670850394651695e-06	0.9999759503797621	-0.011925723418499009	0.024989960841631832	-3.1389612375374687e-05
-0.004510713501760357	0.007323304365767539	4.1700014071474404e-05	0.9996271759718357	0.003196670056573948	0.001619177975350817	0.00014515635111797743
-6.45886746390507e-05	0.00015330803504953668	-2.0268684862594583e-07	0.9999999831541991	-0.01291773356272568	0.026505584029898374	-4.086415858472028e-05
-0.0008912254982495416	0.0014894011823956368	8.76608382491778e-06	0.9999340752172771	-0.01094228620133535	0.023232740871374155	7.419503306349564e-06
-0.012288231421944757	0.019910382536721997	0.00013242030480832602	0.9990253894129993	0.01629359858915572	-0.021890597225122214	0.0006731159301102948
-6.929450760906927e-05	0.00016091407317865472	-1.5162991897811816e-07	0.9999996079569461	-0.012906487844430974	0.02648695256755902	-4.058929194938352e-05
-6.458867375475961e-05	0.0001533080336453475	-2.0268685593393085e-07	0.9999999831524474	-0.012917733565594992	0.026505584034015296	-4.08641585807684e-05
-0.006689877133172473	0.010936840933579432	8.953232598680135e-05	0.9994598699284686	-0.02425857439370925	0.04479287272473903	0.0003834113267847419
-0.0006469277945750882	0.0011011419440864912	7.684699301787766e-06	0.9999525091349155	-0.01391455284642233	0.028112971196821275	-3.571863365397441e-06
-6.980483796047264e-05	0.00016179803159286157	-1.32037454144566e-07	0.9999995579120451	-0.01292666237176309	0.026519982047915877	-4.053012501006862e-05
-0.021084689631904494	0.03465513208045182	0.0002812352590896912	0.9981614343811409	-0.05968479829197503	0.11144953570331262	0.0008898965925053867
-0.03669745860181685	0.06028145448694693	0.000490275089145168	0.9967958676234976	-0.0944192372586619	0.174537032149029	0.001581299954946577
-0.04239591007138079	0.06973631410454814	0.0005694005713501188	0.9961858605917283	-0.08754576726494219	0.15603181800145471	0.0018531576591088697
-0.007708170216827971	0.0127796898427752	0.0001043794309377315	0.9992430443169433	-0.01442952707927148	0.024479241040689145	0.0003131650226138133
-0.06450296991260676	0.10615518503616717	0.0008709637948025525	0.9941374259922313	-0.10757683255683624	0.19102598813950458	0.002692606814688909
-0.021434873237054612	0.03548275519224532	0.0002971922937265339	0.9979238441360355	-0.0037582578810731564	0.009590273962279575	0.0005802272981250758
-0.03233863662635389	0.053516977327089335	0.0004579985522414231	0.9969351167385171	0.02155539302951464	-0.03244474853070648	0.0007775259058503611
-0.03915567907762493	0.06478050316444113	0.0005571455434305965	0.9963183973718606	0.03291445840518499	-0.05108361293467217	0.0009284766183751075
-0.04386727089265624	0.07251361727942152	0.0006425452009294452	0.9959591496525195	0.05782840765349703	-0.10016164574789346	0.0010191432179018117
-0.04335620102756757	0.07154290607846747	0.0006679718747570256	0.9960940214325201	0.08976079345308485	-0.16626120284733675	0.0011284523777147508
-0.044562592923443625	0.07343847194293465	0.0007041393863996354	0.9960429037610721	0.10558564233970397	-0.2003951293200305	0.001274828037041027
-0.044198406493023666	0.07243051883032812	0.0007571980091879071	0.9962254387900552	0.12898810778981307	-0.24934602357937474	0.001459247548292447
-0.04396563327152807	0.07178615184172041	0.0007911284470418917	0.99634215320156	0.14395280961537138	-0.2806477581629374	0.001577182209878948
-0.04251118929015031	0.06878279346118689	0.0008491263253926095	0.9966457107599154	0.1597892008835127	-0.3134993158438695	0.0019031948638566975
-0.04157838668785911	0.06685659453488191	0.0008863237457297188	0.9968403978774528	0.16994592152550184	-0.33456877887269	0.002112285455508542
-0.039272191917249025	0.06244598660142753	0.0009601546453466699	0.9972171959681827	0.1772473603691509	-0.33819236714922474	0.0027814409652349254
-0.03779236079226675	0.0596158027447805	0.0010075302253796936	0.9974589785130517	0.18193252278166203	-0.34051753726880607	0.0032108225382134923
-0.03684273051549419	0.057799630421804984	0.0010379318659558701	0.9976141340784334	0.18493906326026494	-0.34200963410393326	0.003486363308408423
-0.03466753893510831	0.053816424539288255	0.0011088930080150963	0.9979082176909854	0.17532821761648387	-0.3192764855464514	0.0036838181029256248
-0.03300991485965349	0.050802688343394506	0.0011636101693736256	0.9981260004296534	0.16475773879466404	-0.2966546469914163	0.003817306681214357
-0.031946150424111724	0.04886865186859972	0.001198724391870154	0.9982657604420168	0.15797423358371854	-0.2821372953450739	0.003902971720799264
-0.030336150132987655	0.04593534034323621	0.0012631384848215	0.9984550214793931	0.14452459064624856	-0.2592936323249573	0.004290497004381496
-0.029303002470535924	0.04405300507039362	0.0013044764374647124	0.9985764730601253	0.13589320677689345	-0.24463356730239935	0.004539191030662788
-0.027904342505802062	0.04160716507584135	0.0013752028590928024	0.9987220844561949	0.11933932147545805	-0.20654195314835938	0.005161906407134886
-0.02700682046324491	0.04003766016926584	0.0014205917177662715	0.9988155242569906	0.10871581013736897	-0.1820966256183214	0.005561531986018433
-0.025916137751242067	0.038225709425068026	0.0014980722394736976	0.9989172093278	0.09289575511379886	-0.15390351056267554	0.005897662193585385
-0.025216200386464552	0.03706290376672394	0.0015477947770632956	0.9989824649440056	0.08274335469936592	-0.1358107926455666	0.006113371206803158
-0.024368539307447666	0.03565087345362564	0.0016255754018361527	0.9990562898285088	0.07201309214515736	-0.11983342101906479	0.006007076737081946
-0.023824559227603237	0.03474471369064219	0.0016754905288981115	0.999103666384842	0.06512702739041876	-0.10958006374333523	0.0059388630658861056
-0.02305611115375012	0.03330334265777784	0.0017579461564509596	0.999170789817814	0.05838416406720308	-0.10842293847871898	0.005505321283110719
-0.022562965419298385	0.03237835370823674	0.0018108614312612186	0.999213865770488	0.0540569825713547	-0.10768036209919615	0.005227099125817564
-0.02224649287727696	0.031784749051876796	0.0018448194083347243	0.9992415094499421	0.051280046601791834	-0.10720381932934189	0.005048552162439816
-0.021581774210431066	0.030177532933121663	0.001919288209988124	0.9993044591615411	0.053820752374573615	-0.12687984130985808	0.004855389577759812
-0.021155196037573334	0.02914611415474616	0.001967077999755961	0.9993448566618235	0.055451231072330714	-0.13950677947789147	0.004731428951186747
-0.020163565580243917	0.026764408247331214	0.0020532054938906543	0.9994274310401151	0.06979270625620602	-0.16637832631742352	0.0046654437330594205
-0.019343410905765267	0.02483398043815929	0.0021202949695094957	0.999492551713752	0.08134398015809738	-0.18731434208837722	0.004699886863054021
-0.01881708285156916	0.02359514300397865	0.002163349132653822	0.9995343424125233	0.08875692274730591	-0.2007498717342714	0.0047219904810095505
-0.017598473252151393	0.02109750123603752	0.00223813157083458	0.999608078878224	0.10386391773369172	-0.21561741116160443	0.004723371564398507
-0.016816439766017953	0.019494658537388992	0.0022861226344759594	0.9996553987006968	0.11355871741406984	-0.2251585420497282	0.00472425786421814
-0.015254352606155765	0.016682893534245662	0.0023592389337204734	0.9997256508739714	0.12624275507433874	-0.2343443515264999	0.004689737763333205
-0.014251894995511228	0.014878464627105435	0.0024061607653047116	0.9997707346723677	0.13438264023091595	-0.24023927522603222	0.0046675847498853056
-0.012466690417134413	0.011985328466304743	0.0024794254155812647	0.9998279697107664	0.14614742126295852	-0.2389847154858015	0.004636432123465907
-0.011321048892036903	0.010128680234668144	0.002526442450316313	0.9998646998604761	0.15369738043662529	-0.2381796112685384	0.0046164401612640345
-0.009137577491044449	0.006927984141450316	0.0026169628257095485	0.9999066401105026	0.15324386227636416	-0.22789033039650403	0.00530135253067101
-0.007736351247253444	0.004873961651296534	0.002675053591430148	0.9999335549527297	0.15295282043024508	-0.22128726228202236	0.005740889859308205
-0.005904902195636939	0.00228102499179297	0.0027657918917390633	0.99995358893707	0.13703469880203278	-0.20163814979741593	0.006051542562000007
-0.004417657510796534	4.8556500243997146e-05	0.0028491768000778496	0.9999652591227759	0.1177608627431233	-0.18518280710774304	0.0061539195414398555
-0.0034632294919959864	-0.0013841132555486588	0.0029026884338256825	0.9999727483782596	0.10539202434564801	-0.17462271549547645	0.0062196191930599535
-0.002298069174286607	-0.003230558929239867	0.002988619147199362	0.9999730772625193	0.09174785582961704	-0.1519931476408325	0.006513401814214101
-0.0015503363600818869	-0.0044155014636788874	0.0030437645320655375	0.9999732883287639	0.08299181396427291	-0.13747079376510093	0.006701934587576901
-0.0007890284248438364	-0.005832962035764071	0.0031304244203062617	0.9999683094060532	0.062339563158130246	-0.11931591827570082	0.006701321204714105
-0.00030046482012270593	-0.0067426066284434795	0.003186037747616024	0.9999651142219638	0.04908613753047045	-0.10766516435374213	0.006700927570911177
1.3067175027556686e-05	-0.007326364160239705	0.003221727179449627	0.999963063735107	0.04058085195561845	-0.10018838121455989	0.006700674959392217
0.00034823340604262664	-0.00825026175865942	0.0033038638715048737	0.9999564264189812	0.03024714238148713	-0.08457249337875468	0.0068619957602261104
0.000563323797757432	-0.008843166049007185	0.0033565744718981275	0.9999521669716485	0.02361556248325252	-0.07455111556451435	0.006965522163044429
0.0006934168423557133	-0.00972423425270369	0.003451247274157547	0.999943917411823	0.015263234304720057	-0.06809877243073004	0.006913000294596322
0.0007885328440566477	-0.010404332653210762	0.0035245192633180326	0.9999372522003218	0.01206635569278788	-0.06664535983774425	0.0069354281982384755
0.000849572818168667	-0.010840780653741819	0.003571541007732194	0.9999329748526345	0.010014783042344665	-0.06571264330783945	0.006949821135637578
0.001102747454685374	-0.011590554720477174	0.0036524834012618915	0.9999240041986474	0.02258863543326349	-0.06542845458607963	0.00678999951537854
0.0012652203612667245	-0.012071716552405135	0.003704427569620361	0.9999182473515007	0.030657810027432966	-0.06524607862512594	0.006687435200353727
0.0018362983420599182	-0.012860679835268668	0.0037913669646986742	0.9999067816742285	0.044846732227198746	-0.06617860245622978	0.006786233835492046
0.00220278331346453	-0.013366991050013023	0.003847159663408979	0.9998994236658932	0.05395236564598363	-0.06677704256621345	0.00684963711174728
0.0032714550248024	-0.014452751380526764	0.003957438228887347	0.9998793771844225	0.07261842683869232	-0.07776298806024484	0.007087387058651525
0.003957267006249624	-0.015149529853983296	0.004028208663531929	0.9998665125076487	0.08459723031648682	-0.08481313542301494	0.007239961287433663
0.004397381654087939	-0.015596682165044437	0.004073625054263801	0.9998582566963254	0.09228453677476132	-0.08933751412691268	0.007337874643836031
0.005661894473724499	-0.01676581867649228	0.00418259009269485	0.9998306231897366	0.09802504408266696	-0.09148909862233356	0.0073788024593541566
0.006473386003997573	-0.017516103182924663	0.004252517581293538	0.9998128895940667	0.10170897119467845	-0.09286986168577158	0.007405067575152696
0.007783801322201498	-0.01880011318805532	0.004370369165311777	0.9997780121495297	0.09367508865425146	-0.09120527471104743	0.007255447600985792
0.00875025590446682	-0.01976615138862833	0.004459198309724745	0.9997512492279352	0.08514366624189329	-0.08703586029247198	0.007057305742044493
0.009370470817053757	-0.02038609909140604	0.0045162037407558905	0.9997340743237708	0.07966869048725131	-0.0843601701496372	0.006930149703896484
0.010128084433089476	-0.021231538155320456	0.0045968298659163544	0.9997089910334104	0.06397280939770852	-0.07290314334595457	0.006252941162760581
0.010614277236413514	-0.021774092275010024	0.004648571071432303	0.999692894018738	0.05390009651828226	-0.06555068311848258	0.005818347707603568
0.01098664706637556	-0.022292223530445396	0.00472091562080931	0.9996777701908806	0.0325163208756467	-0.046196993474464425	0.005926419841702182
0.011225612586100003	-0.022624730341624842	0.004767342187759407	0.999668064588464	0.018793444721368374	-0.03377690964306988	0.005995774315707365
0.01127796356523657	-0.02280027109723278	0.004852381910231809	0.9996636040244677	0.005983008439665703	-0.016016350109804324	0.0063003563900822235
0.011311559409825284	-0.022912923048385818	0.004906955508419939	0.9996607414909928	-0.0022379920755745564	-0.004618645467809179	0.006495819630778636
0.01133311928879062	-0.022985216585328185	0.004941977701964351	0.9996589044825323	-0.007513756927403851	0.0026957452113147698	0.006621256685939793
0.011061440581352906	-0.022709825894567527	0.005033302223429676	0.9996678042095385	-0.014912015468755226	0.01898563781553681	0.007316367197221315
0.010887092827338145	-0.022533096003366476	0.005091909043805286	0.9996735155442728	-0.019659791886601243	0.029439553088052413	0.007762449106208871
0.010596179670344588	-0.021920716783352074	0.005213858873955541	0.9996893223732686	-0.020294755846113517	0.037549796894441975	0.008348460231302784
0.010364939932008904	-0.021441807074214836	0.005308957542963496	0.9997015999479861	-0.021771998192507275	0.04136765816823914	0.008734353206109777
0.010216543580297143	-0.021134470393474703	0.005369986393948612	0.9997094789879943	-0.022720007286317526	0.04381774174139709	0.008981997101673807
0.010134895870910854	-0.020697098801533788	0.005471395906404036	0.9997189171481885	-0.007284547966509309	0.035769136709278414	0.008449745963019568
0.01008249907144708	-0.020416418893093397	0.005536474693405322	0.9997249740166582	0.0026210412133669467	0.030604005353790313	0.008108177823662292
0.010274613811719116	-0.020238217289505783	0.005625852956049112	0.9997262236790564	0.015094451267518107	0.016044767424615733	0.0071367908149230445
0.010397901992090116	-0.020123857759325528	0.005683210779559575	0.999727025642994	0.023099167752365556	0.006701486689676803	0.006513410554983494
0.010964333188023066	-0.02024772643518476	0.005773591468235204	0.9997177339677741	0.034486148507045504	-0.006137808394003224	0.0059748883498571105
0.011327836120422926	-0.02032721822031072	0.005831592591061245	0.9997117711072011	0.04179365721267332	-0.01437732882695425	0.005629295801064454
0.012032047487832657	-0.02062441703282661	0.005907932313652382	0.9996966318412229	0.05244525069086308	-0.0235286771059615	0.005091224606608779
0.012717532389789916	-0.020966629935142193	0.005973893531680459	0.999680393106248	0.05674456241446696	-0.030557409774316507	0.004642876944415642
0.013157437136881462	-0.021186242474883227	0.006016223644073685	0.9996699720266579	0.05950361316962561	-0.03506804576035293	0.004355153225982372
0.01380690336109008	-0.02178296693062386	0.006067981674058984	0.9996476938671744	0.05328416550213509	-0.04956320097346123	0.003854380818945533
0.014223693394333835	-0.02216591033317506	0.006101196998014861	0.9996333970252784	0.04929288203954835	-0.05886535711044531	0.003533013917319995
0.014715841188675216	-0.022890285941577125	0.006142742656553657	0.9996093997114902	0.03961768729469985	-0.05762921643775293	0.0034609635034036105
0.015031673310434856	-0.023355148505191464	0.006169404268462819	0.9995939996240374	0.03340870430367784	-0.05683593251821656	0.0034147256956702276
0.015234356183839233	-0.02365347053654585	0.006186514156071885	0.9995841167284121	0.02942413646794479	-0.056326848567438983	0.0033850529325437457
0.015360073396775285	-0.024121190050108897	0.006215518341025865	0.999570937794765	0.013517912586939277	-0.04332153385670138	0.0029366490457916495
0.015440751466562886	-0.02442134550754027	0.00623413155717373	0.9995624803140701	0.003310213813380727	-0.03497547158474924	0.002648889245659593
0.01525743897014776	-0.024324984296601952	0.006267656672120564	0.9995676044654693	-0.01096583520007582	-9.897187065339127e-05	0.0025019679025709935
0.01507401484665572	-0.024139347370218132	0.00629259333078124	0.9995748175041821	-0.02002713400591746	0.02479800775736885	0.002232930487628841
0.014843236112713008	-0.023739201249816422	0.00631454794844268	0.999587641190034	-0.023427575739682436	0.04610794694195221	0.001881283332750067
0.014695135607076595	-0.02348241050594122	0.006328637158138584	0.9995958706924196	-0.02560978348269085	0.05978343910817422	0.001655616432896855
0.014375774311563444	-0.022204113646136593	0.006366643033562854	0.9996280479341697	-0.02458199822268585	0.08892136193397729	0.0018283098749557608
0.014170826617546341	-0.021383776312379685	0.006391033016419889	0.9996486974319789	-0.023922424811849856	0.10762040334791664	0.001939134584191688
0.014039302986283576	-0.02085733103801453	0.006406685103308413	0.9996619490939893	-0.023499148568121242	0.11962037163315871	0.0020102555024596484
0.013793456628391834	-0.019132564046280946	0.006451769266479038	0.9996973606814402	-0.019398983897110183	0.11956682200549437	0.0020863644967495506
0.013635686589211781	-0.01802570788504078	0.006480701686959383	0.9997200858089274	-0.01676773425575698	0.11953245693783984	0.0021352068677380964
0.013519772399444225	-0.016611845805399237	0.0065269797658577666	0.9997452814875061	-0.009422572127718465	0.10827123266553308	0.002286737670555936
0.013445385345583385	-0.015704510518026155	0.0065566783726940855	0.9997614506250588	-0.004708869931236006	0.10104442723066145	0.0023839814162541686
0.01339764801684434	-0.015122234965428649	0.006575737228829658	0.999771827047245	-0.001683887226989345	0.09640667954612732	0.002446386853970634
0.013419906721818087	-0.014251241307635039	0.006607242851934673	0.9997843079814743	0.00529581123642351	0.08329048980723375	0.0018955178110605722
0.013434191077232774	-0.013692287720713136	0.006627461347073222	0.9997923175243012	0.009774979892512354	0.07487327432515278	0.0015420017725719976
0.013652422984633705	-0.013112504200641705	0.006642966240488983	0.9997973032363473	0.012013563798015551	0.04776570513493551	0.0005852051730005346
0.013792471659306272	-0.012740432515306876	0.006652916388475887	0.9998005027797771	0.013450158074427211	0.0303696277977114	-2.8811802308041346e-05
0.013980099221170012	-0.012578618262566395	0.006644743052365413	0.9998003288610245	0.008628748606708234	0.01106195751047922	-0.0007443803957295944
0.014085756838786408	-0.012525873987509723	0.0066342043670951575	0.9997998315219532	0.0025081703161489183	-0.0031153327436810574	-0.001353116781293893
0.01415356181508136	-0.012492025748208058	0.006627441245578769	0.999799512353325	-0.0014196644721349914	-0.012213501449348001	-0.0017437687488991338
0.014076947051735516	-0.012845007255181968	0.006595519138660555	0.9997963289798868	-0.009708751188446229	-0.031943373034858086	-0.0022153204988706677
0.014027780107267037	-0.013071530465367411	0.00657503336816768	0.9997942860703547	-0.015028209844434886	-0.04460486877966979	-0.0025179352650029825
0.013722566985601245	-0.013581920601101074	0.006533775369303243	0.9997917622740885	-0.021771807164947386	-0.039738270700773584	-0.002177000017056166
0.013526698775084781	-0.013909459607315783	0.0065072983608357934	0.9997901426474219	-0.02609945969976439	-0.036615168221342045	-0.0019582074023945257
0.013014647269662156	-0.01432298452117268	0.006472310912984863	0.999791096504576	-0.03943504412913161	-0.030927511934203303	-0.001709388577276936
0.012431614551399272	-0.014627684524108963	0.006441747391465269	0.9997941540846803	-0.05114955775344206	-0.021759223354426427	-0.0014455206964204665
0.012057457717688472	-0.01482322344453433	0.006422133482865574	0.999796116258937	-0.058667258198773636	-0.01587554355761795	-0.0012761854812240604
0.011302727596864584	-0.014778754239929501	0.006396772391335426	0.9998054873287439	-0.06428386616864326	0.0034051606181251973	-0.0012645898423729357
0.010818385254715282	-0.014750216464437861	0.006380497102796724	0.9998115011356565	-0.06788828181823221	0.015778406577739608	-0.001257148428909414
0.010507562222862456	-0.014731902563023452	0.0063700525595687596	0.9998153604494634	-0.0702013882776969	0.023718843513054196	-0.0012523729581461708
0.009781536197844009	-0.014364846152433722	0.006347974570514964	0.9998278352600288	-0.069117008324656	0.03645660744030157	-0.0013877221898036213
0.00931561449194413	-0.014129290479379088	0.0063338061881635516	0.9998358408767589	-0.06842111569804893	0.044630971022232235	-0.001474581534695835
0.008421569331284686	-0.01320655565444014	0.006310600794975532	0.9998553667465567	-0.061942771662111464	0.061214957948286804	-0.001391563050113458
0.007847822616904372	-0.012614397565174965	0.006295708909550508	0.9998678973257692	-0.057785343414859615	0.07185760602563732	-0.0013382865660409768
0.0071330133941217375	-0.011442193457010688	0.006274374058566401	0.9998864864805471	-0.05007208658413383	0.08039561261715239	-0.0013389848790615875
0.006619171516830548	-0.010514982955651769	0.006258919928825439	0.9999003372164159	-0.042943523595725425	0.08665222336396852	-0.0013159839980170637
0.006289417381616322	-0.009919952634942063	0.006249002358056888	0.9999092258253879	-0.03836882225762919	0.09066735595152556	-0.0013012233567144917
0.006013578582536566	-0.00883389416303356	0.006244723875999805	0.9999208205994702	-0.02291315874346427	0.08985542670629393	-0.0006936781183942482
0.0058365611211854945	-0.008136924359597071	0.006241978192523648	0.9999282614573394	-0.012994603674801031	0.08933437725903207	-0.00030379056051232743
0.0058383209046246505	-0.00727403280560554	0.006248200845000048	0.9999349533650789	0.0006110636451669675	0.07028690848546323	5.0761414578629094e-05
0.0058394502323285994	-0.006720278682488855	0.006252194185127159	0.999939247847088	0.009342397659711631	0.05806333957979572	0.00027829246081349703
0.006283588466794431	-0.0063353158903769555	0.006261816442485165	0.9999392630991262	0.02717251972374015	0.03022999849205667	0.00027655585838756464
0.006568610816861768	-0.006088268932515266	0.006267991453310665	0.999939272887531	0.038614865593293135	0.012368162533382705	0.0002754414069260009
0.006751521752556323	-0.005929728417340903	0.0062719542197794565	0.9999392791733887	0.045957904442389445	0.0009054645119937763	0.0002747262161369578
0.007303771940039634	-0.006132733112715026	0.006266812034122261	0.9999341384567719	0.044429945164586954	-0.013866415305363797	-0.00031102248138283745
0.007658174317597988	-0.0062630098393250105	0.006263512075397137	0.9999308394397212	0.04344938886391373	-0.02334615736247234	-0.0006869222741940501
0.008243213055892444	-0.00678747480303	0.006245512102167845	0.9999225414973936	0.040656948536307205	-0.034203604258582404	-0.0008633963987868363
0.008618657237755952	-0.007124046223561699	0.006233960755606723	0.9999172163583017	0.0388649210934805	-0.04117128861881873	-0.0009766473324254255
0.008943494432597295	-0.00767371133518685	0.006215395659896135	0.9999103447640388	0.024533563351058003	-0.04061184963102823	-0.0010014068423018154
0.00908662518668618	-0.008134594357040772	0.006197696369355779	0.9999056343814211	0.007771485733136794	-0.03486339632157389	-0.0010641622032097355
0.009178478264697634	-0.008430362547666579	0.006186337983627652	0.9999026115295109	-0.002985450697729839	-0.03117436992311813	-0.0011044349810463714
0.00906156667097439	-0.008618640181906508	0.006170997481832429	0.9999023349357161	-0.015768709708229064	-0.016032032051517178	-0.0011668593702651585
0.008986539540659113	-0.008739465928508333	0.0061611528309216766	0.9999021574325984	-0.023972269415385234	-0.006314551342267844	-0.0012069197495245087
0.008445597429621945	-0.008611244887296785	0.0061410885377057205	0.9999079352771413	-0.035349065313409346	0.005657419933275461	-0.001068606888902049
0.008098451924524186	-0.00852896000466978	0.006128212429412392	0.9999116431656145	-0.04265003796438051	0.01334034187758579	-0.0009798456575562783
0.007544226014279463	-0.008147287826831544	0.006114291170336808	0.9999189878011027	-0.044054478889667154	0.028379840222190977	-0.0009038891902114978
0.007033705224500269	-0.00768741407400488	0.006105180244646367	0.9999262231762284	-0.042682470593413804	0.04090392219309097	-0.0005257108742050508
0.006706082372031859	-0.007392293574127065	0.006099333377038782	0.9999308664198902	-0.04180199465462814	0.04894115699685931	-0.0002830178025260959
0.006317980809877458	-0.006635748422154126	0.006108507571777395	0.9999382554752684	-0.033340783997477266	0.06070834765799815	0.0005329413710789988
0.006068919570105832	-0.006150241297548365	0.006114395041815184	0.9999429973483418	-0.027910866105377862	0.06825985319318931	0.0010565769943428572
0.0058325093387553975	-0.005497871377664641	0.006131582086599356	0.9999480180250475	-0.021369539816230017	0.0625017864085579	0.0015753920036710855
0.0056807948622883495	-0.005079217919686983	0.006142611742487791	0.9999512400048408	-0.01717169318469964	0.058806590635140515	0.0019083376087379457
0.005572698468178677	-0.004636039275041396	0.006174254628715144	0.9999539264022929	-0.011900740050461843	0.0415858129733123	0.0025460219019534055
0.005503328425499995	-0.00435163273448391	0.006194561211437525	0.9999556503796821	-0.008518145775034302	0.030534509261480172	0.002955250970178703
0.005445690904578146	-0.004205822941293432	0.006243638528828777	0.9999564577252397	-0.0038777917800277423	0.015343938228706663	0.0033293819355409825
0.005408702461815535	-0.004112250610221512	0.006275133525776487	0.9999569758339002	-0.000899879728869121	0.005595504253378337	0.0035694776505811
0.005436559494527328	-0.004275676384513552	0.006320939718963267	0.9999559147153584	0.0016073429335762008	-0.009852089930581892	0.003575426173616257
0.00548693500159733	-0.004497570447697746	0.006363326220264594	0.999954416827877	0.004657313095932171	-0.017264887528536603	0.003669341126449302
0.005519263101949178	-0.004639969283125713	0.006390527436638234	0.9999534555724201	0.006614608360894647	-0.022021994275907855	0.00372961033654568
0.005608509487497308	-0.0048916799059309825	0.0064366173523370835	0.9999514438258602	0.009391445096494259	-0.021068537716432474	0.003929417909720829
0.005665782679890512	-0.005053213292809329	0.006466195206879856	0.9999501528090896	0.011173459052341364	-0.02045666418664145	0.0040576429073759
0.005702537317569761	-0.005156876121103677	0.006485176571131842	0.999949324305301	0.012317053019543986	-0.020063998980434268	0.004139930329015601
0.005831798146157036	-0.005346937605737939	0.006526485611170373	0.999947295011111	0.01202404338304814	-0.017221473071559093	0.0039411352419355975
0.005914750304463007	-0.005468908124831837	0.006552995374925765	0.999945992726695	0.011836006666760632	-0.01539730358602313	0.0038135599995800405
0.0060226859545878175	-0.00552631251197642	0.006600162678928809	0.9999447388961398	0.007881205402227528	-0.00657785749012928	0.0037898667347545057
0.006091952841047242	-0.005563151342913629	0.006630431939251333	0.9999439342632932	0.005343241626579416	-0.0009180447168629761	0.0037746617614052777
0.005933080102130197	-0.005373636029307265	0.006690825891149088	0.9999454844477913	-0.0076411435503781246	0.011766352746186533	0.004218462208031534
0.005768447618435241	-0.00517597395731742	0.006738712354328574	0.9999471404060523	-0.01732657245265036	0.022854799560947235	0.004509193822650448
0.005662795968199208	-0.005049125818811383	0.006769443129586715	0.9999482031014685	-0.023542123136858224	0.029970726370349723	0.004695768635633532
0.005363532412962159	-0.004677076302196784	0.006815987951627248	0.9999511768452248	-0.03170478661959407	0.0397014792724201	0.004763933420536196
0.005171482291650183	-0.004438316341125229	0.006845857738835417	0.9999530852181944	-0.03694311412233537	0.04594611629035766	0.00480767765526365
0.004638676190838069	-0.003708073700272122	0.006912099247892975	0.9999575747265601	-0.037480706048350784	0.05281539399260701	0.004967383316426291
0.004296751908713462	-0.003239446013071572	0.0069546092349131545	0.9999604558337883	-0.037825701597556854	0.05722370096103824	0.00506987321558419
0.0036712238870950918	-0.0023651778890358198	0.007038057947181582	0.9999640889236523	-0.039894149721207764	0.06013665907633095	0.005631535445110808
0.003192749760270705	-0.0016953264678673903	0.007104356778395037	0.9999665872529031	-0.04085221956646461	0.060468185239865704	0.006119742792913275
0.0028856926111892646	-0.001265454388770246	0.007146903551477863	0.9999681905368806	-0.041467053637554256	0.06068093964583096	0.006433046162882249
0.002458817217104012	-0.0006426451193804249	0.007229525801594737	0.9999692825607722	-0.03539101893093221	0.050567981693457865	0.006803452039620114
0.0021848731641837633	-0.00024296198510221126	0.007282548005205926	0.9999699833608983	-0.031491769650512105	0.04407806747756552	0.00704115720723798
0.0018788204802989302	4.2270864893798846e-05	0.007381199107563801	0.9999701327309964	-0.024153274472810765	0.023829946365835825	0.007165126905995349
0.0016824134870777607	0.00022531688730999784	0.0074445077057535055	0.9999702285855744	-0.019443850741194087	0.010835867910408283	0.007244683521775709
0.0015251191887447047	0.00016869564878188727	0.007539541049902548	0.9999699689973798	-0.012364365861542926	-0.0030145739687839983	0.007383741205155529
0.0014161203734973091	4.41239176562697e-05	0.007627563644095035	0.9999695979376587	-0.008933580343386066	-0.01054588839918699	0.0074626196397657284
0.0013461712088806256	-3.581904784836189e-05	0.00768405147764375	0.9999693598161217	-0.006731899706438987	-0.015379052426664212	0.00751323927811892
0.001358410635452703	-0.00030218182681749435	0.007771488676282289	0.9999686274760246	0.00236387888185266	-0.02263244414484455	0.007190080103453499
0.0013662651948080468	-0.0004731181239888189	0.00782760083664735	0.9999681575008365	0.008201025940430724	-0.02728725337545313	0.006982695149258629
0.0015524354379262931	-0.0008463494319726792	0.007911906612019404	0.9999668716016454	0.013804634249352868	-0.03166451279868121	0.007035279379456607
0.0016719087822325866	-0.0010858677986989535	0.007966009205210999	0.9999660463852336	0.01740070746512068	-0.03447358589989259	0.0070690249111489386
0.0017485798965881857	-0.0012395768975124316	0.008000729134861922	0.9999655168087269	0.019708460230880957	-0.03627628729932855	0.007090680850675438
0.0020438132691908565	-0.0017794572843929032	0.008090188335929631	0.9999631402985508	0.021958129768596388	-0.04116358195240084	0.007192211349925029
0.002233277051285582	-0.0021259214360463555	0.008147598101033656	0.9999616151861727	0.023401838165505194	-0.0442999663015483	0.0072573677792658565
0.002492035618209311	-0.002620830065355333	0.008250741932678982	0.999958851771649	0.016539979220709725	-0.03547479959459168	0.007305506738767089
0.002658091969860412	-0.0029384339320058543	0.00831693370588746	0.9999570783704743	0.012136433183674156	-0.029811315662425873	0.0073363995516364825
0.0027281948232656707	-0.003077921733917582	0.008407833056565193	0.9999558543373649	0.003497460581870666	-0.013528821188762835	0.007009424653744455
0.0027208987771790453	-0.0030888758958245556	0.00848935069269169	0.9999552675978639	-0.004014256993317729	0.0005111715553602498	0.006793937713622576
0.002716216594828181	-0.003095905646308438	0.00854166401862183	0.9999548910606463	-0.008834844887285241	0.009521230623249999	0.00665565060092123
0.002478050785390336	-0.0028130143044436335	0.008618837367935372	0.9999556079982889	-0.0188513058231045	0.021475814682020485	0.006407442980534104
0.0023252096799814903	-0.002631470927149892	0.00866836278070387	0.9999560680898821	-0.02527929380913073	0.02914757851158914	0.006248157618964495
0.002227125057514032	-0.0025149668389618284	0.008700145339461035	0.9999563633491014	-0.029404406442529084	0.03407087487782422	0.006145937443883516
0.0018552808691283057	-0.0020093333969822542	0.008776024706074071	0.9999572978097894	-0.028881116524705146	0.0381126140732044	0.006235700744373107
0.0016166526759032272	-0.0016848469629804342	0.008824719715221231	0.9999578974909992	-0.028545299180955788	0.040706369607874424	0.0062933056629935254
0.0013384168711060096	-0.0011682568989364404	0.008923002060908023	0.9999580131865041	-0.019035725226786267	0.03649369001433518	0.006840937069497794
0.0011583054778981873	-0.000789694852937206	0.008999996671398081	0.9999579701131138	-0.012440846139059707	0.03283317724397575	0.007166920566332335
0.001042720354658834	-0.0005467555254406598	0.009049407379863927	0.9999579424698168	-0.008208632404415392	0.03048407088181413	0.007376118007890495
0.0009403089353067708	-0.0002751580901473853	0.009136522988465656	0.9999574308368218	-0.008532246806402372	0.023089801217649232	0.007484059244694254
0.0008745871821397588	-0.00010086249190311336	0.009192428770859642	0.9999571024991177	-0.008739923899275321	0.018344584631543495	0.007553329716348324
0.0008324107445258734	1.0990388940406178e-05	0.00922830588353828	0.9999568917921522	-0.008873199101621352	0.015299377806315514	0.007597783517194626
0.0008960827559793181	-5.8779343245485604e-05	0.009324852526510316	0.999955987561848	0.003087370178219677	-0.0005600709278732851	0.007854745788340188
0.0009369437873652478	-0.00010355354075413205	0.009386810603835553	0.9999554072804703	0.010762974978081019	-0.010737752105008538	0.008019649380779205
0.0010705171835156124	-0.000508748013944961	0.009495837046786807	0.9999539787798823	0.010378836494170932	-0.024617048621454418	0.00786592510328002
0.0011562368994117878	-0.0007687784999973598	0.0095658039412748	0.9999530620502758	0.010132318529855322	-0.03352398210160788	0.007767273711809495
0.001315793518533929	-0.0014677412321149582	0.009673298448368249	0.9999506573589273	0.010688405613909721	-0.04342056665610006	0.007470370226819702
0.0014181877710905987	-0.0019162952746546971	0.009742282234601437	0.9999491141633625	0.01104527029078705	-0.04977162488173727	0.0072798346627252
0.001559637774336388	-0.002648637642004657	0.009832217198540246	0.9999460563258832	0.00859350962303697	-0.052957296891891326	0.006774003456601795
0.0016166617908470395	-0.003304857498147096	0.00990693610687049	0.9999431971712018	0.0006207384771750564	-0.051654646887097394	0.005977770229760919
0.0016532565217985491	-0.003725981623570626	0.009954886400699976	0.9999413623289197	-0.004495727055823233	-0.050818681106888475	0.005466793583515778
0.0015752107530299336	-0.00420649876528318	0.01000732485952057	0.9999391229315282	-0.0065030996611254305	-0.037309461845533826	0.004426236825143536
0.0015251254716877076	-0.004514867003700364	0.010040976843523702	0.9999376858127289	-0.0077913158357750915	-0.028640022642468066	0.0037584674019408596
0.0014300034141346708	-0.004665549260124376	0.010075442925918682	0.9999369543131451	-0.009265996762100439	-0.011876436011003612	0.0032630904776326445
0.0013400162838743158	-0.0046306978488085335	0.010104440168069403	0.9999370755176163	-0.00628256930506242	0.0017845609861300354	0.00230869483583276
0.001282267724185277	-0.004608332219398513	0.01012304892871273	0.9999371532972141	-0.0043679773175416235	0.010551402402181463	0.0016962186569984793
0.0012958518194523558	-0.004388953051576048	0.010127039171513405	0.9999380986094701	-9.31380834243958e-05	0.018087051409176574	0.00031678153052510505
0.0013045693097656027	-0.004248168131216669	0.010129599879629279	0.9999387052569818	0.002650207636695794	0.022922997118362425	-0.0005684618037465645
0.0014569316837677515	-0.0038715407793573535	0.010105906430601332	0.9999401562637831	0.011796888588931848	0.029636867432078356	-0.0018702354201598878
0.0015547090839795892	-0.003629843027186352	0.010090701339050323	0.9999410874394287	0.01766670185429084	0.03394544288534207	-0.0027056387847269985
0.001883270611058108	-0.003207881710587005	0.0100490668075666	0.9999421997008954	0.024021723224864722	0.03398851770107569	-0.0034415392147135555
0.002094122484015322	-0.002937091229692824	0.010022348162136839	0.9999429134857802	0.02810001008511969	0.034016160638009774	-0.003913797745261675
0.0022294350774409695	-0.0027633134883234675	0.010005201673668564	0.9999433715497484	0.03071721980708189	0.03403390028350875	-0.0042168660824776745
0.002474890005959649	-0.0023743498847949495	0.009945346246242808	0.9999442951620191	0.026392211224954963	0.03033675185591616	-0.00496624359341279
0.0026324088483693268	-0.0021247354364911006	0.009906934478778355	0.9999448878853484	0.023616669705533916	0.027964134838087486	-0.00544715093865145
0.0028863221824060262	-0.0017968703262981165	0.009824880433203396	0.9999455924592633	0.018182528803705973	0.02395871350485443	-0.0058784925886999455
0.0030492691425228016	-0.0015864653736016331	0.009772222870544446	0.9999460446103905	0.014695210013625445	0.021388264683222878	-0.006155302827568775
0.003148864557183712	-0.0014272144302107245	0.009690013912499545	0.9999468451700357	0.006031676881716581	0.011686694852888053	-0.006422046477108305
0.003151164906290734	-0.0013606953712493278	0.009611149182983659	0.9999477643215924	-0.002688771727023231	0.0034544063644448525	-0.006766092544560828
0.003152641137917893	-0.0013180072686765983	0.009560538339783617	0.9999483541802784	-0.00828505361229361	-0.0018286024587501719	-0.006986881504094086
0.003051808912459369	-0.0013718995906622947	0.009484669686027623	0.9999493375541052	-0.012981518647303777	-0.0065997544699484805	-0.007436361580998332
0.0029871005950257113	-0.001406484580361255	0.009435981551783434	0.9999499686302425	-0.015995439533670844	-0.009661605157930592	-0.007724812018026765
0.00261339201819374	-0.0015974681000516023	0.009324812035409212	0.9999516240919791	-0.029945991423978042	-0.013835607287692338	-0.00822966440184788
0.0023735673677974054	-0.0017200303281636217	0.00925346983977248	0.9999526864718337	-0.03889865250092403	-0.016514241559370497	-0.008553649597685892
0.0022196617137596577	-0.001798683710322066	0.009207686525756698	0.9999533682481515	-0.04464395497996661	-0.018233234827327013	-0.00876156464471937
0.0015663873790530006	-0.0019626054122497847	0.00907947221184738	0.9999551049343531	-0.04443068096877472	-0.012181495039685627	-0.009077022430754804
0.0011471535197086712	-0.0020678009236533503	0.008997191646395071	0.9999562194354744	-0.044293813986377766	-0.008297836839556507	-0.009279465077068255
0.0006586291502367633	-0.0020588518725795013	0.00886633011996555	0.9999578010670168	-0.036062292793153664	0.0020153662232507068	-0.010019781731611107
0.0003451223340103261	-0.0020531088867914715	0.008782350725929929	0.9999588160659405	-0.030779776375835975	0.008633786223072024	-0.010494874340835379
-2.4254908894128242e-05	-0.0019137497001992792	0.008640798347903031	0.9999603889929043	-0.028128489700511485	0.011957670892772559	-0.0111830490870551
-0.00026129995852880363	-0.001824316997088061	0.008549958180809643	0.9999613984127337	-0.02642704654560658	0.014090748719458285	-0.011624680021338797
-0.00041342182482039663	-0.0017669242368230469	0.00849166219117442	0.9999620461962717	-0.02533515827995627	0.015459635268387173	-0.011908093330469691
-0.0005873686231242211	-0.0016658864106625327	0.008363252681104758	0.999963254213665	-0.017807965521541375	0.012001259570514487	-0.012244717366771242
-0.0006989976642478155	-0.0016010461505340397	0.008280846850036057	0.9999640294552516	-0.012977446545930495	0.009781873144597653	-0.012460743294027703
-0.0007382425719555345	-0.0016411913421769298	0.008111477931856199	0.9999653523792729	-0.0038534087262822045	-0.00017605240904315227	-0.012505063007377325
-0.000763427694412611	-0.0016669542150344952	0.008002786710649756	0.9999662013552818	0.0020018734801084273	-0.006566475756612511	-0.01253350484793862
-0.0005799940943737027	-0.0018040054978433109	0.007820030609342403	0.9999674897795452	0.00876416326382079	-0.008883775902443042	-0.012724850731893843
-0.00042050028473797325	-0.0019273890942142487	0.007678792569524897	0.9999684290063978	0.01391651049681608	-0.012848629718783092	-0.012976145354242918
-0.00031814633969224574	-0.0020065695832353955	0.007588154126579264	0.9999690317498331	0.01722299033293457	-0.015393044643487999	-0.013137411775973079
-8.248475997517946e-05	-0.0021815944159687137	0.007455633136185953	0.9999696571866451	0.024204939905626645	-0.018210046599397664	-0.013441965470502325
6.874927496883023e-05	-0.0022939152775279933	0.007370588793726327	0.9999700585581864	0.028685553194090795	-0.020017836281338394	-0.013637410498663367
0.0005085287324825311	-0.002522526733381195	0.007191915171241918	0.9999704853124699	0.028799161266156982	-0.01932378372332015	-0.013844111894011624
0.0007907538704324832	-0.002669236404697235	0.007077252726469203	0.999970759175322	0.02887206838639958	-0.018878380747805977	-0.013976760949827024
0.0012068777808974375	-0.0029081728207721053	0.006866460131087647	0.9999710160360541	0.02900068632891145	-0.015762429901444407	-0.014805617403173436
0.001473922150591665	-0.0030615084571629877	0.006731185578601681	0.9999711808764259	0.029083225919973733	-0.013762792031981289	-0.015337529758098151
0.0018548290417489369	-0.0031155278696428437	0.006527453540999625	0.9999717012537269	0.02873603483377117	-0.0029414847961090965	-0.015683230812264616
0.002172795209589165	-0.00307185747370947	0.0063388389358998865	0.9999724361649598	0.024681614367663106	0.005339258705053014	-0.015904540858349386
0.002376847590958911	-0.0030438323276846873	0.006217796940799909	0.999972907790363	0.022079720723477414	0.010653363165875757	-0.016046564905232215
0.0025303225564750047	-0.002914899358146994	0.0060217651535542545	0.9999741536400568	0.013263064465035902	0.013971750629084267	-0.016276988391340362
0.002628813953867196	-0.0028321576009041195	0.005895963237951914	0.9999749531549286	0.007605042048824494	0.016101300665080497	-0.016424860919362794
0.0026727508860721508	-0.002588963099657288	0.00569540422441841	0.9999766390226136	0.004088815624003885	0.021742091139910876	-0.01656171387672154
0.0027009470797380126	-0.002432894869345324	0.00556669699562169	0.9999777209182261	0.0018323039319396205	0.025362025729227765	-0.016649538226221804
0.002719041773588976	-0.0023327392638973583	0.005484100105783502	0.9999784152141967	0.0003842046342078185	0.027685091350817505	-0.016705898837708122
0.002708230449488244	-0.002142835030155348	0.005280274927502958	0.9999799433339793	-0.0018464909718926056	0.01851884626168765	-0.016851742551867915
0.0027012923640819075	-0.0020209654256297966	0.005149471662193217	0.9999809239925777	-0.0032780229918677535	0.01263647785957802	-0.01694533665146076
0.0026272616814138395	-0.0020582448715745156	0.004916482129948168	0.9999822084510213	-0.007056883583623275	0.0023462129042712476	-0.016638389350467277
0.002547639864303274	-0.002121738368523889	0.004738033554533649	0.9999831541337219	-0.010999201095842188	-0.006393637911397302	-0.016430050672252117
0.0024965431658671147	-0.0021624848395753386	0.004623515532022544	0.9999837610165025	-0.013529153517942146	-0.012002371016082293	-0.016296350902510397
0.002307378610653738	-0.0023728739637092775	0.0044377486101596815	0.9999845116873507	-0.015836530264974863	-0.01805466121564439	-0.0158647264937338
0.0021859836892209024	-0.002507889591578199	0.00431853409420688	0.9999849934206543	-0.017317271826676327	-0.021938672638401525	-0.015587734796547896
0.0019858046990364475	-0.0027283656369720913	0.004136870280072189	0.9999855456543241	-0.016260170226721663	-0.017641650348816103	-0.015171791367972613
0.0018573413473394452	-0.0028698544702112838	0.004020288902454587	0.9999859000460983	-0.015581783276676055	-0.014884068820763572	-0.014904862821166123
0.0017029507447159592	-0.0028460473988769783	0.0038397004108709862	0.9999869644924063	-0.011394558612836956	0.00018794352218074134	-0.015012758948731011
0.0016038717441435677	-0.0028307693910594373	0.0037238091133660464	0.9999876475953848	-0.008707438880012184	0.009860293355732968	-0.015082000471896152
0.001550753937396748	-0.002473095662099429	0.0035102125048619617	0.9999893397177262	-0.0025373301289118412	0.02401452494652272	-0.015341432644904432
0.0015166659869928567	-0.0022435612539503146	0.003373138498174987	0.9999904256255958	0.0014222904574975196	0.033097895929539746	-0.01550792127817088
0.0015297764565668013	-0.001739584494166389	0.003177596499937525	0.9999918661912892	-0.000338682129689103	0.03676760601747045	-0.015115071499685613
0.0015511661771631055	-0.0013021642035570486	0.003001496372699172	0.9999929870556002	0.002353830760468688	0.03325830843295331	-0.014769202415309409
0.0015648928684462238	-0.0010214530431092344	0.0028884854490327347	0.9999937063615708	0.004081730526763294	0.031006243271697702	-0.014547243548463816
0.0017607744033416566	-0.0008370073361941862	0.0027143863882258708	0.9999940824209229	0.013945982288712192	0.0154008382012248	-0.014430520312706703
0.0018864798956376863	-0.0007186406999429405	0.002602659633796978	0.9999943237555652	0.020276291189545832	0.0053861876222990315	-0.014355614059705655
0.001967150443789153	-0.0006426798071035	0.002530959834854107	0.9999944786277286	0.02433871900938664	-0.0010406385808825528	-0.014307543538826701
0.0021892312984288682	-0.0006852466140050675	0.0023820999980911305	0.9999943523293752	0.02364473721679342	-0.00445576259455863	-0.014324745219176316
0.0023317500058494685	-0.0007125635401235076	0.0022865703246374436	0.9999942712742766	0.023199379654440258	-0.006647392579561311	-0.014335784267303378
0.002585374691773614	-0.0009731366541326234	0.0020955611188158575	0.9999937464176594	0.01688311025010003	-0.018236267059200447	-0.0144110120788951
0.002748136414154596	-0.0011403574776413297	0.001972982406822427	0.9999934095945564	0.012829692170821635	-0.025673339534596377	-0.014459288957545197
0.002882330362510126	-0.001629909703170694	0.001758972832530239	0.9999925592394001	0.007877402970888639	-0.03352897083013108	-0.014828717794189983
0.0029689051671138306	-0.002025834836141283	0.0015931184157895813	0.9999918359089076	0.005109954169956013	-0.03788658052207077	-0.015168363355407263
0.003024463892647708	-0.0022799167932767944	0.00148668259928409	0.9999913717217257	0.0033339648501579163	-0.040683043557059304	-0.015386328323408794
0.0030781107150696227	-0.002613451938779227	0.001300925448049262	0.9999906433015551	0.0030649914889051676	-0.03146526903755758	-0.015831568147742458
0.0031125381572754077	-0.0028274955937089867	0.001181717202330619	0.9999901758407819	0.002892379870309967	-0.025549832013533787	-0.016117297434746568
0.0031220349518634775	-0.002970596455599442	0.0009888932415966366	0.9999899908791642	0.0011564005194112455	-0.01122047649416192	-0.01612318580914418
0.0031281294479036854	-0.0030624303505157333	0.0008651499243752848	0.9999898721809647	4.23489114579448e-05	-0.002024721055580785	-0.016126964628837948
0.0031199781324721112	-0.00280702098011107	0.0006431634239254381	0.9999907735104628	-0.000955000007474434	0.014605689898422407	-0.016067240779881524
0.003114747087497361	-0.0026431139499757143	0.0005007052675878709	0.9999913519332063	-0.0015950411267723784	0.025278130244352895	-0.016028913451904034
0.0031113901039789425	-0.002537927854077855	0.000409283824094145	0.9999917231301846	-0.0020057826702927868	0.0321270880513543	-0.016004317179281455
0.0029590987497378693	-0.0019948657283014033	0.00021972633777654854	0.999993206045121	-0.007605483650948999	0.040183098348089266	-0.015174987191004071
0.0028613669259244384	-0.0016463597197923295	9.807925578702893e-05	0.9999941576958858	-0.0111990493683755	0.04535298197610718	-0.014642770948647252
0.0026523479515999275	-0.0009839302456895755	-0.00010493668118218406	0.9999952745566725	-0.014276775175140657	0.04059888408582406	-0.01327062139938916
0.002518211606993115	-0.0005588211449399371	-0.00023522062200397	0.9999959912920139	-0.016251882414790527	0.037547977750822345	-0.012390054812621237
0.0024321306231887664	-0.00028601059739579815	-0.000318829354842915	0.9999964512535892	-0.017519392535287816	0.03559008170419561	-0.011824957871020577
0.0021548127099218044	5.43519571715016e-05	-0.00044570381593324684	0.9999970700518661	-0.024736432220694146	0.02745651613199901	-0.011057606062484912
0.001976846038242658	0.0002727770501921585	-0.0005271245409628859	0.9999974671638523	-0.029367912809486404	0.022236861993073165	-0.010565163847839475
0.001725874969659745	0.0003524165040970916	-0.0006485146388490293	0.9999979045412394	-0.02148071176929339	0.009351528079851906	-0.010171096508947871
0.0015648161861279632	0.0004035245208115402	-0.0007264158153083165	0.9999981852329648	-0.016419160203967408	0.001082462576554046	-0.009918206777146218
0.0014637099786003805	0.00030761009257035106	-0.0008433380146270369	0.999998338868003	-0.008248577413862583	-0.006806152716844846	-0.009692781755825733
0.0013988258352433986	0.00024605773427065724	-0.0009183719509980834	0.999998437463163	-0.0030051677555150156	-0.01186861186854119	-0.009548116954752252
0.0014059853211133416	-2.4153215948432876e-05	-0.001051049296952039	0.9999982929087389	-0.004886914483426676	-0.018510097241708868	-0.009632495714724389
0.0014105798669786383	-0.00019755904789096082	-0.001136193979418863	0.9999982001448163	-0.00609451120219716	-0.022772220207270495	-0.009686645145245264
0.0013243165006053292	-0.0005826491543146788	-0.0012631306367377432	0.9999979118400548	-0.00810022718598725	-0.0323273778946009	-0.009813495273714671
0.0012225680194821618	-0.0010012615691251448	-0.0013799402386670211	0.9999974644059927	-0.008766365290505559	-0.03782898185053714	-0.00974332432033568
0.0011572717019065664	-0.0012699029176455293	-0.0014549019165160325	0.9999971772694747	-0.009193854376754934	-0.04135959454491133	-0.00969829264216782
0.0009976987353575721	-0.0017236665709236575	-0.0015700264902032703	0.9999963801207918	-0.014639753149490821	-0.03799802864289683	-0.00950645801433947
0.000895293991963119	-0.002014865960655228	-0.0016439068139343167	0.9999958685595359	-0.018134617464206287	-0.03584076917069326	-0.009383349594035747
0.0006515366021042873	-0.002359149672962719	-0.0017576032993423668	0.9999950650502331	-0.020330994406202015	-0.030617956773691203	-0.009361961161587223
0.0004951071422822872	-0.002580091139279949	-0.001830567158226398	0.9999945494024622	-0.021740502683244425	-0.027266256451943423	-0.009348235296954797
0.0002313395013926224	-0.0028349993942663977	-0.001945152542052009	0.9999937225450523	-0.02059871247850145	-0.02040709231037833	-0.009380267695597432
6.206861443978454e-05	-0.002998584837380978	-0.0020186868447711953	0.9999931919182136	-0.019865977257409958	-0.01600527564296355	-0.009400824244969675
-4.6559695967253716e-05	-0.003103564557237087	-0.0020658769269213295	0.9999928513900633	-0.019395749975685828	-0.013180443116157292	-0.009414016254915378
-0.00024177305121402605	-0.0031186759318736794	-0.002185812595195665	0.9999925448113806	-0.016505084586165092	-0.0024898797221832754	-0.009923435866159767
-0.0003670497442769666	-0.0031283735421590263	-0.0022627804024567353	0.9999923480654126	-0.01465002195330548	0.004370708413735835	-0.010250352045619644
-0.0006291584560476203	-0.0028807624245946084	-0.0024127179138537054	0.9999925213423531	-0.019269981172947453	0.01196030022505094	-0.010475136292031471
-0.0008325328306114316	-0.0026688620145466765	-0.00252862597250171	0.9999926640989784	-0.01943794271297734	0.018260408274164325	-0.010630865567601955
-0.0009630467960454735	-0.002532876530374758	-0.0026030090917708547	0.999992755709832	-0.019545730759886706	0.022303454926024358	-0.010730803651395952
-0.0011441661270156873	-0.0022468613193479424	-0.0027101783929143306	0.9999929170515004	-0.01886428455701687	0.028328464188249247	-0.010833911630605073
-0.001260398086682902	-0.0020633132226593022	-0.002778953480702764	0.9999930205890503	-0.018426971614506724	0.03219496827598059	-0.010900080395775166
-0.0013435125599496548	-0.00175936334854212	-0.0029172539948592474	0.9999930632906467	-0.007532295357260773	0.022754445154523316	-0.010536860850760601
-0.0013968506440341839	-0.0015643058175749559	-0.003006007302954537	0.999993090694416	-0.0005407193363785128	0.016696060901330276	-0.01030376745713806
-0.0013678685925715129	-0.0015310433410788056	-0.00315286034410389	0.9999927777796159	0.0017603849350203383	0.006875979215951777	-0.010386195931210445
-0.0013492695804251398	-0.0015096973985678904	-0.003247102171658561	0.9999925769693015	0.0032371011829907996	0.0005740161274327077	-0.010439093780506403
-0.0012610527237881305	-0.0016199028119275997	-0.0033801471287372917	0.9999920813865191	0.006753583045116247	-0.008600711861234837	-0.010245670050267266
-0.001140927779331408	-0.0017827979246985304	-0.003500246751788023	0.9999915210997253	0.01082526321889511	-0.015141135549248154	-0.010079684632423952
-0.0010638385055106992	-0.0018873346302840542	-0.003577319775784583	0.9999911615383977	0.013438233149843638	-0.01933840294330974	-0.009973164746941272
-0.0008744320768415656	-0.002120432366274608	-0.0036961891734539534	0.9999903855292844	0.017151852255583758	-0.017908569687199026	-0.0097711588350664
-0.0007528819349562349	-0.0022700210739197125	-0.0037724727096361023	0.9999898875362295	0.01953503920651499	-0.016990985018249107	-0.009641523070227392
-0.0006748780514726828	-0.0023660184947351887	-0.0038214270915449375	0.9999895679485448	0.021064431392713683	-0.01640213200256429	-0.009558330299397781
-0.00036645350360487697	-0.0025385926989656255	-0.003933584901950943	0.9999887844012585	0.021982220264735355	-0.013290036665898841	-0.009516107188429452
-0.0001685243846290401	-0.002649340888230859	-0.004005561327801022	0.9999882815657688	0.022571204326156807	-0.01129287304058669	-0.009489010826573427
-2.2390886551295115e-05	-0.0026557425604759773	-0.004133688456933098	0.9999877849974561	0.012146249472782884	-0.001759409008083762	-0.009295575697370804
5.4671831861821626e-05	-0.002631224827205924	-0.004232092567339871	0.9999874741859769	0.004417726530744521	0.004580670551428112	-0.009193667864426602
0.00010412624807767177	-0.0026154907574720216	-0.004295242660332485	0.9999872747290838	-0.0005419945662823887	0.008649368617552246	-0.009128269284043998
6.869829590819226e-05	-0.0024570353417774386	-0.004395929291398735	0.9999872362424606	-0.004029739515342539	0.015872602147150625	-0.008654658065617316
4.5962675775299466e-05	-0.0023553477781874535	-0.004460544174746209	0.9999872115475006	-0.0062679734359368695	0.020508057588559756	-0.008350721651205626
-0.00015877875821179374	-0.0018758525745700035	-0.004565991465158076	0.999987508462272	-0.014654379379515251	0.031153911047866713	-0.0075938960503232796
-0.0002901700236835154	-0.0015681401571855259	-0.004633661465596884	0.9999876990050125	-0.02003629191293892	0.037985806921629464	-0.007108208949745227
-0.00037448937373439785	-0.0013706680425570501	-0.004677088176151221	0.9999878212845956	-0.02349009354290168	0.04237012438461406	-0.006796522929356497
-0.0006297375500228977	-0.0008914731547841854	-0.004759323359786682	0.9999876600100855	-0.02053448390143249	0.03988064778426915	-0.006620341311974523
-0.0007935411350564929	-0.0005839534628194658	-0.004812097166407476	0.9999875565140344	-0.01863774378649819	0.03828304502009094	-0.006507278092627618
-0.0010115118295775634	-0.00014416236451193255	-0.004908280014410868	0.9999869644609586	-0.014522520349844775	0.031431985332250896	-0.006695224729596147
-0.0011513928728587022	0.0001380702438303057	-0.00497000462906314	0.9999865845160695	-0.011881606859541151	0.027035369636653265	-0.006815838061211861
-0.001241160473553854	0.0003191908838752382	-0.005009615933285277	0.999986340686594	-0.010186820617505941	0.024213874794130272	-0.006893240753784885
-0.0013128204568966864	0.00045659672151278016	-0.005102852182466946	0.9999857990143198	-0.002166232303895406	0.013617234099381585	-0.007379251280431389
-0.0013588077087788638	0.0005447758777245516	-0.005162685839634869	0.9999854514029285	0.0029809195345619367	0.006816920144758628	-0.00769114485706269
-0.0012070313867817892	0.0005285151983847676	-0.0052588370621138875	0.9999851785006474	0.012444529877076782	-0.00299793587455928	-0.00784183357117648
-0.0009965649028150282	0.0004093496169421088	-0.005349357489111366	0.999984971401906	0.01964736103043641	-0.01359936726074248	-0.00789858000191982
-0.000861499629852179	0.0003328760070736342	-0.005407448287932369	0.9999848384938254	0.024269723401276762	-0.02040275560532483	-0.00793499659429166
-0.0004073140196799389	8.39305930556594e-05	-0.005499087086864652	0.999984472066791	0.03748359639178103	-0.022287467570399407	-0.007717148854970383
-0.00011584384230697313	-7.582824199948564e-05	-0.00555789559241324	0.9999842369125421	0.04596349936104911	-0.02349696720764121	-0.007577346717248719
0.00044312188452548697	-0.00038455927276659054	-0.005650880761639158	0.9999832907278566	0.048266333804279804	-0.02396459440182715	-0.007702783833882584
0.0008018339086319031	-0.0005826850748233823	-0.005710553290139846	0.999982683521261	0.049744160376935256	-0.02426469061399735	-0.007783282153987734
0.0013683714341909412	-0.0009442299158292091	-0.0058175764865588475	0.9999809472742036	0.04281704304044211	-0.026552451497709732	-0.007713482416858431
0.0017319426028133966	-0.0011762485808314313	-0.0058862578127435415	0.9999798330489069	0.03837161792449692	-0.028020604727609272	-0.007668688963897271
0.0021154180398590553	-0.001642098408204965	-0.0059848701681120015	0.9999777520263398	0.029356358090239457	-0.03454562731272744	-0.007591476209332279
0.0023798803253329785	-0.0020874283546812537	-0.006075018106277507	0.9999758056360405	0.020019888137731406	-0.03581344822889572	-0.0075080678916611115
0.0025495969951901385	-0.0023732154769095038	-0.006132869863222222	0.9999745565552908	0.014028279218089879	-0.036627062705089655	-0.007454541235156445
0.0026301362551820057	-0.0026681968069281426	-0.006210822137543465	0.9999732385627549	0.005019242034993241	-0.027421521943495435	-0.007598185481392884
0.002681821715637345	-0.002857498842604832	-0.006260847419522946	0.9999723927488365	-0.0007622393833978608	-0.021513935841011994	-0.00769036808909234
0.0025246815669885867	-0.002873586752488085	-0.006368744514763782	0.9999721594730697	-0.009630077937806764	-0.005361448634474918	-0.00799574009442408
0.0024238380660627666	-0.002883911046876019	-0.006437986658903005	0.9999720097685154	-0.015320946205033261	0.0050042877641568295	-0.008191710267327538
0.0023591225126766762	-0.0028905365846480366	-0.006482422280772334	0.9999719136955509	-0.01897301783851029	0.01165642063457228	-0.008317472642387917
0.0018991289334252058	-0.002454127825897171	-0.006595853384525398	0.9999729870666746	-0.030224498711354724	0.027271913367074782	-0.00797048758898837
0.0015073215867188493	-0.0020632780169763864	-0.0066816392743163	0.9999738463204217	-0.03887288241009068	0.03952444043929648	-0.007704679540890607
0.001255882187756365	-0.0018124531106406458	-0.006736691719744919	0.999974397743357	-0.04442291718492136	0.04738740694251707	-0.007534099238069484
0.0008174840642064804	-0.0012909818193974764	-0.006809675886272343	0.9999749183315751	-0.04594621450927743	0.054455024972999234	-0.007316089158525365
0.0005361453868709908	-0.0009563315655169022	-0.006856512922690324	0.9999752524157953	-0.046923779036606994	0.05899061534578059	-0.007176182840206578
5.94285906460158e-06	-0.00020463876523942173	-0.006950075023814091	0.9999746502898965	-0.043575557570726724	0.06066073851322264	-0.007226257510051562
-0.0003343105997891514	0.0002777543994019186	-0.0070101177940266315	0.9999742638900355	-0.041426861789562605	0.061732527414237334	-0.007258392550420249
-0.0006949575087046231	0.0010411520813725199	-0.0071339348104629986	0.9999724304856031	-0.02569836204958808	0.04546772063766158	-0.0076393448606530984
-0.000926399932586389	0.001531056765242256	-0.007213393443536201	0.9999712539143243	-0.015604716398309187	0.03502990400523912	-0.007883818122136052
-0.0010749263562094197	0.001845449387783219	-0.007264385419843219	0.9999704988569587	-0.009127195705390764	0.028331514190356406	-0.008040706987147029
-0.000985781325310448	0.00206684788985249	-0.007361160275356077	0.9999696894534451	0.006368050118870655	0.01747935139550883	-0.00848437194320534
-0.0009285731765154803	0.0022089287026837694	-0.007423264806356223	0.9999691700280154	0.016312006835409426	0.010515058067338566	-0.008769090570449299
-0.0005678358523316242	0.0022840187137067843	-0.007553304138722292	0.9999683062464025	0.026172721984904293	0.002794178563977407	-0.009264251133662835
-0.0003363354051352317	0.0023322071598840892	-0.007636755895925399	0.9999677519182498	0.032500761291420516	-0.0021606374141491013	-0.009582016676976508
0.000167167900122947	0.002127224491503322	-0.00776638969425305	0.9999670849669338	0.037582912634028826	-0.01602966571992029	-0.010065777026334037
0.0006458312780839968	0.0018529554482979499	-0.007891025304620637	0.9999663457647844	0.039691952539781215	-0.024311130352773984	-0.010603162816776136
0.0009530098776494764	0.001676945365898189	-0.0079710092641402	0.999965871386118	0.04104541293490286	-0.029625697594377373	-0.010948026080045862
0.001502235152447689	0.001270695125365239	-0.008108872106939474	0.999964431312204	0.04568495832134026	-0.03381578087298972	-0.0113683313068673
0.0018546963151893263	0.0010099871086104583	-0.008197344542741871	0.9999635071527226	0.048662351454004125	-0.03650473510017546	-0.011638059004664946
0.0020808855984281076	0.0008426797122877312	-0.008254121058737891	0.9999629140831905	0.05057307095959504	-0.03823035112149574	-0.011811154713040329
0.0025834125510764724	0.0004190764015846106	-0.008397026053773925	0.9999605933966029	0.04249110770425618	-0.03533692144323297	-0.011703320968222157
0.0029059054190646097	0.00014723218340443385	-0.008488734252624473	0.9999591041147129	0.03730456896155071	-0.03348008484903098	-0.011634119478738924
0.003210051767804152	-0.00026893915826116616	-0.008645962007755397	0.9999567681635604	0.02372808954630774	-0.03416721172989226	-0.011317223759289313
0.0033921759828552116	-0.0006081880708393478	-0.008766319362659713	0.9999550631481137	0.012740640583332862	-0.03639865800275445	-0.011097602227425105
0.00350905281927802	-0.0008258984925435037	-0.008843557784131026	0.9999539689687243	0.0056895283808040785	-0.03783067175746488	-0.01095666177178315
0.0034783810595259055	-0.001216114930112839	-0.008979322859832804	0.9999524673618543	-0.0007190060543003343	-0.03264118625819007	-0.011507518325387274
0.003458697689870566	-0.0014665333751804016	-0.009066449069480783	0.9999515037146366	-0.004831634518662564	-0.02931087322077279	-0.01186102634894349
0.0032666364246042353	-0.001634662171851953	-0.009239126476773524	0.9999503444174055	-0.010215738015554802	-0.015274722906727857	-0.012389672093578611
0.0031433825614279355	-0.0017425575544664706	-0.009349940895826919	0.9999496004480813	-0.013670945679742318	-0.00626712968927431	-0.012728926498622133
0.002971886021003404	-0.0017026026813681625	-0.009520354966005652	0.9999486139384167	-0.013368218406423833	0.0009951040946660976	-0.013214292965938013
0.0028110141944219878	-0.0016497455344280402	-0.009680617300054338	0.9999476522535075	-0.01406717339484061	0.0033010056064914804	-0.01355702731421166
0.002707775917428358	-0.001615824860479069	-0.009783464439813	0.9999470350969925	-0.014515722467903065	0.0047808004471909474	-0.013776974487873309
0.0025166206380828194	-0.0015467864830736003	-0.00994592954824747	0.9999460282299503	-0.015010121661039334	0.005412251263826176	-0.013484468419184114
0.0023939481845110184	-0.0015024816269588763	-0.010050190301804204	0.9999453820801704	-0.015327398600879075	0.005817480045637183	-0.013296754863722629
0.002260889551113361	-0.0014252876733239599	-0.01020928935308945	0.9999441918495361	-0.011910277542943375	0.004714746966981919	-0.013284226924120582
0.0021755001803188652	-0.0013757490378991156	-0.010311389964959006	0.9999434280294088	-0.00971736596990819	0.0040070763608926405	-0.013276187213720286
0.002068442905046035	-0.001350603879493895	-0.010476210458748768	0.9999419752453806	-0.00887319985277505	0.0022141404433900966	-0.013592316755261971
0.0019997397090046757	-0.0013344671644205611	-0.010581982763007869	0.9999410429279016	-0.008331462636996427	0.0010635373899465753	-0.013795190495576131
0.0019556499529955083	-0.0013241115496702362	-0.010649861338632376	0.9999404446219796	-0.00798380687945588	0.0003251465898860854	-0.013925383182782807
0.0018544532046191752	-0.0012844876788136968	-0.010824571918198054	0.999938794836345	-0.009987744761865909	0.0029560515848220384	-0.01426764679281594
0.001789510957359101	-0.0012590593596257015	-0.010936691110176132	0.9999377361012382	-0.011273756729116624	0.004644414950703696	-0.01448729187380872
0.0015391693720442847	-0.0011831799980934609	-0.01114164806319292	0.9999359062418962	-0.016831253099103192	0.0050835110324892775	-0.014553936496516926
0.0013273060692394435	-0.0011218015192064903	-0.011299059730421834	0.9999344983749854	-0.021076900856568898	0.005675263940725799	-0.014508527496743362
0.0011913443983632883	-0.0010824123449853845	-0.01140007747634424	0.9999335948879555	-0.02380151316752173	0.006055016890318357	-0.014479386614868438
0.0009093058787288232	-0.0010699673522348721	-0.011570647150996722	0.9999318932431391	-0.022583613421001944	0.00241599229091358	-0.014784465671881044
0.0007283097936427497	-0.0010619808723395054	-0.011680108948578027	0.9999308012253737	-0.021802035477558896	8.067579982679693e-05	-0.01498024784742362
0.00044342680318941766	-0.0011253848494678369	-0.011862367661857531	0.9999287026360703	-0.024077120046526	-0.003462802389259921	-0.015180111234292405
0.00026060530048644943	-0.0011660738718535805	-0.011979330811495634	0.9999273558818511	-0.02553713834741291	-0.005736802694762939	-0.015308372049947233
-9.25336746303891e-05	-0.0012463940334500804	-0.012194455579037129	0.99992459221647	-0.026614570965419887	-0.0038251981811029236	-0.015364903443230576
-0.0003191579388279053	-0.0012979388891715459	-0.012332510270220783	0.9999228186550909	-0.02730600519240449	-0.002598440454342375	-0.015401182036955754
-0.00046459234494491725	-0.0013310174101609099	-0.012421105823270974	0.999921680483472	-0.027749727873735676	-0.0018111779691286404	-0.015424463549852599
-0.0007347834335431838	-0.0012874563891768355	-0.01261615265210713	0.9999190971684119	-0.024881790294318043	0.0020220960642189276	-0.015421628933407892
-0.000908176519440057	-0.001259501433692778	-0.012741322478083562	0.9999174393418072	-0.023041313061515467	0.0044820706591729605	-0.015419809839732436
-0.0011751057532762683	-0.001032164838312217	-0.012957867092922137	0.9999145517810488	-0.017174220902244713	0.014420935135710864	-0.015222336070579502
-0.001334564110677622	-0.0008359267314465138	-0.013123439225228883	0.9999123899232171	-0.008791159484633625	0.0193632925649887	-0.01507524689775212
-0.0014368953045189447	-0.0007099924117876979	-0.013229693887821945	0.9999110025646698	-0.003411393275410946	0.022535013034052573	-0.014980853534460934
-0.0014237560622890816	-0.0005334955469859541	-0.013406357783055788	0.9999087925353353	0.003230754052021652	0.01756341738479315	-0.01508557984377254
-0.0014153240530460631	-0.000420230019991839	-0.013519730500570886	0.9999073742665303	0.0074933018216997195	0.014372933509357881	-0.015152787160053924
-0.0011556660613564788	-0.00030991999855816104	-0.013703573967632943	0.9999051943125953	0.019354593174983822	0.01030635149015353	-0.0153391009579878
-0.0009890325106696716	-0.00023912937729427344	-0.013821554121020058	0.9999037953439787	0.026966487116974594	0.00769665326130194	-0.015458666427513007
-0.0005164421706898134	-0.00018275308957144072	-0.014038309838660099	0.9999009573264288	0.031950047250468544	0.00629472628458161	-0.015500664078325871
-0.00021316089727850266	-0.0001465740336654222	-0.014177411179725912	0.999899136050413	0.03514820924310392	0.005395050259152833	-0.015527615752836024
-1.8532435753035483e-05	-0.00012335639839480486	-0.014266678412412397	0.9998979672581417	0.037200605493364125	0.0048176899799223846	-0.015544911785925434
0.00038907564140914	-8.847021017060192e-05	-0.01446143321747329	0.9998950036018182	0.033672077454709334	0.0033199494260466103	-0.015510764529940227
0.0006506550395404737	-6.608226294832877e-05	-0.014586415639398009	0.9998931016939537	0.03140767129500824	0.0023587857627280174	-0.015488850786859283
0.0009572891143070591	4.113228549525046e-05	-0.01481355056218257	0.9998894829011434	0.0225687100049147	0.005984773811629587	-0.01607646943791416
0.0011696961837179148	0.0001134853936475446	-0.014990836337513282	0.9998866545879862	0.017599146979928558	0.004588491848136228	-0.016622827338412242
0.0013060068126985753	0.00015991745312780614	-0.015104608141875812	0.9998848395404862	0.014409967525738438	0.0036924384672169658	-0.016973448385411975
0.001407472364352574	0.00017933588075541693	-0.015272280592485664	0.9998821933780014	0.008032687564360357	0.0012682871959106593	-0.017127221727698816
0.001472587114083988	0.00019179750969779667	-0.015379883118474378	0.9998804952240112	0.003940116421943196	-0.0002873935328467233	-0.01722590460613118
0.0013026759936027935	0.00010027028188708175	-0.015601623697256931	0.9998772762718815	-0.011919813384190939	-0.005704331610467956	-0.017204053218808697
0.001193636818174569	4.1533376254416726e-05	-0.01574392403521608	0.9998752105324012	-0.022097803285604435	-0.009180610618289918	-0.017190030256387143
0.0006830371549194528	-9.464109726885834e-05	-0.01598381915893344	0.9998716258428236	-0.030225583824243226	-0.008178642633536255	-0.016642361683832957
0.00035536368600631906	-0.00018203003488028428	-0.016137770038674313	0.9998693253929484	-0.03544152546168181	-0.007535637263702294	-0.01629089952295034
0.00014508171765464654	-0.0002381112241023501	-0.016236566850430963	0.9998678490983303	-0.038788816525488046	-0.00712299343484428	-0.016065351341609014
-0.00034029385967534196	-0.0003848016489739836	-0.016467400423444658	0.9998638068740573	-0.038219635897010856	-0.011569333576269443	-0.01591086439601512
-0.0006517799623787748	-0.0004789391187628099	-0.016615536121627826	0.9998612128066445	-0.03785436853708438	-0.014422738705476362	-0.01581172356806376
-0.001108594430632659	-0.0006740208338812662	-0.01682108642661413	0.9998571501538073	-0.035659613638165014	-0.01580711666812267	-0.015743577795238925
-0.001401751657778452	-0.0007992130478877464	-0.016952996778913043	0.9998545429754527	-0.03425114629494222	-0.016695530746594665	-0.01569984576134476
-0.0017171132954914166	-0.0010297927755792198	-0.01715493291107492	0.9998503812239323	-0.02691842639554113	-0.01943966889941879	-0.015952690538683804
-0.0019194942393623965	-0.0011777655704513638	-0.01728452389530405	0.9998477104477451	-0.02221270890503421	-0.02120069878721954	-0.01611495176060486
-0.00196742015081258	-0.0014227174846314652	-0.017485630341278823	0.9998438406136498	-0.005770805174828257	-0.019552802920636	-0.016269308295952956
-0.0019981762417072813	-0.0015799135213917172	-0.017614688880677735	0.999841357173348	0.004780662087133489	-0.018495278221960707	-0.016368365434082578
-0.002017913730233821	-0.0016807928880901665	-0.01769751122145511	0.9998397634473121	0.011551986333213644	-0.017816619751542535	-0.016431934602689022
-0.001821462037833811	-0.001740946968562744	-0.017890156235470682	0.9998366006214772	0.016240662987484347	-0.007766773422503086	-0.01580881440993776
-0.001695390651275417	-0.0017795503943691124	-0.018013784714980725	0.9998345709009475	0.019249585739437365	-0.0013173606131054202	-0.015408931742937346
-0.001322615464803826	-0.0016659241021043433	-0.01821389237743853	0.9998315845844596	0.024436459636603437	0.007122557565986544	-0.014554349360503024
-0.0010169268965774109	-0.0015454412491951006	-0.018365347366722358	0.9998293432413646	0.028788730786552343	0.014331799346883483	-0.013961241452368617
-0.0008207535718259776	-0.0014681222903344692	-0.01846254245965113	0.9998279048757163	0.0315817678525257	0.01895827568944658	-0.01358061894184619
-0.0003716282286664739	-0.0011614296227959223	-0.018616391551867693	0.9998255205650176	0.03981602350157157	0.025703045922338446	-0.013306872861664328
-8.340543934598851e-05	-0.0009646119249112242	-0.018715123042227208	0.9998239904505551	0.045100294735162104	0.030031451164773428	-0.013131198386819927
0.00036914589902443506	-0.0005772843598855256	-0.018877314331305017	0.9998209763019997	0.03721693260703453	0.03249518086216975	-0.013566563512636064
0.00065956729483892	-0.0003287198269042591	-0.0189813993633692	0.9998190419954622	0.03215784463438315	0.03407626074629352	-0.013845955786637956
0.0009308418672180883	7.279531476795122e-05	-0.019154072934714154	0.9998155349889679	0.023458899925434457	0.03303612545382424	-0.014279560318191137
0.0011049302706306915	0.00033046461766872626	-0.019264884892075756	0.9998132843944026	0.01787641800510001	0.03236862650318739	-0.014557822744149677
0.0012190796179758008	0.0006859511142110501	-0.01947044247253151	0.9998089930741416	0.009295234758496855	0.024395699094217745	-0.01466899063628841
0.0012923340975791223	0.0009140818825124595	-0.019602357493781995	0.9998062391477452	0.003788325365192976	0.01927913328049474	-0.01474033178955356
0.0012266125600380365	0.0010573450992286662	-0.01979212783464395	0.9998025175696292	-0.00373295861516864	0.00994436847728758	-0.01469687250367142
0.0011212448070147246	0.0011143841676643682	-0.01996479907076721	0.9997992096519496	-0.008746013339369325	0.0023229678222358692	-0.014482537867649544
0.001053625849093527	0.0011509885580765916	-0.020075609529526632	0.999797086821987	-0.011963103262329064	-0.0025680083579751782	-0.014344990237396289
0.0008326423875322754	0.00108325647183712	-0.02024443896818158	0.99979395062906	-0.018196060313057656	-0.006053927742876953	-0.014040910906392394
0.0006908279238072811	0.0010397899181891384	-0.02035278398245803	0.9997919379983319	-0.022196013320005904	-0.008290990121482836	-0.013845770297428745
0.0004122011529632324	0.0009255495826714069	-0.020520108717744137	0.9997887287430034	-0.022518803832210832	-0.00942927746573705	-0.013852432581555066
0.00023339453183829513	0.0008522367120950502	-0.020627488100060598	0.9997866692287021	-0.022725952200068497	-0.010159764752656307	-0.013856708051970021
0.00011864673620701387	0.0008051887323431487	-0.020696398005831014	0.9997853475487175	-0.022858888097106712	-0.010628549439604982	-0.013859451802729928
-7.388220561679062e-05	0.000663999169357762	-0.020842332092272365	0.9997823996168862	-0.01776387982985968	-0.014651803411094778	-0.014038942677628313
-0.00019743619668536656	0.0005733918360456996	-0.020935984187602452	0.9997805078043019	-0.014494196840996676	-0.017233696193300105	-0.014154129587941556
-0.00027749787422401537	0.0003993660925834947	-0.02112988950927034	0.999776472911027	-0.00806761783155995	-0.013125728168681818	-0.014548045730403044
-0.0003288768497575317	0.00028768638900321007	-0.02125432678165623	0.9997738835460689	-0.003943409398205646	-0.010489470784111719	-0.01480083843306118
-0.00024516633065664194	0.00023248090900083714	-0.021469963138616464	0.9997693075465927	0.0030347223180952664	-0.0039339800279332374	-0.01494517475838874
-0.00016097363243366118	0.00021483136484728245	-0.021635527201811985	0.9997657744732747	0.007963477665883033	0.0011639143001095772	-0.015027321390461635
-0.00010694360564537578	0.00020350490348502998	-0.021741776686147296	0.9997635071516869	0.011126469102143568	0.004435449396647139	-0.01508003836979696
6.392820875069584e-05	0.0002903182312610584	-0.02191865716925239	0.9997595970069141	0.012791372645660194	0.00933541884836413	-0.015098069867655505
0.00017358390222611678	0.0003460300272282218	-0.022032168880381075	0.9997570877003567	0.013859811892229233	0.012479937153708928	-0.015109641444911264
0.0002958928761780501	0.0005172120116992117	-0.022211205130616148	0.9997529908418687	0.011297721696215445	0.014084768092949906	-0.014964137239261334
0.0003743837343945822	0.0006270667544723927	-0.022326100288997924	0.9997503617146198	0.009653519706657464	0.015114656200452072	-0.01487076101668396
0.0004920292374499852	0.0007314121266006449	-0.022527020770637438	0.9997457149292776	0.007473562812641799	0.010840990741086362	-0.014392247729335747
0.0005675273485182686	0.0007983749793215597	-0.022655959968847665	0.9997427328886166	0.006074591977077717	0.008098398282025708	-0.014085165449274895
0.0005244836732499992	0.0008321264653189615	-0.02282638381128306	0.9997388622252767	-0.003331416763405738	0.002467632632231684	-0.013107955313284857
0.00043658142082255515	0.0008333267431559718	-0.022973949428737653	0.9997355319935903	-0.00796777957907542	-0.00045167513567835496	-0.012137711005636183
0.00038017081570337717	0.0008340970123730885	-0.023068648546761446	0.9997333948443262	-0.010943130321107847	-0.0023251187980461345	-0.011515064065473585
