48
0.3591611197356644
0.35037940271601026
0.34886268026532513
0.3527368120363046
0.340986257236675
0.33309543909671074
0.31702849780421793
0.32509677167905987
0.3201724055260375
0.3254009946320147
0.31040323643384576
0.29695341292932237
0.29124158450940285
0.28127142201300753
0.28020203017473483
0.28221979327469976
0.28274467282166726
0.2856013383114124
0.28722305727917646
0.29568955458338136
0.2959089202877809
0.2952739907385349
0.283070581849522
0.27697705444874815
0.2578505940169115
0.27452895991056964
0.27280166998059135
0.2827422027644601
0.2827850513835457
0.282218013304509
0.28726463126816437
0.3097104652481844
0.2984098164881447
0.2990823190961324
0.2932119105490429
0.28882749278862474
0.28766044557582565
0.2940466520290009
0.3051179804546402
0.31482809039831156
0.3029473234398847
0.30439450987189137
0.31299653973041847
0.3048167994797821
0.31241331595009036
0.3287491782935347
0.33263134465241745
0.3209313207790942
0.32845481933428433
0.33906851009439487
0.34326613755203833
0.34382823644240096
0.34055707178715483
0.3385849613549859
0.3342993499212037
0.3285502708752281
0.3277374223964944
0.32946163833886855
0.33118983725918333
0.3487610660696073
0.35088763478309315
0.35569917400016005
0.3395205817406164
0.3508600611644361
0.350550977419457
0.3485019753204543
0.356475449832625
0.35870215750105805
0.35937070453636716
0.3603927896228514
0.3531607891641165
0.349326166033249
0.34744166347015876
0.35103236532169196
0.35554167497891737
0.3465372884150057
0.36416684945309563
0.36623579833509784
0.3611191358404975
0.34737971459063927
0.34757613106014174
0.35390530828254
0.35965898618605796
0.35888055437557514
0.3642394227980386
0.36439736512562054
0.35013222980187636
0.3349435050539318
0.34198904054015405
0.35763362237751967
0.3598055472110908
0.36364357777442263
0.36440055815822897
0.3601135161181865
0.35022039265685123
0.3519806370654029
0.34284691507990955
0.3435883427308661
0.3412772454590874
0.33805784190517413
0.3427789964835523
0.3429492396135869
0.3420513523269921
0.3641312340070464
0.37338694665214917
0.36778265342265476
0.36547291222738515
0.35018793826478417
0.3519675444730739
0.34877619362430184
0.36470114636748735
0.3504229648631901
0.35149693813653343
0.3527973087702381
0.35085984288647104
0.33999602243941657
0.3381667286647589
0.33348512851739387
0.334774588329934
0.3354326013505735
0.3358935251602198
0.31419639062812454
0.3104392601417924
0.3122491115524927
0.3128753584048744
0.31995472733599356
0.33661877959181913
0.33221426294779915
0.3470652912582415
0.3433546982421643
0.3392667162769078
0.33401524797818
0.328318065222074
0.32429030532607944
0.32821359349446133
0.34036030678410795
0.3488274240234481
0.33553710934677156
0.33016375275117454
0.3302769381210999
0.3229595092675835
0.31254396667152884
0.3190837914889287
0.3160508248235708
0.3244627652638602
0.32533011426513353
0.32640090896177093
0.33604019954076625
0.3541218201909245
0.3537528061134035
0.36437711277989626
0.3467676594051931
0.3483201483874409
0.34723897814725874
0.35643660879781863
0.3685771415651938
0.36562291159651933
0.38726926689055574
0.39674853956422873
0.4027640498320242
0.4033829240976834
0.4121702348790604
0.40551178479248334
0.40555477151826885
0.40654225713030284
0.4135141074198825
0.41444227460543964
0.41628287306749234
0.42355729480939774
0.43165580562954436
0.4359890008863341
0.4492844376007466
0.43089986551872106
0.424303007041744
0.4121662801047011
0.4103601483738331
0.3930095009008499
0.38887568412663126
0.39272021700814214
0.39270383173273465
0.39753158521234316
0.4028421540953033
0.39696861103397607
0.3821809845170996
0.36629627304411483
0.36331549061553275
0.35815660466189375
0.35082499743794954
0.34858658454117863
0.34307287288085503
0.33966729020666087
0.3649729937398785
0.3747442819135572
0.3603837133156737
0.3563656265541492
0.3428619648514486
0.32303054691658706
0.3229773070119193
0.3180971149309004
0.32099896363413033
0.31227484075437
0.3135878664788754
0.3057523641477968
0.2985380349372531
0.296095687932779
0.27398346485645414
0.2493483300623185
0.24365535466216484
0.24915304258944315
0.2565136721327021
0.2568689156673147
0.25718861000678933
0.25599370177452263
0.24876235928371748
0.25559879803558044
0.2532404150643085
0.24750769294560981
0.2516741761298609
0.26316329100566455
0.24713170192730738
0.2535904089960729
0.26125011955192634
0.254689255753834
0.25101760675974816
0.24870762419080475
0.26282305369809317
0.267904562752947
0.28122039869139664
0.2768221711356232
0.2681315702480888
0.27069864847506636
0.2712264159656262
0.2754840777759029
0.2782873022919167
0.2821809407098497
0.28665505570761207
0.28800853476581145
0.2981205367661099
0.2955568787805794
0.26647804091572186
0.24879967063197897
0.24631978522815604
0.24499094619144027
0.25518965349442096
0.25527344778289646
0.2586158228860334
0.26096583642781374
0.2569734052899141
0.26804096964177465
0.26614881256652967
0.27260725596919483
0.27290715360288437
0.29161355348120294
0.30770695282941934
0.3116012833862561
0.3323912209018341
0.33644326177224787
0.3154869578418662
0.31191926856007185
0.31169762615906954
0.3115232173309397
0.3110812697918221
0.3027723844042549
0.30201448019852334
0.2991248509493532
0.28702703015052
0.26993507846530235
0.2951021916395948
0.2945158372344812
0.2943285118172524
0.2990055144288957
0.29996502563542066
0.3163759033804583
0.301017971196345
0.3037215032435328
0.2893225745214905
0.2911475523145592
0.2910662247305199
0.2938081965071608
0.290651393641187
0.28520454197911543
0.2846853804422166
0.2825488612904572
0.2964107782163197
0.31080920361439873
0.3125426324974962
0.3246004609296047
0.3289719464620596
0.33329770587690105
0.33240312340379674
0.33429276555395254
0.3268818812045108
0.3361650025200245
0.33618452852493413
0.3330657123631163
0.33015358234802916
0.3170407574585203
0.3261041611132412
0.3200713602044655
0.31831260010423196
0.31973244002312895
0.31216665041414854
0.3120313511735446
0.29621859750546414
0.28810292600757176
0.3001206187601496
0.3054296569514133
0.30518916494209186
0.32294129193552196
0.32765793720503095
0.34159066069049326
0.3453057374650248
0.3516724740915465
0.35838372873705976
0.3701529342656012
0.35532341018125474
0.3638889534057515
0.3670686603914893
0.3677885356984209
0.3701694251808334
0.3717209837733315
0.37468272243737705
0.3713068445556876
0.37282278249504336
0.37820387781489123
0.3860542908569185
0.4018358019678891
0.40652803169415686
0.4134604541826452
0.4110354389567447
0.40933596405101547
0.3955407509587239
0.38114965408947454
0.3841718914799566
0.3809584321259219
0.38843593490568495
0.38375672877424444
0.38831184975688754
0.39931917421751767
0.41124276523129377
0.41079540521210484
0.40769816872113757
0.41474974393256253
0.41153036867550047
0.408808187101705
0.4261553965950929
0.4403787127604592
0.4386103571248922
0.4231269272799028
0.42110327822204346
0.42944172090442034
0.4299286120417079
0.43382564961843495
0.43923607867546344
0.4340667987349764
0.43598734291942703
0.4189360974178465
0.4145790160000347
0.40277089284216777
0.39845094810231374
0.39339157103228156
0.39036999935668376
0.38071249042933736
0.37053632715877377
0.3575432793524469
0.3444672338156282
0.33911411175814427
0.34325586290532084
0.3402581216040353
0.33699134097908634
0.3266293219353649
0.32582939612561373
0.323541385804204
0.3189995084569385
0.29914841941181053
0.29543199907016254
0.2920041501088791
0.29549406636570213
0.29635165948189474
0.3147968821195775
0.31726676572048795
0.30204512582449844
0.2991410986038351
0.30578468234961714
0.3127084897773817
0.31509426752749653
0.3039378089705234
0.2893754396080299
0.28427744685328665
0.2861679013737568
0.2856945343552409
0.2850143243293532
0.2899200427376442
0.2798120480037805
0.26807241134750576
0.27201608575939745
0.2787795939750605
0.27843377116535273
0.27911130529913714
0.27629704625986273
0.26717596945734173
0.2594913891220319
0.266574819976389
0.26735152595476863
0.268596126650994
0.27116789676683056
0.28495753194348183
0.2963939392293348
0.31332183183177137
0.3141979176747296
0.31414916703210843
0.31642576177809084
0.31579308960699953
0.33313870265543394
0.33496338802440095
0.33045484301843625
0.31751945084395006
0.3183185835667503
0.3214727497871975
0.32301531915400233
0.31930591914670947
0.32492479906710525
0.3286541193843441
0.32917460721393643
0.33447981332789195
0.3352050161650339
0.33722677658675915
0.3149059551029798
0.3224981014238159
0.3246076708135565
0.32234769901912125
0.3053295501060286
0.29984260568784077
0.29309373125345234
0.289434984744466
0.2907949299467207
0.28649592351883585
0.2851254929000537
0.2732366062621319
0.27838627823298095
0.2735253795690091
0.2598649268339322
0.2813868420788953
0.281722222078079
0.2701607249765035
0.2624412984917938
0.2487085150947179
0.24461134644725843
0.24702878386693208
0.2536947820829568
0.2656040265537453
0.2728665141910098
0.2714915527042963
0.27879391270682513
0.2605686184810236
0.2557897138699599
0.23744442076113334
0.23277464393405012
0.23050207432039918
0.23936811767186925
0.2561091530304706
0.2647873926295581
0.26664771864155323
0.267472034369203
0.27492127089710233
0.28874634095624685
0.29120335890565946
0.2924356591881905
0.29245879963777316
0.2956843197018087
0.2989978417070663
0.29989114945822204
0.30695693380721795
0.3058498720753059
0.30763235714758647
0.31537743352603104
0.3366428252237333
0.34422138288712684
0.3402985965537797
0.3416099826458148
0.34748089574161495
0.3533479411094511
0.3596784358738099
0.3601367451430039
0.358428118276277
0.38639147976502475
0.38714361136067815
0.3851898489685895
0.3938872628878836
0.39637252259712913
0.3729974430452494
0.3655421686654132
0.3643010978992309
0.37021163841477756
0.38509108140526077
0.3922267550526331
0.399068825756701
0.3830803374418698
0.3741075367566508
0.3774158418018027
0.37803110941570334
0.37269620433739664
0.37334299628781836
0.37984824246156984
0.3868539814312024
0.39106081830883127
0.3926984177642183
0.38564587379335163
0.37760274275462646
0.38095581040068466
0.38298198060859573
0.39282927784716665
0.3862235801431026
0.3756376930951158
0.373031707082582
0.3846135077987829
0.3835964430945933
0.37259891328255185
0.3686401475052199
0.3665237986507747
0.3538751133741098
0.3651338731225849
0.365679569492849
0.36345656453492853
0.33417948168231654
0.3381602061099645
0.3426812593792732
0.340695306667441
0.339281557968015
0.3419715243101686
0.3378163876127511
0.3435736320995724
0.3474044906601454
0.32186947883539724
0.33159619310810146
0.32988184669835147
0.3209957222506283
0.31630295751111775
0.31389470518721135
0.3144638272407017
0.31476586731948736
0.3094770521960479
0.2972824060362763
0.28911345403244987
0.2890683888026762
0.2902202572270105
0.2801912155026679
0.26717975674197264
0.2899580216162509
0.28527518691348336
0.29853302466447057
0.2902192446249756
0.28832169343928166
0.29069600499795833
0.29712785507045
0.2993947895121195
0.2901149010067052
0.2631237794781344
0.26645538825983933
0.26054906242444714
0.2673897528581388
0.27552303177341037
0.2772223391823682
0.2726322928436247
0.2868553122126861
0.29039068200796847
0.29796099713332624
0.3051546210979557
0.30934207589047724
0.31813227353672935
0.3148576505706312
0.3084149349376352
0.316032993760961
0.3019814881568969
0.2968874842641107
0.3003999145219614
0.30287332260066263
0.3029366989566399
0.3050679540266845
0.3021245188133474
0.3137196002132932
0.314862888044343
0.30513732645660885
0.31197301819791207
0.3117092107319392
0.3109250690443534
0.33357000477929305
0.34223414014005904
0.35036070743726194
0.35553603117380717
0.3783378713662033
0.39285187435212787
0.38609589013663176
0.3848119973233439
0.3860529931881939
0.39803982627717555
0.3759674638298169
0.37856567266685887
0.36799174294288245
0.3757918392240475
0.37373449809593823
0.37098509739183
0.36826320276705155
0.3733578715751357
0.37920948181865
0.3866633604754588
0.38026270661108064
0.3810431924319855
0.38049250998208733
0.37554521366656085
0.3743094351578004
0.36871902814792784
0.356285801592896
0.3524048862874532
0.35367409286373297
0.35142866937200107
0.345340512944953
0.3372947461138725
0.33698604464532006
0.3392316764833571
0.33750758836420197
0.3629019619729361
0.3632476500793332
0.37904455317420044
0.38420213142681026
0.37641811891140775
0.39162851926313297
0.39312303836399054
0.38084835610020407
0.3896834922334384
0.4003789516011926
0.39231553768056515
0.400177328179183
0.4030926129967214
0.3937848238940708
0.4013994760823454
0.39732649240095386
0.39859305729585986
0.3773724137728977
0.36964554275399975
0.3683896687891706
0.37676073812048744
0.37898488819413667
0.36821134640898684
0.37665186104883036
0.3751299610108232
0.3779626112139492
0.36513334278065535
0.36538064997475933
0.3815431642828154
0.37843154028960385
0.37420630425674956
0.37451999708329087
0.3664207866035591
0.3779942084631487
0.3873515496698758
0.3788844470670061
0.3770096907293022
0.3733214011260053
0.36880481030948037
0.36780702089485406
0.3701705973234532
0.3856828647704323
0.3797345253843822
0.38371876308567815
0.3720432195345795
0.3720663397944675
0.37432589787027726
0.3670741083757714
0.3435510227866863
0.34781983479308815
0.32840041657515956
0.32423643384052575
0.3259797453798303
0.31080843769996047
0.30868082910910927
0.30762746834762833
0.31588315796619343
0.312903167538768
0.3167398589826824
0.3137531293363917
0.3132831621915066
0.3218974735613864
0.3093313407501075
0.31089600408970247
0.31526792940309784
0.31197842952761695
0.3209834830692677
0.3207636766786878
0.32201847420495666
0.32386014960727244
0.3234635522591282
0.31951749949852964
0.32172328648588655
0.318466666043596
0.31935599456529606
0.33743079382782143
0.32285239636257895
0.32349444955008055
0.31936555353540075
0.3205936158343199
0.3236511098165939
0.31033219332410816
0.2939364023825774
0.3010849046062612
0.29873221283029283
0.3039069953213596
0.30547666777503235
0.30995658391134073
0.3126094026966529
0.28621935775552
0.29300030675909133
0.2906973963675838
0.2874945867329021
0.2895804227954543
0.2873285713242271
0.28679772406748305
0.286666765737595
0.2838315413211811
0.2882777869387479
0.287762956004952
0.2879492476362902
0.29229251491012065
0.29366395941208184
0.29386964106414964
0.2823145096895992
0.2868378351709022
0.2852256949359978
0.2799754111704919
0.3079949434672943
0.286295774518914
0.2810871158910632
0.2739670318736004
0.2793413205458977
0.27813215000596186
0.26170154006347773
0.2754762186791598
0.26710095991121435
0.2838608951692531
0.2978615875490369
0.2920375256944809
0.28836221497105624
0.2870892803403398
0.28929615445432605
0.26833247032094515
0.263459476480101
0.2603883197061355
0.26456791222665715
0.2582903541017982
0.2547678647290751
0.257354264794093
0.2705571833914688
0.27532227319948654
0.2794315061261918
0.2751905898348919
0.2768984910613141
0.2704993846690034
0.2720772105753663
0.2703840124899989
0.2701202169325629
0.26954024340208144
0.27252108744548736
0.27600923466027527
0.2784334313475112
0.2796240416942308
0.2862484272821149
0.2935490512761188
0.30991678678539136
0.30394552875977204
0.3147717603666517
0.30896745770031603
0.30677924037203175
0.322582715540153
0.3245965944574585
0.31381508143405673
0.3142781555431708
0.31532445753785726
0.2910800662608324
0.2910843388589095
0.2927922136476675
0.292964190351165
0.2904523489486651
0.3122024510501265
0.3189366902001362
0.30718443935936013
0.3100667363156126
0.29821082891829304
0.28677661080315064
0.2865353897621477
0.293465391326952
0.2923740275816825
0.29116471102054536
0.2931295545382498
0.29297239691477556
0.2963700503775523
0.2882615001293448
0.28705801377562307
0.28599121580094716
0.2942654132699794
0.31014983704604027
0.3034809685676161
0.2992265103819615
0.30194068069191066
0.3002342133333245
0.3010397132767236
0.2955072398270018
0.3009664735683532
0.3160610806081214
0.3177146753005355
0.3138056816322892
0.3158701263246491
0.3143748902138567
0.32459367703959435
0.3254681050475958
0.3245331806665284
0.3150103265540603
0.31509323521336075
0.3144798079782255
0.31589600365803694
0.31845199560009196
0.3124944806852748
0.32323821169579353
0.32244743013179716
0.32363697871744157
0.3379891535199097
0.3437201324979524
0.34463858166542455
0.3440741052243949
0.3539077828533199
0.34198250499255883
0.3342358375063261
0.33440718742626757
0.35697921629487767
0.35515127222380477
0.3490039500081259
0.35264204978573527
0.3643173775596574
0.3654502351496496
0.3682662937180569
0.37928038527348634
0.38644830627251464
0.3978663551088794
0.4102038386595244
0.4203349092202284
0.42274228787593754
0.4275695228912359
0.418039401755097
0.4028311580431158
0.3966050815786313
0.3948285470996152
0.39104789660279066
0.39380296629778494
0.3960328326170728
0.4002348444994846
0.41899160410319647
0.41566505591876224
0.4125097424860886
0.4187774667133736
0.4156316006299913
0.41310588875922516
0.4005031139745862
0.4066128985427874
0.4020474244730677
0.39427946540826847
0.39851097994237894
0.3872156314311279
0.388475700064167
0.395213624718393
0.40537786710360785
0.4034472676505069
0.4064194163067832
0.40387598071361386
0.39491125093571505
0.3836896995613209
0.39000266369986103
0.4002027288430508
0.3913098833306736
0.39250637628336255
0.3821113252282817
0.37811966769691363
0.3536623201475342
0.3612376836506804
0.3626901749862022
0.3603439504826327
0.3630636853024826
0.3581169621913724
0.3598210574894274
0.34674163537624625
0.3373968541288419
0.3289741847472108
0.31557599945354203
0.3164014331664334
0.3179065606103702
0.3168354078741911
0.32272334643649675
0.3177385953862821
0.33059332882774994
0.33088849064143483
0.3311880102950108
0.3365272814517417
0.35592756295309685
0.3558420433462333
0.34269667553602323
0.33027128680815454
0.33408966123447253
0.3348047543391672
0.3313207517846047
0.33566104987474493
0.34435518108307034
0.33647857527757047
0.3482118333137589
0.3518402454050509
0.36428793060417847
0.37164720311777183
0.37175005238783027
0.35894876164400413
0.33568603059293367
0.31614397389437504
0.31725430894066714
0.3161704424631695
0.3103634313043241
0.3105859971816437
0.3054474352848487
0.30781927550463023
0.3095201998425058
0.3103090323955087
0.3095331889953138
0.3232664009353727
0.33387142361999067
0.328789267711634
0.32484994774370707
0.33427370835382253
0.3199222525170197
0.3308171515594925
0.33314576844847404
0.3412983188558361
0.34458937137728424
0.34404398862869295
0.350187462655631
0.3571645315709026
0.3599667957304547
0.3652602078623782
0.3584945923780493
0.36267153623764936
0.35784540400543824
0.36040323038280003
0.36071769199088166
0.36070913273907307
0.34244888927612077
0.340989648825869
0.3405069876448483
0.346010704928986
0.35747764752431554
0.3604861612538863
0.3663429932696803
0.3641813512995389
0.3558954592400761
0.35237686778197114
0.3393579117055227
0.3325644298872295
0.31335696304378396
0.31309452851114844
0.32581432042952546
0.3292828032064172
0.34196595127889123
0.3436996734578767
0.3375907741749548
0.33933431232504563
0.3601015699464844
0.3628873673097013
0.3588807258520312
0.35074842376930576
0.3584026058132677
0.3539090998595409
0.3513561323694107
0.33896272874720285
0.32802296033072326
0.32486106856155944
0.32315535871025586
0.31023857227932455
0.3112187187289093
0.3072807186596826
0.31791499431073106
0.310972965897625
0.30735861139538306
0.31016693233415527
0.31242953551161995
0.2985682232636142
0.29340247934858504
0.30534751900896334
0.32080415342105745
0.31754779467503297
0.3194125985511798
0.3350039460460365
0.33520616964609123
0.34139040079313093
0.3518924833613586
0.35901377853181926
0.3597283090541928
0.36290739458230337
0.37035827268595695
0.37864347237887985
0.381959047001831
0.4065427266914448
0.4243861939099504
0.43142125704228446
0.4517594968869429
0.4583214167680054
0.4640748271805983
0.4779339303591901
0.46016572919414406
0.46019498167466594
0.46616845515961286
0.46395638901896313
0.47656300072252983
0.4846242794564093
0.464117379294231
0.4648553093585071
0.4763673054224647
0.47634958123751
0.46549589752719367
0.48349841770024593
0.4857899139651127
0.4921194268441777
0.49723442321167344
0.4961363784421449
0.49645788042158023
0.5006248776621123
0.5000927045754006
0.5071770539673387
0.48945733686157555
0.4963943096861145
0.5012007384311481
0.49570596973091763
0.4853200325525708
0.4853202846711419
0.48863311898996337
0.48382731259366146
0.474342790547897
0.466198569679611
0.45845191802343943
0.44686835101873057
0.4505029511808633
0.4374421960759876
0.4264594966565163
0.4160741920936483
0.4053444825141413
0.3911492358924291
0.36853634147312686
0.35395412086857464
0.34184649117236426
0.31499585015576065
0.29970411112339945
0.28891643955426205
0.26643062084252345
0.2598763072290812
0.2684280908723486
0.25865119720933877
0.2614377981809871
0.2740183982760326
0.2580692846920027
0.27544596914314873
0.2726979474595061
0.2723101628782844
0.2788246873390687
0.27700312947787425
0.2715585009324671
0.2812380471743165
0.3019093054304747
0.291470006342699
0.29894932515894
0.29038859445620063
0.2869926737112268
0.2883596353809728
0.3006261399519871
0.29896705346454017
0.3052319430128495
0.305902846591246
0.3073679110672396
0.30327001163003187
0.3028624812563077
0.3082763958295977
0.33168515729607345
0.3368574841793522
0.333828703302125
0.3331847198769644
0.3484324662400242
0.34703379204720447
0.3500250938145479
0.3425672123080239
0.3544672744158215
0.3514861463256302
0.3494420392547975
0.3506146913555252
0.351886151435915
0.3720926999832845
0.38437664941985933
0.3918151193126585
0.394685968516465
0.3975178660933554
0.4098997605180083
0.4103838905339334
0.4119945130875267
0.4152163955214629
0.4074189446761957
0.3971534841817517
0.3941580529526469
0.37852679669955197
0.375876601436393
0.3598522354361567
0.35052002455536596
0.36324630114840595
0.3708738947717268
0.3743523293407241
0.37130196887816647
0.36596292493062327
0.36964905604453707
0.36717714621641484
0.3680878264963056
0.3893635023506378
0.3904454995481794
0.3899536974777727
0.3796812578663575
0.38068824680079577
0.38613461762427986
0.3802215759838797
0.38012581183079086
0.3765186233983098
0.3859256246162057
0.3880120868231561
0.3685302876820617
0.3625016499977785
0.3651647865393432
0.34952688421864786
0.33333615770323505
0.33198352406469195
0.340529856286901
0.3425180069507667
0.3332474595814754
0.3621722654927669
0.38333277678364275
0.3978728754049831
0.41871515526983916
0.4037581488690463
0.39323596154224044
0.3909813900566644
0.39540671849296644
0.3992084098783886
0.3905271241295129
0.4018657841970003
0.4088122869186595
0.4133403654078444
0.41475674423424674
0.41643713461271376
0.4208358898981801
0.4197982657378971
0.4362210319854758
0.4414815312546257
0.4462286378329528
0.4340152708154326
0.4265606508129339
0.43817876299319386
0.4451296499399242
0.44016340802644865
0.4174968323272168
0.4192421565373274
0.41127220331743036
0.3956884291899294
0.40920107993777566
0.4138256472459798
0.41930758269261403
0.4154649566608182
0.4079982324372124
0.4241429807956187
0.4251924149567113
0.42676633303295414
0.41671290974671954
0.4105082342017466
0.41188065515690847
0.42565735634519397
0.42627848637842275
0.4262965654001398
0.4231570935096018
0.42628402671405086
0.4175754365305658
0.42372165279199536
0.4242324347730957
0.4033326369579034
0.3817464724569469
0.3649399243547729
0.34772904390462606
0.3442090500875015
0.36291034865658434
0.3548257343048194
0.35565130772282644
0.3755936259393948
0.3685098758489816
0.36314295338939634
0.3549105151672118
0.3461244341153562
0.3447867472433668
0.3398742588736945
0.33957378408873784
0.3396574357483501
0.33816752606686523
0.335589416282053
0.340014288177918
0.33077248802691
0.3407751326901302
0.32538759418672875
0.3243681141557583
0.31893288535117403
0.3223310355460012
0.32320306895504763
0.3214247562518033
0.3146938371572844
0.2997440161744263
0.299589975116455
0.29820466463235695
0.29941638906453405
0.29703956447959096
0.274955049908683
0.27733699036202947
0.2946691499825865
0.2997854553645923
0.30915335466014787
0.30733184747612846
0.29990687952263556
0.3089274100307613
0.3107452784750424
0.30865004049236855
0.3202853416188715
0.32259386651511357
0.3164913893661244
0.30935465562899195
0.3039337011637204
0.30333342981143707
0.3038192225327138
0.3017341034448528
0.3005648635752404
0.28515839084373223
0.28670648366769746
0.2806845841921736
0.2541724753293514
0.25657333321382686
0.25381178945726934
0.2546236561889111
0.2566729589699195
0.2608379326594696
0.27455208467431963
0.2757617692988676
0.28420704315913947
0.27783875952656806
0.28229034690138777
0.29355600269795307
0.2963377104524972
0.2907247482786817
0.29297985036867835
0.2899497669705321
0.2917868696619762
0.30116058068166174
0.2994785715996545
0.30647678429657127
0.30744343528290485
0.3218054400003923
0.3212275510284898
0.3324343242184151
0.3355537967548441
0.33594823137315255
0.33005210958546155
0.3254140272476125
0.3079522408222808
0.3056000206584965
0.2958568047958128
0.2937732375231213
0.2878121965468403
0.27485242392325987
0.2775082911102137
0.2770805805430601
0.2874962574020171
0.27984090479905466
0.2914692433414919
0.30068660044154266
0.30440130456298653
0.3147727076313907
0.31405251258463224
0.31454694703035274
0.3161710894594171
0.3162609848648863
0.3225595154295099
0.33182286921895604
0.3320404096145059
0.3320328533169023
0.33796069351474567
0.3415707675665482
0.3429333015202221
0.3387230993196834
0.33469490934158475
0.33113886195851466
0.32821516506589726
0.33628646480056507
0.3278739888294642
0.31422977773916044
0.3122967362690228
0.3008566661613226
0.3112932815729123
0.30829134415636744
0.307814727361962
0.29641501391374114
0.29191944744310344
0.2906960190619226
0.30937597294003305
0.30309165136041416
0.2979315982286534
0.29121923726671123
0.2890925228035448
0.2866454162842742
0.28906447686589704
0.29684394038785566
0.31794547428614567
0.3148704117838958
0.32269282812867
0.3229328011254702
0.32597194505210453
0.32395786842923663
0.32957603904217
0.34035181000270837
0.32540723776277614
0.3310000623050141
0.3253530585428612
0.31912910406920497
0.31689958609627705
0.3146288828021986
0.31423212981710064
0.31364507854559
0.31469446641873083
0.3130555709690276
0.3057309422997826
0.3007710084550254
0.3008684784286671
0.3020540311526619
0.2965790445721307
0.3023034105221887
0.30853003473989227
0.30154618731244665
0.2933198836254985
0.2948630271605002
0.29308022525290417
0.2795344227971694
0.2819445722605114
0.27787234472029226
0.2775774767121958
0.2784854555014972
0.2632321498395981
0.26124486898747484
0.26084940541246987
0.2615042648739728
0.2661892503533722
0.269872387041029
0.24996505451854253
0.24843661706202902
0.25055113404975154
0.25991365193570704
0.25936109194685936
0.2629654575144652
0.2607243781452199
0.2758199008307692
0.2640414155916363
0.26726658282905674
0.28467738593393355
0.2960929648614386
0.2947807944014151
0.29888203483720854
0.2895887971698205
0.2834887651748
0.2858114010211145
0.3045668206413512
0.30146476227403335
0.2994499264635056
0.2952840427035332
0.2972058254098027
0.30576131085704483
0.30779355301910966
0.3179021341150045
0.313563045874796
0.31971422507547165
0.31665531235904554
0.32198343096282317
0.3338551151637991
0.35093426622374485
0.34015097871802524
0.3340000219494601
0.35267243987190366
0.3544078172175857
0.36302198534701785
0.3600652530078236
0.36539028725104034
0.3621839989092536
0.3658529830514711
0.36928784839115814
0.37013599415526066
0.3717311920946857
0.37991570744105796
0.38964306990764586
0.397587046220274
0.39758289738426306
0.39646137066313286
0.3983338852157083
0.3928875732427199
0.4066675143342997
0.39301088927796785
0.4013155213390996
0.40298860441867806
0.4061020617707288
0.3874147038707962
0.3789405649325146
0.38065111607840924
0.3625918521644711
0.360098829275348
0.36916945100926607
0.37411502004480485
0.3903164690303526
0.40715285460367817
0.4102967124735146
0.39245546148155097
0.39419151265918834
0.3954270952201497
0.4199987494339772
0.4222067417546404
0.4253456575810924
0.4232637700340404
0.4104307621532108
0.4108931792847061
0.4047714377266705
0.40352093403962797
0.3982354035861353
0.3871644223039803
0.3661241082135461
0.36626206404119827
0.3626328391144295
0.3440284502331305
0.34245135708791596
0.3359671439762231
0.3525728421637462
0.349767058633128
0.3523955669134457
0.347528692160089
0.3484062508798474
0.35003560706452436
0.3484317021283338
0.34418417212965907
0.3357336148905476
0.32495801332368374
0.3206802219916939
0.311625388406783
0.31133018533938056
0.3076773341305646
0.2968530331990092
0.2968108618894527
0.28769284943768897
0.28214105852595756
0.28283053044091044
0.30195337033331887
0.31323840112524187
0.3153546919562256
0.32630807313000254
0.3213553846673441
0.3167739197200049
0.31631864635674317
0.3170208111227061
0.29825848491366974
0.2854432277568276
0.279368465663784
0.27347005647160466
0.2714949384310482
0.2486072407429033
0.2394670557520875
0.2402879953477349
0.2404735124749957
0.25351512545722127
0.2590498554245855
0.26801540715229816
0.26719629093504355
0.2699038108075514
0.2778731041515172
0.294357072309228
0.29782195566296843
0.30391386176388413
0.31765103391484173
0.31731191999282
0.31531863541816285
0.299551774794111
0.29327395743342016
0.29884171578950186
0.2988097730589539
0.29709295128642565
0.2943512632531139
0.29904113167304736
0.3009117391132005
0.30379505241716065
0.32407327200660097
0.341329123951732
0.3483669550560214
0.34854917494973575
0.3547205545685648
0.35530781001493694
0.34881248682155147
0.35161824334184427
0.3538062802293811
0.3513999950842807
0.33000599454668894
0.32332053872428723
0.31421254955366074
0.30021377867345095
0.2946013495324126
0.2936179119358897
0.29233195224987457
0.2756894561653004
0.2781088821753271
0.2782884022376381
0.28444908811209263
0.28281561278686346
0.28604111357169837
0.31157258367781
0.30992975972578624
0.30108486732999384
0.3028528210155955
0.29488832870788756
0.2984332921889896
0.3020791096886423
0.30350500437866296
0.30597328457160905
0.310206823541983
0.295926749273483
0.29517020609705724
0.291586162449639
0.3003103463947851
0.3064188483021703
0.3213574576865649
0.32857900641164234
0.34627731319652444
0.34787727180968014
0.34631777210679826
0.35166071624813644
0.35379752311156115
0.352279652948058
0.3483287707048137
0.3582434870572439
0.34574386449015
0.32927811760026987
0.32175699158272986
0.33022893868341
0.32913760251165586
0.3279412819084085
0.3468980279020077
0.34559072804570395
0.3721512713488666
0.37149474177022496
0.38261365602069186
0.3788331292682959
0.38566025810935917
0.3811480640292804
0.3855526583853439
0.3769054608973465
0.37291385643674596
0.3884883379825724
0.38305052648621407
0.3829386277732401
0.37829841229316324
0.379873313460172
0.38417051315794687
0.3588841303415187
0.36136871353817873
0.36176912008613477
0.3603787298503207
0.3658453655630706
0.3799171824441423
0.37008909405733886
0.3710262561666451
0.3821241221227028
0.36685816356022655
0.3681051623842069
0.3783296110988699
0.3783490371995233
0.35887703857361974
0.3532646960657377
0.33540934034139164
0.3299102440606117
0.3154520640873879
0.31032909280807847
0.31054753477998337
0.3037845162489357
0.3100352920598641
0.3108903996495391
0.3150201914541608
0.3028406814536256
0.29456148858452946
0.2982522465811867
0.3000359059303419
0.2944623020068043
0.3018237947541644
0.300678414401341
0.28285300603171254
0.282090284811468
0.25682388384101557
0.27219819082576036
0.26203776497818426
0.2588526730753529
0.2505616645069528
0.2504132185432359
0.25319717269722636
0.2591432979088016
0.25809019983619846
0.24157110675336582
0.24469196907093152
0.24335240841741035
0.24300352890787877
0.2408920114927632
0.2327736193015303
0.23263466305832878
0.22901345503866247
0.22557972934088114
0.2247643821235776
0.2139599507046356
0.1923823227583676
0.19226083755800716
0.1908814190410882
0.17724976133414952
0.1814582271766295
0.18261273464215466
0.1703871490076452
0.17245054232016788
0.17114791875149846
0.1723382067717191
0.19725682167730993
0.20927062420190964
0.21590183338276434
0.23526917444051287
0.2533300145550888
0.26227649019122995
0.25726883737614686
0.2582509903712379
0.27874234334969517
0.2876924868587996
0.30141447320835907
0.30330161246955617
0.30320030185373864
0.29891034647373244
0.3065861809863893
0.3052216449329799
0.3091335755671864
0.3071392143261288
0.3067625316364457
0.3026647946912248
0.31669569185658586
0.3202122323969624
0.3204034018979833
0.3212520305451098
0.3360308361084651
0.3345657171125765
0.3463463950746544
0.36230144747834786
0.3759429241836383
0.37937874734265203
0.39092923937773844
0.39140720766022263
0.39875200846466646
0.4165853825545797
0.4216660032307012
0.4231705420774925
0.4271085087275668
0.43704695384478126
0.44673327396466433
0.4437901310600148
0.4430601724652827
0.4440377414404533
0.442824091120569
0.44183897859206483
0.444216014713829
0.4433909277474973
0.4534792562928173
0.4509455970708393
0.4333139511408262
0.41999244454074774
0.4104550831025903
0.39557187264459603
0.37958672633013096
0.38224193607405194
0.38326435332499004
0.38010581283411554
0.3542818965485735
0.35384685838788776
0.34853499083197376
0.34674209428789937
0.3583395460565144
0.3695114544511446
0.366277099362363
0.38016149077404043
0.3790546227550287
0.4013902686443918
0.4083692835464705
0.4013101703503352
0.40019686887129136
0.40603384615270177
0.4241921362157479
0.4243005277709016
0.40810019280583126
0.4038076454633226
0.3947084235882152
0.38095483672251
0.37329261980700634
0.38880640797252114
0.38258464710280343
0.39165301688539067
0.3899820261742732
0.375822597299158
0.36999812761999595
0.36873392780243225
0.3621924744003906
0.35604050857181946
0.35881154771906093
0.3660246913255434
0.3776964772976949
0.3773592626032192
0.3791019084791752
0.38397227383403915
0.3946229948872757
0.39451286695382054
0.38961056442377556
0.4048605500957154
0.40434623262409214
0.4073122557708751
0.42127588739296457
0.411937639938973
0.4122653276013946
0.3975512923168612
0.41223185722612726
0.4228819544037515
0.4419860184548998
0.43579245887010815
0.42895090390868923
0.433498756104957
0.4388505879143954
0.4495543764178324
0.44029324421863075
0.43149389875087274
0.4333155258995767
0.4115563260613459
0.40665963710759523
0.4023531924561421
0.3873407467205426
0.3787313537448598
0.37104820661232063
0.38149005395414437
0.3768766290423761
0.3883498389400062
0.3962613045146796
0.3944790680260772
0.3849241781181462
0.3641460488455404
0.3682244979537049
0.36360699142230524
0.3590039283702464
0.35964206584774966
0.3609117548561364
0.36947413355118686
0.3880980936853186
0.3852106893468932
0.3723159736773896
0.36446261318831946
0.35199343380677584
0.3479021140789398
0.35140493692070396
0.3583594404995743
0.3491511551402157
0.3493552880370272
0.3638302317362567
0.3530748367314375
0.34770997014254146
0.34236749177784764
0.3299952611712275
0.33118161368325566
0.3347465025706553
0.345111782749241
0.3351586540634164
0.3367842071850002
0.3174130491922951
0.3155607219495389
0.3163998645505583
0.32941170946713105
0.3117114866349414
0.28962510978997125
0.28766704544470545
0.2870860728500701
0.28242090078047427
0.2955174811242635
0.2944161725130719
0.3067967179322048
0.3118831105936161
0.3173019075025776
0.30785215754137313
0.2986304477694948
0.2999015789839073
0.28815385124930953
0.27707883412890955
0.2939293970448698
0.3014762132111738
0.3063182737875482
0.2966251523790065
0.3028254580787323
0.31341939251326195
0.3121767258785964
0.33801955437306413
0.3344556822839217
0.32645094442017486
0.3491204269375921
0.36416112057367317
0.37199029516723003
0.3736644781341946
0.3783100012807347
0.36981961631916677
0.3656474969978227
0.3665786205754505
0.3690892947061992
0.3574998611665492
0.3612129079308972
0.3644118001724477
0.3836810011249369
0.39243702508484457
0.39399823027017017
0.3993834874554774
0.3936889377125857
0.3915717723577117
0.37884033561191616
0.37824994156805797
0.38071582117068403
0.3926434406373769
0.3685548452869176
0.36817604163433953
0.37018115156134973
0.36571693227364704
0.3588968435005168
0.368389692372275
0.37421654925311504
0.3844451896807309
0.3815567064140228
0.37936951559168214
0.3847822957758456
0.3958616118042337
0.39574852832160295
0.39660147491763076
0.39743602586291166
0.40794077126792855
0.4011855420870032
0.3947990282949007
0.4023635215897708
0.41574234320811937
0.40649576289720474
0.399747849959123
0.4026467572187564
0.3761028494685214
0.37051690368327844
0.35884686488531853
0.33642922301667966
0.3288491635185818
0.3477440424628284
0.366455662645565
0.3712160544942987
0.3900544183977992
0.3946803435479452
0.4047651317078047
0.4001450578436924
0.41156760667440034
0.4030285679399532
0.39885670113932287
0.3914685551168977
0.39250125083172854
0.39480248929580714
0.38317960305665083
0.3847410648225702
0.3907111014927134
0.40054765253490315
0.41010750888741226
0.4139352727178076
0.4007182669436256
0.40281154218427934
0.40489418687099626
0.40514717971997194
0.4069661092653523
0.42159645367166854
0.4104712921325549
0.3942581237815645
0.38774147666752845
0.3855564150721437
0.4028017256330416
0.394690972405177
0.3869404129950144
0.3953582472931744
0.4031311394266542
0.4056147734559126
0.3942278046378806
0.38674917394953384
0.39583741014818313
0.40736561060007564
0.4045455463860805
0.4041400412640112
0.402543995937875
0.4017828834760428
0.42263246519861325
0.43047038349218036
0.4313848445763515
0.43285731192713134
0.4264029097243367
0.4021852412043459
0.38142128224342686
0.3719822833189508
0.3538414232797622
0.3402548804482335
0.32781733631390936
0.32977365937688247
0.3175039152324673
0.32741114391346526
0.3486458808768898
0.3447865764950902
0.34378673381650254
0.3485639953280602
0.3521704542500282
0.34783472451383246
0.34001335361690305
0.33160829763122535
0.33472277329745886
0.34547426760540095
0.3538732016425927
0.355097574911919
0.3529197673916822
0.35169752237489654
0.3506719768340231
0.34265863752781156
0.3438571953034002
0.34246217034910287
0.33640868417936587
0.33135918893464206
0.3107770208332102
0.30872507607415567
0.3079553676772012
0.30744443757552753
0.3053350765617732
0.3148348226642284
0.31550503188690504
0.3132471251577124
0.3079606658167034
0.28771404836787523
0.3046112983208837
0.30746433808997264
0.32127129450255104
0.3293910445663525
0.3136459894087382
0.313077021697406
0.31319616008444007
0.31175486464845364
0.31712783340761314
0.3438959611610521
0.34510304538754527
0.35967919971855006
0.36774286572828396
0.3700412275423058
0.3760904778321655
0.3843330097970898
0.37801187715919693
0.36870192251429823
0.34884366991323684
0.34088297517253463
0.3465591955956869
0.3495825337221162
0.346518445191307
0.3475941514373653
0.35197019811415786
0.35840147029633274
0.34631259119234375
0.33635382604181285
0.3318382262131797
0.3302845284903295
0.34206817810463974
0.36216520226798005
0.37377999629203407
0.3792157240668199
0.38283760857232035
0.3983672791456269
0.4025019375092487
0.4142002212782476
0.4198093338554887
0.42411320486974824
0.4336237645075085
0.42566288024905163
0.41794706850250113
0.4143394689476418
0.4139812327302154
0.4150092536216594
0.4119176085498488
0.4121495699674124
0.3852856956920214
0.3864350116532251
0.3701451917525885
0.37175855157810184
0.37206272308765426
0.37277198005918527
0.3780146704602285
0.377421069979147
0.37666816359714456
0.34928082387856957
0.3577789904393236
0.3590933096953542
0.35259391736260864
0.3504924235949463
0.3416238753040437
0.32968664068144576
0.32780926128966936
0.32943185957908355
0.34802075403062077
0.35605916345678296
0.34116224360884645
0.3339140227812101
0.3329164230002787
0.3354825633468952
0.33951337866280507
0.3392173888085241
0.3527891264181229
0.34428160183879936
0.3397157559392919
0.34093176713886386
0.33622461819453936
0.3202498073987931
0.31216216780828165
0.30285135915201084
0.3021132668588431
0.28392137342297585
0.2871070543918761
0.2748612369321101
0.27211769077318576
0.2817898438028327
0.27162501640528525
0.2735914009447024
0.27342531406532494
0.2648919056019477
0.2668951304034473
0.2777350103038005
0.2758681969468873
0.2743832073317076
0.2735532646394846
0.2688994055909493
0.2687523029747525
0.2519520852340763
0.250659590081231
0.24258980187756796
0.23773021903734262
0.2417154191404776
0.24190636306591648
0.24139364615188977
0.2469714802264459
0.23240442895775837
0.23898375493657834
0.252484441539265
0.2546161300494227
0.2589523767679382
0.2630687701933034
0.26380814614068815
0.25494502503044586
0.2593940372997191
0.2587815171704361
0.25338144496440357
0.2577194947739274
0.2674211278103386
0.25275018645960234
0.24511347090820235
0.23135843496027508
0.23515653150166219
0.23883759742099328
0.2482270823570872
0.24423134407019143
0.24055420477127556
0.24001043511650821
0.2454272318640706
0.2521621003809364
0.25448888182729873
0.2516725860481513
0.2623592069495297
0.27023652157489014
0.2578101879966252
0.25585351179807764
0.25265739834476264
0.26053570803259346
0.2638302245810586
0.26029900883505663
0.24845880905665887
0.25044047062755787
0.2530953075949137
0.25188223647981567
0.2510118278861209
0.26096565141402983
0.26134274252630435
0.25662655880085267
0.26320778433730413
0.2624905573397606
0.25761672638447247
0.2537599403594167
0.253566407147929
0.23809014538907328
0.23797024305798406
0.22955104657110328
0.21320105673984227
0.21769795445150245
0.22640147637388833
0.22291615218236735
0.22619237865057581
0.21499797650332264
0.20561349171645057
0.20800103885116092
0.2097117725477062
0.23679505637506418
0.22738891579599
0.22750201212780563
0.23801321195675182
0.24732221130780405
0.25623253506500904
0.2537419326249051
0.24556328961774787
0.2615565217047508
0.2729378493308613
0.27617278920636146
0.27104557866623163
0.26856227284675405
0.26837990354070324
0.2641382975174349
0.26588624661255045
0.257344260011443
0.25876623018781425
0.260701557140203
0.2601815677697907
0.2566016976201751
0.2533197569655771
0.261391697421248
0.2694090076403555
0.27166489316973214
0.2757470356993851
0.28045752395928975
0.2885546869488627
0.28188431321534213
0.28763003682847793
0.2925919810102204
0.30242079669954164
0.30320530057204087
0.3043899980267436
0.3182190224125751
0.31934269253955805
0.330509102187098
0.330405822613692
0.33443144667111163
0.34292368837289816
0.3574837139629212
0.34671995790583204
0.3467726994283038
0.34839568553492223
0.3598463941151288
0.3640526345601256
0.3612753992118582
0.361133523407488
0.3336505177677136
0.33006812987546524
0.3403004115907006
0.33184212235121996
0.32932200829398633
0.3225763987949571
0.32530476745288933
0.325573658620765
0.31492968661258397
0.30168196685909315
0.3093439294486314
0.319158637473892
0.3138716866700592
0.32433112376677264
0.3277493804894241
0.31786397534058713
0.31741769166871797
0.32618442998600256
0.3427782403712845
0.3475250049943006
0.3431086057795502
0.3456603528602877
0.33816127506865873
0.3316060552530781
0.32785172784643024
0.3228780436326417
0.3296042878912263
0.3491599551207874
0.3490898772827211
0.36096976612185877
0.3649730479333802
0.35714253080329966
0.37338926729783756
0.3860318482102381
0.37181921923497624
0.3792179404963442
0.3868101763629998
0.38973990433303407
0.38461296949259866
0.3780525345271126
0.36951091254079627
0.3762063362564561
0.37733592154220646
0.37908860683516493
0.3677202135582986
0.366613422800317
0.38047833409596304
0.38677330260656023
0.3859021666985518
0.38697557707904773
0.3799554919525309
0.3806948802098477
0.37920629820192303
0.3829675574033385
0.38457967399249243
0.3918131299278807
0.3899673998234461
0.39476183383655755
0.39114515793057275
0.39648959199038747
0.39629346162765183
0.38965190970623564
0.39565162046503594
0.3963254977177703
0.4009040411977541
0.38802215769336107
0.36882774117232925
0.3693297860628997
0.3712848617408799
0.37917336191378687
0.38451978779464335
0.38166237933500446
0.4004889098390893
0.40647287222213263
0.3978227065776019
0.3797801992305582
0.37703452786709585
0.3607881558685932
0.3568874278865952
0.35360893763075696
0.3397700126458177
0.33795559794990093
0.35228280263097095
0.3433565146501034
0.3351449351352573
0.3315382087057243
0.34032997456103015
0.35207759013521583
0.34012427286819186
0.3479572376872459
0.34996491709348615
0.3577488820435821
0.3772831661185882
0.3855231102082539
0.37594619862281525
0.36793519948231085
0.3703700813959365
0.3674107879389896
0.36403349657759715
0.3598403609210612
0.3540505879264939
0.34633186160356755
0.3585478222747587
0.3484147146759013
0.34919088547925353
0.34877502715785447
0.33724739520622565
0.32227570022797725
0.33790945719737936
0.3335362575853193
0.3226712724941943
0.3205605676448895
0.31874136982182655
0.3198975030843748
0.3228104793826144
0.3189845840576862
0.3165143464604901
0.31266748484010654
0.30867450932185836
0.31378542786075464
0.30656808835602006
0.3052279433361811
0.31143962110756834
0.30479325874733915
0.3062162140501569
0.3124941720824211
0.3118137454224444
0.30759822520890456
0.30795302405092967
0.29547783900031105
0.2782405467799577
0.28008457984866625
0.2728236985276765
0.27538929274339546
0.2671311834466223
0.25461275044421416
0.2576980315637545
0.24141672115461263
0.239355359240384
0.2253919049024958
0.20760244057833332
0.20667789645647472
0.20374368402061116
0.20880510132178934
0.2069226318617868
0.2138146762500138
0.21710020147305534
0.21860480486162637
0.22340880450933734
0.23259431294648117
0.21986292292227408
0.231934036840723
0.23805661957594235
0.23645633754615766
0.23760992456156635
0.23843685813141577
0.22649261649071983
0.2284895310099723
0.22812847776892567
0.24476956947032324
0.24598432357528488
0.2505464600165795
0.2473396998122274
0.2591379621767164
0.26278511693063467
0.26568791676015996
0.2886182310719136
0.28668396736324725
0.2900191911990485
0.2958001502624518
0.29966123964453434
0.30528957434906806
0.33073830992167386
0.325608174111525
0.326648875681159
0.3272676891954073
0.33009325609924467
0.3443061657484879
0.34475646755102435
0.35201709423352795
0.3552929844547163
0.3693693915371404
0.3771000520839363
0.3846530887606711
0.3805646926514315
0.3806038063181056
0.37843827014090997
0.3816110441037386
0.38220166266345107
0.3720184915842333
0.3703584022438633
0.3935900800840033
0.3986114334778175
0.3956049398770487
0.4069473755858892
0.4126323624013725
0.40938699670663414
0.3963324438975919
0.390650115070638
0.396928562531655
0.3860612672967505
0.3840519321797687
0.38518250229817674
0.387255628816117
0.38310914576601407
0.38280584809096313
0.38387678754485544
0.37653992679655274
0.3884633471621877
0.39115952063290527
0.39463987169439235
0.3806146877798238
0.37873851484201504
0.3777897572212408
0.359592602895432
0.35962501284052556
0.34697434852378706
0.3345151717653055
0.3314756282023061
0.32517497866157563
0.30073036210042087
0.29989225977204265
0.30609209516825014
0.3264655616560978
0.3323637719363008
0.3245351993861762
0.32670230564415426
0.3260779570760099
0.3323175119396798
0.31560441861887883
0.3160377924332432
0.308617732768901
0.32346945301220226
0.32553223709003437
0.3265554488008052
0.3243041371455782
0.33300668825646373
0.34854851779601087
0.3543261691828648
0.3259763540202935
0.32283860372438067
0.3282232222245562
0.3227315833795148
0.322214545475019
0.32398861217041564
0.33162011784518824
0.33246803067487124
0.3134153619712356
0.3118973676735403
0.3116546631137609
0.3293741046606037
0.3251635501529209
0.3377843404208383
0.3471497184524825
0.3489747489059483
0.33738882417440436
0.3224773688262127
0.3211175615994455
0.3328333450936945
0.33613614291402333
0.33626130058309656
0.34574041600608757
0.35340873220611396
0.35080481137179803
0.3496176620526032
0.34845999586363824
0.3431820398274268
0.34204455997537275
0.3449370186902714
0.34465924786285534
0.3348143433851067
0.33004971031495756
0.331415273410741
0.3431500283468288
0.3479055437568204
0.34892082514780215
0.34278968952574745
0.3481150143592671
0.34492068784253366
0.34558974189953245
0.33887525468069496
0.3580244225527604
0.3725844188008574
0.3709793397089649
0.3645960097741845
0.3463354796060321
0.34075623109361386
0.3418545573552038
0.3381842242926237
0.34498542665978277
0.3397724351088684
0.3360286543691855
0.33893777788595375
0.336327209097095
0.3384711917870382
0.3434318328254146
0.34806158201206916
0.3500183932662722
0.32940387207267713
0.3297460638743756
0.32419947700754176
0.3269698070679482
0.3404532669067704
0.34298427122922504
0.33982594238272856
0.33211321595175153
0.31755443769085206
0.31635848194167715
0.32622821946177927
0.30762620932470913
0.2986696428605157
0.30440414391853615
0.3091393390292601
0.3119450994821657
0.31663237843131475
0.32580320607831864
0.3265557503172895
0.339089031552157
0.33808119583010104
0.3232240979830843
0.3105090419796086
0.3080285314598202
0.3198018182929058
0.3095993663924862
0.30270286730989965
0.3001694853986488
0.2973337096665449
0.29641469922834984
0.30662917149782803
0.2878231537066705
0.28117500877462814
0.28172482716364716
0.28711784542659424
0.28880636793395925
0.29163849435669215
0.2929414027350113
0.29403233884756297
0.2781016096691968
0.27889846788872774
0.2876470775852914
0.2897455147669061
0.29472219872893823
0.295008026552999
0.3040610727231483
0.29975392642072646
0.30380618827456035
0.3109119331709801
0.3090546496978109
0.3009040431218976
0.28615945144489285
0.27318529452910967
0.2703556172363568
0.27134803536960445
0.2960847284462491
0.30327595574721655
0.3047251989428647
0.3024601977782296
0.30282825051480955
0.3006006298962202
0.29799907289298044
0.29820680841937336
0.30824197797105274
0.3126692721603303
0.308272937827253
0.3119740071997616
0.29997658653952025
0.3136442401278717
0.3155448549453795
0.3147124023798386
0.3029456251915214
0.2866981854217325
0.30054845795096474
0.30402951762414315
0.30119943406776994
0.30348155728257636
0.305480907715683
0.2961075165685759
0.29494232633007805
0.2868112126951193
0.3069884045468772
0.30001803791950016
0.29872901893627285
0.2950162872733297
0.3027438377570348
0.30437441671052756
0.3130059928475399
0.3268595405121319
0.31996819836613216
0.31704161648587653
0.31023640559644594
0.31403163911764365
0.29872325272325967
0.2984192538026588
0.31627949709786646
0.3285902369762068
0.329742430380924
0.33701949366656975
0.35249497384014644
0.3488406106194771
0.34808042015981533
0.35053846143812595
0.33704976152114163
0.34322126757393656
0.3482585903179192
0.3507878478708109
0.368794508653386
0.36612946771638494
0.374779202180243
0.3819721325840759
0.3709875195165974
0.358935899410477
0.35650878717497475
0.3471784117142196
0.3637726134101121
0.351099437369931
0.34951170508672424
0.3518301881347104
0.3514219428863023
0.34863574416995474
0.3374783855888491
0.3369586382267569
0.337724814841399
0.33503669807263475
0.33181006692407045
0.3229734351131503
0.3247030417304679
0.32764182466307445
0.30753965349112394
0.3116570889601394
0.33118260956667145
0.33283372138809014
0.3310506237364203
0.3362293480533134
0.3329836007603057
0.32038646989251635
0.31604471999971606
0.3099369460877086
0.3072353892555465
0.30262800484050495
0.30619342107531006
0.31339802008976914
0.3206608942132228
0.3064289883443501
0.31591552623277724
0.30811369688715545
0.31326142668235485
0.32120302286719343
0.3361239859876182
0.34318469962324133
0.3445014188537328
0.3349687342931656
0.33034161457516764
0.32446890887379226
0.3074776713396266
0.3085442105668645
0.29736787602134956
0.28456511715044525
0.2836406587847574
0.2831537535350856
0.28120005054269054
0.27982179381030203
0.2646147146542884
0.2717784863988745
0.2898159865000562
0.297317894053857
0.30065417110095527
0.30776351040587857
0.3155783599158835
0.3226982625785942
0.34111431101343853
0.3387321434549689
0.339658442210867
0.34515026589927206
0.3445622001235822
0.3419680689394811
0.339714832112154
0.332296013395476
0.3139958317032416
0.3249248921113961
0.3198002046756909
0.3239006703191712
0.3238249266512094
0.32761623218306873
0.33380992694753847
0.3402351056792798
0.35145769413132766
0.35168281589322675
0.35112083353595597
0.3489037747634973
0.32098685413317635
0.3272894255366207
0.3286496925119194
0.3291045799902061
0.3199323468931101
0.31264326381999324
0.30266501442690336
0.2957799607874431
0.29000050890596474
0.28808268820719335
0.2916342897291165
0.28971625308976856
0.28867106058640524
0.29228132851578975
0.3098016971183874
0.31120576551500534
0.31470812908817986
0.3301983617489958
0.3359669528552753
0.3361959254139059
0.3354812857438007
0.32643458945163817
0.30817202531080795
0.2995561122877127
0.2993926599281233
0.2922240052977223
0.29201174538390245
0.2906042831723579
0.2883959957873526
0.28873447529066265
0.29344250834740093
0.2903004856801518
0.2887862900631446
0.29089001874173387
0.29359752085450536
0.2951394088363254
0.2981563346671568
0.28579525710256876
0.2933306863053402
0.280232421123329
0.2778957603772095
0.2751064249973842
0.2768313925817513
0.2736179737297422
0.27346410406066807
0.27466941478264156
0.2724570541081137
0.26624646361433446
0.26882359579432663
0.26287007477185137
0.2569773998492251
0.25848810533731104
0.2516390182571385
0.25958431634116347
0.2604566349743097
0.2619782368241232
0.2598539224298792
0.2663867274426049
0.26528902931696446
0.260828358931993
0.2694221206475113
0.26879913263206434
0.2506098330143891
0.24843715363383775
0.24411666033998033
0.2293070492408581
0.22686815466764407
0.23356610222391014
0.23165742724394822
0.2551816627487435
0.2554309217118534
0.26622387597837743
0.2725478334162276
0.27812690164978693
0.2725402943234015
0.2707334009634465
0.26056419968260847
0.27035857975050404
0.27465087099257546
0.2760729270039825
0.27741703565847986
0.2824183028514445
0.28173695568576346
0.2812306009321214
0.29130073831531017
0.2986527033145861
0.2928904081540657
0.29597406719200153
0.3138196377046874
0.30882550792556657
0.3053094828241524
0.31331334238079495
0.30574313718458196
0.3024754978550016
0.3130802413577284
0.313541089869836
0.312876173928332
0.31148147903482987
0.3058535142153056
0.30561338114107955
0.3103891577100028
0.30414390259490176
0.3225601595733704
0.31824477246380695
0.3158953229759902
0.3075617529506619
0.3052021699074196
0.31256034365413027
0.30376671074857853
0.3137477492681731
0.31558993114595574
0.3155640906284271
0.32542889670340736
0.3244268295790144
0.3272893262385907
0.32107519275378876
0.3204873061618048
0.301141539626631
0.29965968309650776
0.2972709833323558
0.2853063874462362
0.28694509641345645
0.28534091644517584
0.28378759089612
0.28221819920444075
0.2817063906596853
0.2887276972312344
0.2927475763777284
0.2919987273692011
0.29077114441349355
0.289181062489955
0.30051719416995426
0.2911023303127816
0.30301292041438604
0.3038908883152182
0.3135724906607418
0.3074209883522784
0.3078800877478349
0.3048832968548351
0.3162543496638151
0.31995189913616073
0.3210034721922062
0.30991546123431096
0.309334971353695
0.3110194717447751
0.3135649238938064
0.3158413613288252
0.32871164105592565
0.3247394581979285
0.32768176562129975
0.3050676280941314
0.3095844465759038
0.3080145646560057
0.31619185898726127
0.3122885721281311
0.30826144470201816
0.31334788686098847
0.30122911747235065
0.3042057935695198
0.3046629838072112
0.29372971707770906
0.2945518712686032
0.2887607003290075
0.29178838021823433
0.3008374120432585
0.3064634280933855
0.3137090227744817
0.31364574300654097
0.3180223017957375
0.31105969756262813
0.3149935507189979
0.3203985608391559
0.3181398448931757
0.30881140528620493
0.2940888161717536
0.3027866059227584
0.30288651112248716
0.29816338382286967
0.3067302946192056
0.294808154030886
0.29273663581956
0.2765253167922666
0.2785702998555678
0.268981232525773
0.25384622282075103
0.25148240943214484
0.2505060906923474
0.2279967435343768
0.22251107602288978
0.22124415858431093
0.22181539071185233
0.22406609010939846
0.21862294335258373
0.21375693027406753
0.21347412479363725
0.22317555458179247
0.2211223473066455
0.23158408483225237
0.2428253380548112
0.24426774427423578
0.24525023996173578
0.24282361852434997
0.2437343213939297
0.2418671907547273
0.23963644232775483
0.23949972334338054
0.23805612652354172
0.23862366341972466
0.23890547494007344
0.24598407915643505
0.24395700624002117
0.25665703493654884
0.256475124125321
0.24867451426756337
0.26015006311125544
0.26057639545177463
0.2599380687918877
0.27579517406388243
0.29087926875776005
0.2814047960586165
0.2821922412110414
0.2920437070295901
0.29393783530173206
0.2894883095962025
0.29021106385936485
0.28956639552797725
0.2802580820102363
0.28095727259456493
0.2792241954084917
0.2784072786452907
0.2909370747929461
0.3007087435283826
0.30907676256504196
0.310137597683786
0.319704692017658
0.3217445639305209
0.32051513515460966
0.3217838242775575
0.32343465186623055
0.32309808030278037
0.3212940108491646
0.32091942192074097
0.3226976688320435
0.30294276404687787
0.31151368569859295
0.29547428830127814
0.28273983534110625
0.27712317052542995
0.28801615552962073
0.2819178915483386
0.2877559344036488
0.2902233616517142
0.294539206179063
0.30767666668412236
0.3215488201005848
0.3245592360206441
0.32732316709729414
0.3196731644301721
0.3390919184149872
0.3249619481854907
0.31557599373322137
0.3162994403264062
0.3062936394938702
0.29868411948451407
0.29678702120879125
0.28435831404604184
0.26525766658654965
0.26451376004423977
0.2609737811140347
0.2506531143025525
0.24911828230647273
0.24516521618711082
0.26656044846070776
0.2666886271333601
0.2835431794973981
0.2872821354090264
0.2943649952050778
0.2967458042637304
0.29726369886247783
0.28862500699384486
0.2848032995348506
0.29697823360989695
0.29195307282322125
0.29719408179549767
0.3071321947030231
0.31271267612848386
0.3280738966478394
0.3324265508065021
0.3332134775534577
0.3331822702247951
0.3305216792900389
0.3261070311180641
0.3262268947143683
0.3409635880356326
0.35470781397564594
0.3573349422102596
0.34655198577427165
0.3493538845627832
0.3447872461352918
0.34463478081591753
0.3528040914850937
0.3392054990192274
0.33515741397996185
0.3346345171683496
0.3352244224287169
0.34732385842766034
0.3296680199131357
0.3323348835321071
0.3404852911592228
0.34339741522714706
0.33513747615875844
0.34752124508886456
0.35469032072698
0.35331519557754515
0.3504497327868092
0.35641594053035613
0.35708672216560156
0.36451665650721315
0.3642931664862363
0.35728590735419896
0.3382420200214184
0.3502528738495472
0.35214019357081033
0.35684613169783086
0.351924320331245
0.3555564977779299
0.34380901273579134
0.3548970895879248
0.35390165235580184
0.3448588082527548
0.35706719166183504
0.3664945454018575
0.35572477539013136
0.3590282786611028
0.3529612449934667
0.3513144951204972
0.3541343448414182
0.35580266051059145
0.35989593480491183
0.3634997463923106
0.36004021402072084
0.3509965866296618
0.34453249744902587
0.3551011952713645
0.35498596528903986
0.36121969485639766
0.37117903214448905
0.3689054532567233
0.3554562561200241
0.35744340716550954
0.35229041583411647
0.35271230539268705
0.3778583830704483
0.3656630647753974
0.365938603188275
0.37389185348177034
0.37618968989946117
0.37975508147518894
0.38221935790320843
0.37478616801148407
0.3787974598861141
0.38353549947498905
0.4057557002700502
0.4149279295373061
0.42326414679443936
0.43998610447286063
0.4547027023840416
0.4556255338287127
0.45087130380729
0.43909086995182306
0.4203012423640112
0.41511088593109663
0.4334457643321635
0.43143099969914567
0.43535153216606476
0.4233645247546725
0.4205445447289642
0.4186143323324294
0.4157323680862893
0.4062234140986631
0.4090378333440134
0.401997096716713
0.4086163622080083
0.4197566908656217
0.4348824042705403
0.4331513953453854
0.4335922827612589
0.4294594754229876
0.4265169960243489
0.42306429358502196
0.4227239000193921
0.40850557410936994
0.41303266889469153
0.40332653791307566
0.3981321649283223
0.39881871048319145
0.40063426572446975
0.39869059070160273
0.39102117748241555
0.39017418294401285
0.37724962958105085
0.3979535860318268
0.40039308221591097
0.39504850670337693
0.41157487362769585
0.4134701962457108
0.41063997403436486
0.4049878896079913
0.3918883914148885
0.38782800057583144
0.3808868571119162
0.37394177281355995
0.3742231971179213
0.35595211128043996
0.33962969807221444
0.35258348729441286
0.3563208014900085
0.35375276678503664
0.3535914828410833
0.3503396213578443
0.3289720256384976
0.33936988283705477
0.3354134078259181
0.3313740124409387
0.33483934739400767
0.3338374040730308
0.3218561483330142
0.3145981125373419
0.3179561437939003
0.3301482374624266
0.3282760284654959
0.3178171324071349
0.2996210117785269
0.30409752402343565
0.2978685444962154
0.30275278307215875
0.2984439916484594
0.30121130745081165
0.3027088939510178
0.31484499956380585
0.3118022751723382
0.3139238996890021
0.3142871798956912
0.32123455633103376
0.31923216251586917
0.3241880708022851
0.32807473916075813
0.32746307020304094
0.31252664062582836
0.2910860603732805
0.2860193405137972
0.2859406140437891
0.281681788989352
0.2757262283181047
0.2752303912699291
0.283109496787245
0.2940941414174038
0.29817104863868676
0.28877876825040044
0.30401053357055446
0.2958685657205911
0.29835430543214136
0.3033244390764436
0.28867381425043354
0.2897896837125761
0.30441450644235585
0.31088818431571325
0.31732021146225803
0.31716970489931
0.3001897925414963
0.29227989969095874
0.29469065151458307
0.29309641997039204
0.30055743348940717
0.309765011133656
0.33937391749808726
0.3335985097493011
0.3185608444037054
0.31058928958806414
0.30779414040105235
0.31070893412364164
0.30856997449359264
0.3249169313290658
0.322517937135476
0.32714735848309834
0.3276736868809544
0.3190381821887944
0.3096590189712976
0.30959949005077286
0.31151320641778474
0.3057723104374147
0.30108685214113323
0.30755400627861845
0.3272372393507094
0.33233932773992164
0.3385415362565605
0.34409885456026457
0.3511405171511064
0.35323036915257217
0.35535892818591636
0.3532012064066587
0.34866428870459126
0.3593916964034183
0.3576091190422727
0.34976140124116367
0.34583481501853125
0.3438997233778294
0.32043760541839555
0.3423743436200642
0.33403302387735695
0.3316162844605241
0.34184163897738484
0.35538728435700184
0.35495831288401636
0.3601645373571736
0.35908115182734535
0.3643425796068107
0.36900327036921937
0.3757213920794347
0.38324530348175107
0.3868924811855419
0.38516184337788834
0.39549213761274066
0.3665267073184555
0.36854624106547273
0.3749466651497703
0.37697677419661274
0.37913512157103285
0.3803369141843173
0.3832262651164145
0.36626043158431965
0.3820867559963152
0.37931470344194523
0.37406184265882364
0.3745627845427015
0.37475740846425704
0.3761379402236742
0.3785812439505675
0.3885495782769492
0.3889114873203033
0.3850473084247818
0.3614278821339907
0.3516111605091667
0.3448281926531949
0.34001694585443804
0.3362629963363564
0.3369711652427001
0.3309778476917539
0.3140703289808766
0.32466598075249864
0.3227956440988076
0.33306883806887067
0.3377765380185325
0.35108266494369283
0.34720981999587314
0.3491572677586338
0.32734686862860385
0.3325027003591429
0.3383949911934923
0.34383214904721143
0.33784130842493254
0.32382941031855195
0.31868036810044925
0.3152672266134568
0.3117493284867899
0.30951010551445696
0.30913749041802524
0.3025603645566378
0.314625881555292
0.32734178445020495
0.3118050750118268
0.3166263265416131
0.3199151119703327
0.31394150863942943
0.3274576838965108
0.33417299921163895
0.33229937880487653
0.3336730383329
0.3355049688635754
0.32220266555017435
0.32808000913323226
0.34072853100445943
0.34728287545310366
0.3530668494243623
0.3534096225537384
0.3469315302939169
0.3357737703660004
0.33324826315636885
0.3320956135239845
0.33053561873019854
0.32993089118899177
0.3337467162437065
0.3396320953326193
0.3433838767435688
0.3547416969788572
0.3523606739881979
0.34944290471284206
0.342011974049443
0.3460027103933343
0.3301847431779208
0.3320097639329704
0.32213988133892574
0.32662944980011904
0.3348532701396298
0.33481846074509286
0.3298558247645236
0.32343500798504793
0.30759714953676054
0.3118809430092156
0.31856965041304713
0.32372966255379665
0.3343575536856269
0.3407378861965713
0.36266166203046396
0.3649811319051439
0.3698207885147409
0.36887847159666504
0.3499895045313331
0.3432818647307531
0.35795947716138304
0.3703134976586087
0.37089462439067455
0.3520494236816021
0.3481880008908535
0.3461014963898004
0.34260859440894964
0.34952863296977293
0.351653085216187
0.35390659244052397
0.3427082584626553
0.34105591390775175
0.34054448926467384
0.3383167920921755
0.3517089446354839
0.35540780298262914
0.357337550045191
0.35418502019969195
0.35628298260405417
0.3629977166140656
0.3602188333088739
0.35300059238921483
0.34582601842349264
0.33198175140392244
0.3335130471341811
0.3468602344193143
0.3470511948088792
0.33572351373810094
0.3341688729592333
0.324596045591145
0.3205114452242758
0.31984139736664935
0.32712250195233666
0.3270785925549971
0.33424751584235185
0.3386766444425402
0.3421123122561158
0.33643970019426633
0.33536872710093846
0.32383546504573585
0.3147103329224648
0.30982811116273434
0.2869941657577977
0.2772438041335637
0.269429701102411
0.2598136257593842
0.2596721277577477
0.2612873862586585
0.24472108650682103
0.22797919636054684
0.2288424404047091
0.22397875127500974
0.21723209578559044
0.2177996535822246
0.2226078932473667
0.22007870994847686
0.22761111526162314
0.21870229323308324
0.2169208125526397
0.21647195207426773
0.20957151445122624
0.21037443144571635
0.19984520450589838
0.19819514071747757
0.19479901354696982
0.19474909230630402
0.19335664551289902
0.1873620056597871
0.18914566514970296
0.1885766072999958
0.18879934725733183
0.194674934617213
0.2078395808375643
0.19462092710076173
0.1925094550850793
0.1963435002571767
0.19617828983150865
0.20119816853083852
0.19832189416902835
0.19373520398350008
0.17609073019914231
0.17463435115934267
0.17274833819967073
0.16596300498005054
0.1665969707346784
0.1585902585843421
0.159099368810474
0.1619167518302214
0.16300956394435204
0.1595091198962915
0.16903857487109145
0.18403439134733
0.1908047243641355
0.18332470117815378
0.19411388824396078
0.20637997197772076
0.20703222112430142
0.22013955902710272
0.2225345293522618
0.22863673345268457
0.23103804637559874
0.24283811042958414
0.24202309183593673
0.2399474406111909
0.24639446885616
0.24802073010677292
0.2545485179139176
0.24991772188258657
0.24812119457554097
0.2482395479129458
0.24904456412811748
0.2489939935428519
0.2525972759571617
0.2527465787218595
0.2520894993641198
0.2515541820758649
0.2499439024528842
0.25548479762788506
0.2806433667534322
0.2751815359925521
0.26522251389120166
0.26629508781460837
0.26876431217900826
0.27869060524598865
0.27999952519731347
0.27573935521640364
0.28727279968405617
0.28829264963849527
0.28827373993080374
0.28925917769090376
0.28382954606230026
0.2834427591300695
0.2804784725971293
0.2903154722693606
0.3065162265682175
0.30363820343691755
0.3025540436733694
0.30828133222889603
0.30363994257222876
0.2960278363177213
0.28932714955217975
0.3065308241530494
0.3006354129549363
0.2920960697224709
0.3060447233354867
0.2966631681118767
0.29604518818974707
0.3054187327013482
0.31808152634992315
0.30887749980532153
0.30500280339278313
0.30120535210417404
0.281504632108895
0.2799366087068337
0.27383627133755123
0.28274793495805706
0.2909114470573299
0.29079524016227376
0.28727277144697166
0.29318933360730653
0.2892972044093995
0.28936535324203994
0.29064026478226446
0.2946465914215084
0.2971864114277373
0.2960676363934385
0.2779048372996927
0.28849010546635084
0.29226502214812483
0.30538695760316503
0.30429506494079456
0.30145561023468254
0.3007992394660108
0.3032109102250233
0.2916699835909321
0.29115925248174895
0.2918296604077384
0.29299139058566565
0.2945193797205242
0.29538417054435445
0.294271977449062
0.2817648863395536
0.26144387474230135
0.270977386563426
0.27182578730461376
0.28571916568027045
0.2818327420791615
0.27527769587807077
0.27509923079245413
0.2629144119851516
0.25837625424780236
0.2547121051658588
0.2553205557260914
0.25086541504278165
0.25024055448303667
0.23601449974190478
0.22009569753108063
0.21909563186972478
0.23098432680086647
0.23307545709739821
0.24029669617960434
0.24138322303585535
0.2409789208281384
0.24181813260140095
0.23499556756766005
0.24106526735062817
0.24266213660985278
0.2348538284729164
0.23544552743357397
0.23668737153002584
0.23802907734093773
0.23479380192069566
0.2310969296848969
0.22746203725564132
0.23272988162024322
0.22659356693162727
0.2220736337220989
0.2148303125806521
0.2294459392988061
0.21984387040808598
0.2261321117265838
0.23008988200715022
0.23509449196107526
0.23859864703813116
0.24503553616724236
0.25146638755208456
0.2528496958092185
0.25456049264169966
0.2744990315372719
0.2783266314800065
0.28026369810390434
0.29969771545085244
0.3034897323668511
0.2849204815845595
0.2939666233571085
0.31154962386827983
0.32860761013030887
0.3337253382823637
0.3340709509368613
0.3362693392898719
0.32595440569519757
0.3498825084175275
0.35487702798367105
0.35929327210659623
0.3690568534181878
0.36611746036531434
0.3553254284883653
0.3588029384157605
0.3541751548480358
0.3511370396019699
0.3567630920558616
0.35042970244906785
0.35505444110367584
0.34559076678330225
0.3489467842885683
0.3526196163767911
0.3547524567468577
0.35306644235225604
0.3531031994290168
0.3686822527260594
0.3671245415766526
0.36948090872812106
0.357072359174118
0.36360924541628653
0.3703447155468884
0.3710458205634932
0.35556691519659883
0.3553930715335425
0.367563394160173
0.36996111410848026
0.3835316146330705
0.39028892299027834
0.3861283743725528
0.37753960483914484
0.3896505641128716
0.39040250763243584
0.37881471054567967
0.3919505129111236
0.3934874633734353
0.3777562586496024
0.3695574200277764
0.3721926263581965
0.36249574838593795
0.3445864960296303
0.32961524624147903
0.3264432490963682
0.32549187774820626
0.325045731387497
0.3173176487128678
0.3002862416895015
0.2914446976380249
0.28773682878211354
0.28084154349655693
0.2804370756002517
0.28433343747154355
0.30459388148001004
0.30270799398289
0.30538513999804723
0.3025984599626999
0.31241567596236813
0.31021326170836133
0.31621956266786944
0.31252157616826637
0.3145777427071062
0.3118828251590143
0.314241547810127
0.3123298210273859
0.31072145670131396
0.31417785175907587
0.3109798765534156
0.3158586015573891
0.308373014243474
0.302472787992608
0.2938069739799621
0.2920455961603246
0.28968354946045555
0.2893722173379923
0.2924767721058275
0.277470296287809
0.2712431060991894
0.27745316144496524
0.28030653723410354
0.27398062041261645
0.2717630208124661
0.2705904688223206
0.25867877501949027
0.25737592660376435
0.2525943733083868
0.25753690511269595
0.25716582503211116
0.26215870954884185
0.26152874443353785
0.27498391547358714
0.2734921964013875
0.28329706054307907
0.280778541666882
0.28120117996805116
0.27506175678470596
0.27565638060732167
0.2737027999711948
0.274883706260936
0.2925373803877484
0.2871016635228165
0.2636710784560569
0.2627905842780918
0.2784702148665354
0.2781485769192569
0.2808671299135595
0.28379338825692163
0.29040720101530554
0.293380474307802
0.29663860443954454
0.310060795220745
0.3092275382660666
0.3088111721095244
0.29509597730478343
0.3122630230806792
0.3123885413006077
0.316692531746817
0.3145111250382369
0.31914408895105556
0.3208694797778628
0.3216102034076937
0.32153204941140406
0.3031640727782799
0.29668244799882265
0.29574469750824595
0.30020583696071107
0.30237591825203797
0.305352757149745
0.3146825485792339
0.31908696224640615
0.3163382996263742
0.3140556031492012
0.32166286566093744
0.3148749429349325
0.3209360957587488
0.34189521318159327
0.33929846428593113
0.34322848686015334
0.3347656839332039
0.339315866770239
0.33501774127043027
0.3446601504545351
0.3647984226828751
0.38317248385100094
0.39079207285411927
0.39306369375913114
0.38874429125302395
0.3738705240937599
0.3834356608232465
0.3809298814623965
0.38484942048506604
0.3745637705011722
0.37961633576342785
0.36317394520739127
0.361609388240008
0.3492057993389733
0.3462017286163171
0.34216425952706886
0.33341890222121884
0.33354588721043915
0.3323698727830917
0.3319194629136793
0.31085925940058606
0.31405123496196885
0.3053535579089888
0.30575839028654617
0.31173673593557666
0.3331259338626626
0.3359119312185663
0.3425034316936743
0.350061660565969
0.34393644841955123
0.34547966691017
0.3370538225481352
0.3388963544408488
0.33924131857137363
0.32737431330315186
0.33223653201723363
0.3349796661198721
0.3331248220334839
0.32175895014034445
0.32633604727163235
0.3288075317853767
0.31247956601734544
0.31338771514620084
0.3109655036412616
0.3208486022618535
0.3194603447353031
0.31492879717742045
0.30792236505177056
0.28865248215610434
0.27254525076839264
0.2662637204326554
0.2666732655905523
0.2857175839244878
0.2873536896738272
0.2930268096967638
0.30059442834166034
0.2990562013387614
0.30240612910833137
0.297967137961376
0.2980065923534877
0.3089032550352539
0.31332167135168526
0.3146854853121421
0.3095373994323042
0.3065881054622201
0.30755111857764006
0.3140261757430846
0.3139007001073381
0.3303909559086805
0.3483665568156804
0.35493790997573466
0.3638328951907804
0.34686098885459615
0.3290423924578112
0.3253326064325173
0.33246968911875696
0.33284921829026937
0.3466498527042599
0.34415009318576767
0.34449012462128986
0.34826922096353896
0.363145410753087
0.367504275538896
0.3648391166368046
0.36399613350491905
0.38104891930660206
0.4063853055468887
0.4064022616442964
0.39157671453525095
0.39989509091127884
0.3958135942493091
0.3997165676466358
0.38912186756852324
0.38267718191274364
0.382152599948143
0.381540633687995
0.3811140696903532
0.38009089485896225
0.37834185141123067
0.3764245655772736
0.37007810587656537
0.3825366109766281
0.375371045087406
0.37529476202747253
0.3738101027066057
0.3667681033258432
0.369523646585441
0.3818861768875808
0.3911346046852627
0.3982343680382113
0.3978633695479554
0.41438105339575865
0.4318073888077036
0.43889591093102204
0.4344922718704977
0.4501994882030816
0.44699160855815734
0.4264407006925419
0.4264396448952303
0.43121472696932167
0.439722964712804
0.44817825602963696
0.45474858129973444
0.4458021839854483
0.4516519287912741
0.4483583808933363
0.4541903438591908
0.4643971120479125
0.45256579804110625
0.43549366434936476
0.443985333391626
0.4467825732633201
0.450188586165958
0.4375317826561422
0.42628028923967026
0.42227985821724423
0.4350146204291192
0.42027101877727674
0.42431010450578893
0.42242008280222726
0.41623677825679345
0.41458397072786685
0.4213282343356178
0.4253689078086442
0.4385976384928136
0.4366160112955928
0.43836330287511754
0.44530365569685576
0.4347350496436972
0.4467818231420912
0.4436401508393644
0.4527159735822475
0.4630130950013882
0.4591692355599611
0.4721048780873714
0.4688285741265404
0.4462428102613763
0.4359012845343541
0.4398416107070901
0.4246816380796173
0.4250870926292
0.41806288420547283
0.42849675075974036
0.41347939463169947
0.4076800413479824
0.4221615528959568
0.44069556402393156
0.42550137213528855
0.424609211949828
0.4216927674899513
0.43624209919869356
0.42995148546113077
0.41623258186089984
0.4057962037000949
0.40487366573169087
0.39768959450274083
0.39370314078544927
0.3908838950261479
0.3748280012923623
0.3719645387382415
0.3634508178785097
0.36203660382092123
0.3537888343894717
0.35321080141777556
0.3418464976268103
0.34397165153356535
0.3579738776011419
0.3551270606427721
0.3630707544206447
0.373554064624312
0.37631323153511825
0.37626615492614285
0.3732687703115787
0.38622410817308966
0.387242657612636
0.38748396697903736
0.3919190834893969
0.3865596801646501
0.3812251908573932
0.3667792558306007
0.3651770421383816
0.36587540090081466
0.35328343279416724
0.3496252502521075
0.35249435787302974
0.3551717430038183
0.3612941740430337
0.38220882676957474
0.3648846087539879
0.3631615564589655
0.359292090111402
0.3649598929064491
0.37847232183956736
0.3683118032357102
0.343218156406455
0.34811391638257233
0.34736983149059447
0.3484919457309453
0.3366824402937228
0.3375905106271951
0.3459877562800233
0.3463093889708817
0.3459261643966404
0.3472356302837603
0.3458271292200084
0.3597162981429812
0.3677619346012664
0.3631693085072408
0.3693677530964816
0.37622890002649906
0.37176065927380547
0.375032867630776
0.3742623560393819
0.37577858887201193
0.35852727912606136
0.3603938799568441
0.35230166925695205
0.34300642789754326
0.3332661953678818
0.3391405096420081
0.3289519330663266
0.317705048908061
0.31489860850928914
0.3095079431769669
0.3084661462064718
0.28852602228752355
0.288150437708381
0.2931444514232048
0.28849851670330545
0.287034321502016
0.29544747394924703
0.29714574160565727
0.2966098457603292
0.2930383160297615
0.28124578198211664
0.2647486492785098
0.2651449123799198
0.2663140008021831
0.26289773708790326
0.25758031273617493
0.24786354184271828
0.2578844406137677
0.2610517364490516
0.2617390310255071
0.26319081988326826
0.26550455115029314
0.25901914995777847
0.2605993819260634
0.2509982482750413
0.2505718040950166
0.2466380211676024
0.2657288170140294
0.26877766523183944
0.2549538148608017
0.2629812822695117
0.26902334435917186
0.2692138134880316
0.2808552050578074
0.29782728643070205
0.29861831994096066
0.3027258027218315
0.3023015200595521
0.32036044943717445
0.32155269913111323
0.3219037386246965
0.33439073687112214
0.3577143503841569
0.34866934878225136
0.35870834500266957
0.358214476037914
0.3602297609091792
0.3654164786008243
0.3652959423356204
0.36675049223031464
0.38280032177730544
0.38035601704628735
0.3789640400735504
0.3815417375828527
0.3802025144207557
0.39105878646239906
0.38743497567244395
0.3974225352539258
0.39724365408695833
0.39434595320582827
0.39421977131801483
0.41320671927987623
0.4113682445594211
0.41185172171004575
0.40468071716095527
0.3963019780001689
0.3954288854396803
0.40165549163740516
0.39432797500448796
0.3926408198995511
0.39376389261470995
0.39362254705138583
0.3943736167342314
0.40515157884423386
0.42314908060028616
0.4035985588578805
0.40562458334148194
0.4133800856257865
0.3973046474783175
0.38890823097526606
0.3873687001555995
0.36661197838256415
0.34849688621333486
0.3508293453653773
0.3531325973003059
0.35030788226509385
0.3332598441380174
0.32959206728569035
0.3291358679585103
0.3165256603001534
0.3004160265121793
0.29719212724454086
0.28840460602784185
0.292154981809366
0.30249021986617836
0.29587878592054684
0.2926099547079018
0.303645625976116
0.2921441805299863
0.2933489628253006
0.2926754089886871
0.31243484203068733
0.31162009504544336
0.3021466975300035
0.30627921956481213
0.2979748022054921
0.3089835949397532
0.309304559870852
0.311011602491369
0.29130704212950387
0.29760290293240577
0.3089570839130142
0.3057336976592422
0.31387834667698067
0.3204299309024617
0.32647746483613205
0.33578468076364065
0.3283427692586054
0.3288691173557628
0.33769992037009794
0.3438011195230877
0.33519483535552697
0.3197998963391932
0.3169313704827696
0.31269459359698376
0.32163458417938134
0.32992304324985144
0.3415108857159977
0.33577734786902164
0.3335955958221318
0.33405993963921726
0.32711059272765225
0.32387954528097435
0.34273350486736925
0.34063737017523077
0.3448147889610766
0.3467508792867164
0.35615237614390627
0.3498450196531178
0.34969755965523824
0.3523654328119483
0.3498608997290955
0.35377956614731754
0.35634145309474885
0.35566945941542455
0.3433165175959127
0.33716720844564474
0.3316361597600737
0.32866597321890784
0.3293265120466361
0.32005295898056385
0.3274658294371394
0.332026545542898
0.3325070036884385
0.3214539743805005
0.3193758769481186
0.3172130473871699
0.31853919998481206
0.3122601518487332
0.30067637814435255
0.30257361510058295
0.2883079699937256
0.2904674193743716
0.2770570908510532
0.26719022963639855
0.2672758670897538
0.2705488555959983
0.2637833559444146
0.2622712828796921
0.27138207841497747
0.2678670793658796
0.2728584641430612
0.2748158500509064
0.25699410713403964
0.2515829247266568
0.24281932622757185
0.24400464500292104
0.2471365766997944
0.2461502324358781
0.2457212622559536
0.24525403193804143
0.2274274687189762
0.23384045630673453
0.2395467935211857
0.26033267022963863
0.25058789556329913
0.2491010770633196
0.2543739630490449
0.2533744409824887
0.2522434222978264
0.2362782304976152
0.23707758019056194
0.23990412356396051
0.25378259042150786
0.2609982736777314
0.2607481573899093
0.26681841326020167
0.2593686853960914
0.262191368455068
0.24677450993392203
0.24492256053388148
0.2579137505869963
0.25898411716524433
0.2633738301588851
0.2619335017543833
0.26523456820120245
0.262851167386375
0.27546386424610475
0.27531824460009574
0.28716584999449096
0.2772926179367099
0.2753473907827457
0.29168207395847306
0.30176224550652814
0.2971124893549906
0.295333350230578
0.29393566767659296
0.2831277455791303
0.28417609804848437
0.280661462932515
0.2911765330534169
0.2951228481127122
0.29277527450214086
0.29200816338713376
0.30393694114661435
0.30211260833303083
0.30509911634038017
0.30407044707169856
0.3222324463210082
0.31932778253260874
0.3129777783060683
0.3147806879153631
0.2953679123445995
0.3082177530796572
0.3122554864824177
0.31794361656390735
0.313590966302273
0.31219294317706947
0.33869628614431635
0.3479630567367433
0.35004574170112396
0.3364373181414786
0.34212174346575436
0.3468221520697797
0.3571894178000605
0.3449796174187008
0.3514950718952183
0.3616945857383475
0.3562854845367202
0.35594263018224837
0.3564965658491824
0.35048653643696537
0.35000598166775326
0.3468757190611394
0.35133889802241774
0.34190146166110824
0.3542795857663517
0.3451497690716341
0.3549391855300852
0.35354458825537827
0.34570573284221595
0.35273521304974437
0.3505002104340123
0.35482539105532074
0.35298578650737406
0.3596551919903937
0.3604746210190801
0.3653138912257774
0.3734826442821224
0.3772102759272149
0.3767210397395317
0.37399695999930355
0.3673803585853342
0.3745681083080048
0.3781229280851757
0.39588655600738987
0.37974546611633103
0.3871367210285519
0.3875516623351504
0.38981435525653924
0.38734763507520725
0.3773668486072108
0.3780000835083159
0.3691858565925523
0.3780060471873458
0.3797730670185974
0.357861366542438
0.3443845649827486
0.3433338327437501
0.34504093747147097
0.33838103484273047
0.34029235637502325
0.33023859060888666
0.3341580483468607
0.32868141190672157
0.3245413976202753
0.32284276469062384
0.31130888055048955
0.3183613959423858
0.3331975438151813
0.34102054059250836
0.36016061472915634
0.35676549032192423
0.36549884575931224
0.36314463019197896
0.3672457625759327
0.3604407947931847
0.3593134156442388
0.3555208826414864
0.3352277423746524
0.33815619325366936
0.3350774923553259
0.3335599341965379
0.33060177829332316
0.3294757785733793
0.3279374107993813
0.309227599280394
0.3023766251079061
0.30163997841285894
0.30319752261061217
0.30316876262361264
0.29809408917818453
0.2948467397155644
0.27900793694829634
0.27320128337117383
0.2672672741530519
0.2669673172920595
0.2532136431096243
0.2523060522417561
0.2482441094578615
0.24501524536232375
0.24346028268848566
0.23451217253780932
0.2351102384231459
0.23148470713624356
0.2352005879685649
0.2593925516978261
0.25855858705882956
0.259591045113928
0.26673103641062784
0.2672967813106831
0.26140035946133583
0.2562601403102512
0.2517178925135098
0.25900158195830286
0.25719621889300465
0.25247953374038834
0.2472488971078596
0.26373217808047916
0.2603840401076915
0.25976480228655824
0.2654845578742907
0.25769910876209406
0.2533861431646623
0.2587846762613412
0.26143422237635977
0.25684532385286196
0.2717680657458999
0.28625836999502563
0.2866301827953611
0.2901406861585508
0.2862304774700888
0.2876650507546626
0.2849653568055635
0.30534653566358816
0.31301243186071964
0.3175143219808039
0.31610503926399347
0.3113305404635645
0.30820972433933297
0.30576950420615234
0.3083673578579433
0.30939316771280473
0.32887604889806227
0.33246055241473604
0.337252350255661
0.3496424806244256
0.3566653869037997
0.3561670584518444
0.3619360128215432
0.36911043507209457
0.3788816339923023
0.3977281127239909
0.39491525590516846
0.36549956978472276
0.37728560297215163
0.3715379011327297
0.3586451466847072
0.351375873958254
0.3651825704258252
0.37516801133610983
0.3775576961599106
0.3736200130827887
0.39131484310291964
0.39547203221852983
0.3977658759533493
0.3741974827700248
0.3642366401690122
0.3669583162160968
0.3520467021425582
0.34728937413661853
0.3450218318293162
0.3377320264355514
0.34108233795467585
0.3527386124377671
0.3363421403355689
0.3376032921220213
0.3346820080748782
0.33188852972815575
0.33459594379890567
0.3398213800629711
0.3660840268004575
0.35697490039344243
0.35411621361361584
0.35816937497266405
0.3838845506922794
0.39225295007951283
0.4011937335919001
0.415421673912119
0.4212059760274755
0.42544736782927
0.4070568678641047
0.40709343912219564
0.40974779256116234
0.4067724995638838
0.4102163897696098
0.41604084047986595
0.4323828345480689
0.432012007548683
0.42539678668129133
0.4197634149136051
0.4339179582078309
0.44453320494122145
0.4284754160696171
0.4251273925808321
0.42890422587378435
0.43044721223723137
0.41944752058118057
0.414951100932562
0.41725502286722693
0.4170025710797491
0.39902375738696033
0.400027695688538
0.3973846001182946
0.40639238420280727
0.40224749145775696
0.3989788596066897
0.4049494188775998
0.41529545539819074
0.4276710043575703
0.4452838630329983
0.4421689236187418
0.441152834803966
0.4561147292084487
0.4391442477180895
0.4459027262629472
0.45559832331393396
0.4583159792255727
0.44944481405764947
0.42818285257744465
0.4151493560689039
0.4123406012315142
0.4022811389474696
0.38014717046600693
0.3700003369541523
0.36067064259478315
0.35450677981942386
0.3501053442778204
0.35734113105702686
0.35566799972897617
0.3511317566535371
0.3495679071174413
0.34254483347691583
0.3392025397218333
0.33501093464066595
0.3157318031535999
0.3113320384215516
0.31698518464964504
0.3028349208521319
0.29463210649958066
0.28594573550326624
0.28852884857262745
0.2995536993638477
0.3095581014868504
0.3157544604962969
0.31484510227346274
0.32207536631084616
0.3188239348146975
0.3172976626469863
0.31933175334106695
0.3115242550112951
0.30827058952867203
0.31263692346245314
0.31878495222212294
0.32604800090103586
0.3195810477043291
0.31796011998142537
0.3119336608528538
0.3039867227438766
0.3028318200551138
0.2919088837822827
0.2818580168364708
0.29148523918750696
0.28886741125064147
0.29135103824551406
0.3058483883528884
0.3243922846173994
0.32649628474107
0.3255998503410639
0.3355957044821501
0.3348829202245474
0.3378156192460973
0.340821016371429
0.3713960150634739
0.37487806036913796
0.37813755137855787
0.36676671912564696
0.36918950001073636
0.37356541576772817
0.36808633013064324
0.36671346729518167
0.3770846220186075
0.3756215319568559
0.3727599984895044
0.37043374686617975
0.35855683579517644
0.3602326264803595
0.35506823088893585
0.36588682423514673
0.36418220083071634
0.35338615751529473
0.3399579378189594
0.3554234979908979
0.3625049475720858
0.3485089399899737
0.3499495809056874
0.34917966714561816
0.3462674843008336
0.3685534880215496
0.37141034283633706
0.3613156432600632
0.35352441201398355
0.34656386366733244
0.3437548471711864
0.345002174524015
0.34296780529549564
0.33157204039829424
0.3316920443437638
0.3368980530128877
0.3436692608836982
0.3338872674269857
0.35081326696267373
0.3487842261911356
0.33025769604793515
0.3130853872994366
0.30751041231385395
0.31347651101134333
0.30578072986318056
0.3081299456628942
0.303882457429071
0.30218995714462676
0.2734757007018432
0.26781280089166765
0.26099078611692367
0.25979970362291854
0.2722485775262669
0.2797926857661455
0.28248109741562816
0.28448614199827554
0.2700959904749671
0.27015592446378
0.27527751135457484
0.28514415635624835
0.2851194628880059
0.2972939288927699
0.30052391341483475
0.2906355654329644
0.290876199292237
0.29214480193894166
0.30169171524144217
0.2806274157343856
0.2775929633057336
0.28697105481179774
0.2834467895724169
0.28702231563362973
0.28683855343178916
0.26338238816041365
0.2578836484780536
0.2704466711162481
0.26820056894647476
0.2724266805544071
0.2746158926706212
0.2679785999697812
0.26853459747046493
0.2684097629882725
0.27230127159115447
0.268517846969349
0.25636292181982
0.2538606627031777
0.23986909452267877
0.2296219767075086
0.2274622096449015
0.22607688878093066
0.22809483746005074
0.2264736990512224
0.22679033601272894
0.22802867002485216
0.23073838248648235
0.24775272143235139
0.2479694833443509
0.2430749716456192
0.2557745256957971
0.26453169761398887
0.2537651703389236
0.24764889790896316
0.2519867589738322
0.24878494223601796
0.25206571883238277
0.2618936594463108
0.2562960981744991
0.24814055337714122
0.2538602698798789
0.25690363020436907
0.25663371761514514
0.2570623899633652
0.2667969777764691
0.27257580846132295
0.26405975968381307
0.26647439221329844
0.25895540195947203
0.24969468693239927
0.25218575123748926
0.26478338844118815
0.2679852701913224
0.28501071201664996
0.288538678573313
0.2745224434636028
0.2941575612012434
0.2922543214892102
0.28872832243027186
0.2898738524081241
0.2845717103037718
0.29573741754968924
0.2899808602481993
0.29040785162762917
0.3034684504663845
0.31279764787225744
0.30730128755734215
0.31644927387198046
0.3160880396921604
0.31961382902858976
0.3142968634221602
0.33418708477903863
0.34309051921272243
0.34960649789819337
0.3462698553196846
0.32846137570798767
0.3330318240841143
0.33116926173530353
0.3158914514719084
0.3107233476102816
0.30723396749540016
0.30161304991925236
0.29519016871531767
0.29786388776964107
0.2969705751141811
0.2902102723350952
0.2948760979333347
0.294506571289257
0.2891030075748323
0.2749595552505783
0.2716529664281654
0.2723509269337957
0.26317473631559923
0.26165133884543046
0.2606869695443922
0.2574921214331327
0.257922537924367
0.2660626135201734
0.2770122130007788
0.26186395215317243
0.2635398241756087
0.25259520975410715
0.2464366763740855
0.2428732103380423
0.24374176569495212
0.24496088858321938
0.25195448019434463
0.2474406709230718
0.25546603810834473
0.2500043247443556
0.24983409000898296
0.25393311689706227
0.24940780675502108
0.24435358911372776
0.24487886779020696
0.23437168863438387
0.23480058680568147
0.2503950440258118
0.2523821127448472
0.22891831065918677
0.2179522251835355
0.22513837426849323
0.23746689549811154
0.25066471543682994
0.2471227129288512
0.25336081181484676
0.26326807960044535
0.2651139935694939
0.2658706256281488
0.2675386973568203
0.2704951341391331
0.2716999833650263
0.2688548973740116
0.2652355331347848
0.26675065755641963
0.27011419432795253
0.2773078090602013
0.2755224101919454
0.2735943741093188
0.2697579001358574
0.27126897878731887
0.2892606568959914
0.3042492469030747
0.3099077428727334
0.3085228332243505
0.303598455673243
0.2905380515685409
0.2883390348926262
0.2964421122126819
0.3148138555970356
0.3270522677062635
0.3278302275576455
0.3065889906912351
0.3115764581551076
0.30623053507992304
0.31062028811801706
0.3059685612066921
0.30812651879127945
0.3089752822234297
0.3084611991714762
0.3053898693940254
0.3033273195873547
0.31222697918110537
0.313215317379917
0.32460943111647994
0.3158188047759349
0.32197893002804073
0.33301994321314615
0.3401845322795157
0.3329518831779425
0.3216825520891406
0.3170274335858116
0.32745506947349284
0.3381289445785009
0.33549324067145453
0.34700331530180334
0.34835037497453886
0.3523805299779174
0.3721969984488163
0.3792328269903938
0.38483729820895035
0.39448628357232546
0.40497956529659107
0.40481807810115256
0.40244637880423945
0.4024195159771447
0.40770825337889
0.4086696713048299
0.4094433122283179
0.3948557641157873
0.3846959198254254
0.3777884935273091
0.37890886950395436
0.3764519189232151
0.39029699155319153
0.3908142765864297
0.3949101590998905
0.3700299798620889
0.36452517524962147
0.3671163379752684
0.3671959800233177
0.3590366128252531
0.36526306253554797
0.3659048087684169
0.3677160634143824
0.35965687251215067
0.37286776503981406
0.37570468632759413
0.37079150279291384
0.37431295986131197
0.36352338579811677
0.37114838975204895
0.3599260494819782
0.3505308511652217
0.3418964939387872
0.3348611396055449
0.3250430949604332
0.31754095405826066
0.3150647195140264
0.3184646375808744
0.31960864633141345
0.30375477570616644
0.302557266634354
0.3003775619872157
0.29659913654256714
0.29798545958721523
0.27664502264887375
0.29943432790976643
0.3047681925365493
0.29583591288341654
0.2953780962631491
0.3038846914981865
0.2992246640600936
0.31662553935154114
0.31822892184026097
0.3177214936855696
0.31662996865642296
0.30907985811787403
0.3028780390644871
0.31035252987678885
0.31264643338439596
0.3110863327401298
0.29995132871315744
0.30133878998036784
0.2845102242701829
0.28959131817362677
0.2871526274875676
0.28864867837508335
0.3003274000391189
0.3052478141187344
0.30502235033476033
0.3020682862098745
0.30196928301219755
0.3023188245937784
0.28828963978663036
0.28844328187331675
0.3010202641794192
0.2951542211530317
0.29691958859912587
0.28809416555513373
0.29225952985934617
0.2929272064254533
0.29422412837421635
0.30361101196420825
0.3092411402804805
0.331231859062978
0.3343036527629215
0.3320677439152164
0.3202923784092909
0.3222926028971234
0.31805852659628264
0.3049002901082903
0.31543978190694527
0.30909427668278106
0.31299273440359054
0.2993143985446583
0.2911493518010105
0.29033073880641497
0.27638111237518337
0.2704751653416119
0.27516522622197503
0.2666566342520576
0.2613778727844318
0.26947325364189884
0.27477107599210693
0.27664732090982586
0.2790406019495974
0.2728192731129035
0.2720405034706645
0.2746761801631376
0.2702558658094914
0.26887906226512076
0.2795878443540624
0.275484730820187
0.27118367466392046
0.27040916730887526
0.2736699154350539
0.2777355356055384
0.28200650241273756
0.2816301602571627
0.28396489194796765
0.2850178003246298
0.288069146236552
0.29226409148749666
0.27999962445885157
0.28455017825247203
0.2982975081781661
0.3138665083190824
0.3174530888618508
0.3173056818189733
0.3210246626135496
0.3086149940309724
0.30806596653050716
0.28575519553916445
0.2876831876353923
0.28045881094030384
0.2786543750382809
0.27679107918681145
0.27899467066958233
0.2956244067947697
0.29378117083458394
0.2934984519675958
0.2904542206835971
0.2822097814277645
0.2873120353888815
0.2902625446682689
0.29129453601548927
0.28785200966785157
0.29074945869661883
0.2880109519217565
0.28705363795629973
0.2790552310370527
0.270917133208103
0.27667844677109926
0.2876358429085708
0.2958277929840021
0.3001234334431832
0.30459900948277574
0.3056478263275749
0.30891368411315373
0.29710971279166953
0.3047920626316964
0.3098936073725501
0.3076273962715458
0.2927149322813442
0.2888058001017563
0.2774155150695262
0.29086797097634115
0.2840976711879446
0.2966614032726427
0.3008814075094049
0.29476170460834616
0.3052099239965955
0.3099427654151674
0.2930361510259493
0.2788217412655119
0.27709953779885155
0.2775845073956585
0.27547630239477633
0.2774461413587562
0.27117370763774823
0.26866756350761395
0.29012461887500046
0.2943839918636892
0.3092241241089099
0.31110703423308694
0.3139238942622096
0.3025570843405169
0.29359170853797517
0.2948572832747869
0.2962214556815156
0.2915132671211525
0.3018450227368263
0.3021741533199033
0.31918287574236676
0.3161297280709919
0.31278462483860875
0.3159850753498405
0.3247149115495324
0.3261634696650399
0.32658877710391554
0.318751009176286
0.3075910785703478
0.30386045957422253
0.297874741120638
0.2954628269324315
0.29969941517397497
0.3005732691617874
0.3045360636815044
0.30128349320363706
0.3040227727897838
0.30559476195401064
0.311760034120525
0.30921661823273966
0.3126088245518912
0.30025667654038934
0.30052164264238607
0.28877111988426746
0.2807559310569854
0.27791362037714745
0.27034502229359186
0.26201735524558806
0.2715467189025537
0.2979287692598371
0.29928975382203316
0.3146854846549681
0.3173919894545269
0.3172275612514443
0.31713452636140704
0.3201536676837566
0.30122282215232815
0.29523248415736897
0.2863660532204404
0.28744553202872297
0.28746164420454473
0.28059115839028514
0.2834294809432177
0.28519990936982714
0.2836233906980284
0.2796483598784407
0.26230926598426524
0.26074002021313997
0.2453958982846087
0.24733929487246362
0.242764849767984
0.24479264822442068
0.2431195703926378
0.24100745889215539
0.24639596405142328
0.2523120184579227
0.2588224019280205
0.26713950945104376
0.2692238236462781
0.2669457432163568
0.273639003044139
0.2834240141352122
0.29639130990715834
0.2941136365291592
0.2963203091562803
0.29430246131729415
0.28972849486147106
0.28787567014486576
0.285702549818793
0.3009923416055126
0.3073626542951243
0.3135622067566817
0.3226735856488829
0.33923544475149764
0.3490654511219958
0.3492458532261297
0.3406773589256302
0.3142699849613095
0.30838435759871746
0.29694059529854566
0.2898409470232908
0.2904510384219794
0.29290279513888645
0.29998337281396614
0.29370468127325716
0.29752750681431717
0.30308665343156765
0.2997857727055593
0.2995218705243357
0.2997388619977746
0.30217993846245694
0.3030142067717883
0.30637271727193466
0.30472146587058474
