0.2880637729826665
-0.7268739465865175
-0.8180098215033943
-0.9252272830432288
-0.9139972248425805
-0.9107876753055334
-0.9417971728278348
-0.9640022107681405
-0.9821330460638305
-0.9758422064477306
-0.6911201961295905
0.7629792933185964
-0.7410207638092795
0.2674360979438577
0.8453042068314296
0.25863527160515765
-0.8274524941985439
0.2813686640926538
0.6289732363616907
0.7583853644312935
0.786543380726844
-0.3905783671977152
-0.7213728140353136
-0.9039457880097199
-0.9275872429369425
-0.8678177655562546
-0.8543299740113548
-0.8613010702012575
-0.7257490278586503
-0.8825103598273245
-0.864563178426242
-0.415826199925734
0.43625634409025627
0.6189953695754229
0.8141507902306298
-0.46526328090358615
0.10674230895319092
0.6287275764116627
0.766027114241371
0.8392042372424509
0.8739405185454887
-0.2191778824172257
0.48493371441879485
0.5149566610851222
-0.8159971157936671
-0.9210835468063153
0.5008414962712628
-0.5741040771603081
0.822687874676401
0.2748500583801732
-0.748251893142501
-0.7071112241422219
-0.8066754805880676
-0.14437095624495178
0.8343003081785054
0.42297569380517763
0.3487490225133525
-0.8382497174912449
0.6094612425003032
0.22707329577897406
-0.8261745895600069
0.3778135300413876
0.81121304836636
-0.4591870083087497
0.48421685979531204
0.7596813161567313
0.036399934199430106
0.6899173797243627
0.8810072810175893
0.8859525789649652
-0.4742607285324032
-0.16182333142794025
-0.6638983689513343
0.7050574676774326
0.8697361069402276
0.8711471575435705
0.9388702658912693
0.9510941818610512
-0.19327721707724876
0.6888257686824579
-0.4768024926728629
0.5171868481672457
0.6917926715795268
-0.316491901244071
0.7969506237662964
0.8424966666446296
-0.029015430834247402
0.729747530088096
-0.19202254249120565
0.7846298113323151
-0.15408249588903944
-0.615769623800769
-0.32338695976593423
0.4807440344952745
-0.7273573696324092
0.15614744443458295
-0.8208070320208961
-0.1391522987443039
-0.6812496669041865
-0.791193397906164
-0.4822053035711227
-0.5948385872250139
-0.7414396003192302
-0.7831720158209559
-0.9170777527858932
-0.9023726000750576
0.08966062848035117
-0.7907133205266155
-0.8898834690141348
-0.8827604658444983
-0.5788835626748969
-0.781643063662036
0.6648105077708879
0.5123897296650497
0.8484129358145187
-0.3629990870583988
-0.2653001041307961
-0.6548503357650663
0.7659676231154717
-0.7265588142664666
-0.7453459671865682
0.26173760327139406
0.5841985800175975
0.8866259497283171
0.8800600825694891
0.8813411543836451
0.9239122164424176
0.9431041333144867
0.7811209715737768
0.8568329713849339
-0.04960189920933966
0.4355210583287745
0.6420555474659217
0.7170978621990398
0.8114926531176285
0.8400718775742939
-0.30208332989427866
-0.5775701774544517
-0.8849652115212423
-0.16780516280989088
0.8221696314872198
-0.5253902592232171
-0.8726905708291797
-0.23932507301035044
-0.228348329336028
0.8049330593666373
-0.6667449188882284
0.4964606617917371
0.7087701102747517
-0.25443716807852734
-0.7386468617808195
-0.43101985852168356
0.6743118023777439
-0.5512295591635974
-0.769842336086785
0.10228481946471168
0.6131656772430472
0.7024079225808186
-0.40265918108180854
-0.8224800938342803
-0.49708941621197833
-0.6590493926435437
-0.8080762491331382
-0.8759232371382631
-0.8962869391685088
-0.20688268471216342
-0.5998899754529026
0.42706522250840906
0.8351489431568646
-0.6545772827187681
-0.7776324175234345
-0.8365515826028369
-0.007353028952454155
0.6292806328209208
0.3738915340063922
0.8486877894133362
0.829486162082431
0.9242920689356631
0.8993768993924249
0.9042350592168933
-0.5500094829390234
-0.7454046340246532
-0.8764261165223842
0.3171261043014164
0.05198775994833782
0.6818228445305696
0.8520608749469181
0.7640743328369008
-0.045918817095385256
-0.726339012534652
-0.04403687825793767
-0.7176989998500682
0.6345260788145801
-0.7179352717807446
-0.8189644153123941
-0.8905787232547417
-0.9436453733968236
-0.9731647368325096
-0.35803183433763275
0.7395302113259239
0.789639376314389
0.8105379852397527
0.4806719449738155
0.6381411554802805
0.7490758188132334
0.8266411968069483
0.8143686911720296
0.4975019979537312
0.6439366148174879
0.839620560449341
0.9336547852276811
-0.01634242774291761
0.7942924330368888
0.8385251765387125
0.9262486981426818
0.917447352974077
-0.00015268372556098697
-0.5915181775962177
0.6227938882482646
0.7022237643783817
0.8529608872941166
0.21582078997504972
-0.6938547818414872
-0.07754664941672273
-0.6767416557895113
-0.16968702328654506
-0.7737645866135003
-0.918174868592073
-0.8062190285463187
-0.3747034202188322
-0.5450058102684965
-0.8802640224618888
-0.8817172246834016
0.41874371539994004
0.37901610246686235
0.02270581874544697
0.7387029655213053
0.7933327439225166
0.821871865505664
-0.49900186641494804
-0.13871602208977873
-0.7613977014608291
0.45394987726778013
0.8549789153183844
0.8278249292049915
0.8376475085986506
-0.5960205227778419
0.6660992535796921
0.016950265402203124
-0.7835282445559747
0.4768642729683268
0.8562345479047522
0.5260748217450144
0.659755440191901
0.6721440798494525
-0.13322180756345037
-0.7237702461359616
-0.0378424219974105
0.8009778046612495
0.3108628794149646
0.4407036971321523
0.7211169129851498
-0.6104781815721902
-0.6992875710340306
-0.7703988165246825
0.0016518002243914864
0.7991142111562535
0.8346317150073064
-0.28212078755772274
0.8128483395082033
0.848266944434007
0.6416144766501326
-0.7626356364529332
-0.3210019826791839
0.2947448709883551
-0.8254702841930293
-0.8535374209636646
-0.6965535662733862
-0.7719796525719221
-0.8309376395640611
-0.5159759009492559
0.8206920703009615
0.8162576295883557
0.14101277047245397
0.6381264481267459
0.7437388106143297
0.8265952860873516
0.9351200975635556
0.22085722455220158
0.7598825957887956
0.7047130566306221
0.9124093052868398
0.8911853206210976
0.9248250383219194
-0.23249406717598298
-0.5875873440791359
0.6968809691873965
0.8940186215906321
0.8621799963119134
0.8817665976659381
-0.5574019952599305
-0.6906224576062833
-0.8666551742132645
-0.8693992172852745
0.25011038359199467
-0.8054974569525453
-0.852321866072183
0.3004609454563387
0.5918060088745791
-0.07110454309880443
-0.7363177576001688
0.6777698401980803
-0.40514275547992273
-0.5557062978258207
0.5359995584276065
0.6745696513493351
0.7443326534447452
-0.16559346071190606
-0.7011133949654632
-0.8966408601996689
-0.913873270217054
-0.9038794703222807
-0.7311440763944161
-0.7845448510648005
-0.8084013300552084
-0.9180290656535772
0.03096745191945427
0.800220396279691
0.8097897113803534
0.8944450651783777
0.8879006555202535
0.8888619996452343
0.8914828921533424
0.9437758531470084
0.9293452213653255
0.9158092506601185
0.9216334420923011
0.9317090162852499
0.9290769094884046
-0.1498393269299989
0.3814052455484356
0.6495870604191756
0.7257395382591836
0.7860321854372587
0.31641986049664106
0.2352795261027143
-0.8250078930316154
0.617509041163258
-0.46385158995702924
0.5475581244550811
-0.7732772890359605
-0.8444721671809695
-0.8934510462766765
-0.9175138739130283
-0.9067719805530328
0.4205000441854414
0.7696240988121905
0.9109828242060416
0.9087824922428263
0.9107685845976146
0.9072700578922024
-0.37840210312983613
0.765305614872666
0.7642789265493108
-0.46379206916684446
0.8303655270840544
0.8547644540118309
-0.35106356718615106
0.053514767934247365
0.6447241858241914
0.11927311577203925
0.7050396339323244
0.7726112023990346
0.8399735244438349
0.5367162019423974
0.12911686646238762
-0.811996885950562
-0.7977694165930376
-0.824220026991595
0.6186125897563233
0.7208851475818132
-0.5393949300301102
-0.6370165798623606
-0.8934465393001085
0.44767936751918813
-0.6474645761276892
-0.8613414275218119
0.28070419267978863
0.8567182065519698
0.8424228871351682
-0.4348400790160867
-0.5719157897801299
-0.8713559786041429
-0.900816882983197
0.003903190503221854
0.7953290311675338
-0.5386757534880311
-0.6887748354555843
0.38766092640777905
0.6204482765091777
-0.7420547808591637
-0.8912635374404532
-0.3238731790323992
-0.6234349171167608
-0.8302948317166805
0.5644013087822357
0.6908726324251673
-0.6211839952107849
0.4054469371321596
-0.491904332763758
0.6679103715478034
0.7790757052915953
-0.4332564180856986
-0.6435308483413091
0.43428200261055827
-0.5572110721305552
-0.8794197677743854
0.5523270692437474
0.31035563300580726
0.6125936276446222
-0.7622407390850567
-0.7799560027442711
-0.8829938986412208
-0.17500402374840918
-0.6060598930828311
0.6277613425211854
-0.7551565622392451
-0.8208992940852353
-0.9020690205517955
-0.9547651458369775
-0.9417042459483973
-0.9157053394901555
-0.9170500721964859
-0.9002436304940601
-0.9556286461657634
-0.896976203556149
-0.5738462531054207
-0.7608938162142127
0.5350944696957971
0.7548629067887862
0.7104145350276296
-0.6799052095265667
-0.7820717419087454
0.1222959658897742
0.2730061619867441
-0.809675037075827
-0.814428364430319
0.631476747835858
-0.3025611224662703
-0.5425652633557521
-0.7085029364003491
-0.7292825298400316
-0.7820148324292879
0.15286807478352293
-0.6914462996415767
-0.8296576992288749
-0.6802109757062557
-0.7786649925569349
-0.8132058434680863
0.6130641073214245
-0.7158757741712096
-0.8402742059776387
0.5944442384175728
0.3248787086018601
0.613458565530715
-0.6148236235866498
-0.8477666197808602
0.17317566203188473
-0.5027605704809552
-0.8273758469803297
-0.1318199489125309
0.7933468542564379
0.7653755386941807
0.8505218272373127
0.8548718232753785
0.8642062451602792
0.9386732649703677
0.9540464576295962
0.9397660693946077
0.9445306317910014
0.7547728126563646
0.49681671493887847
0.6523258295411847
0.7261681823245654
-0.5859818047528995
-0.1877373632360433
-0.3720963167100497
0.2559662322580387
-0.5234975052430193
-0.7009899696830859
-0.8536258202319672
-0.92036095626928
-0.1374107543541585
-0.7509709421637283
0.6468495938367635
0.7470044208235207
0.9044008421994512
0.525077144870344
0.6644228689635179
0.3588499122213038
0.5389598859056457
0.6800794036978182
0.7906162484477639
0.8435922007057399
-0.16888592288247128
-0.4363214807901341
0.4102570664504499
-0.30252440897491506
-0.8241506522885164
-0.09619206434161409
0.7801023615130112
-0.0047654835520918315
0.7064511783080241
-0.33264704898935826
0.3320586045505969
0.6679774869955695
0.9127577556035884
0.898857297476485
-0.09203472902424337
0.750219973489288
0.9204549152759853
0.178027355421424
0.7431623936312597
-0.4572721079301285
0.8090994222304617
-0.6129844434816027
-0.08493876289169378
0.7753751521594834
0.899926666664318
0.9071744079188535
0.7199447902707632
0.8683392973164887
0.2110093527928465
0.6034287519801562
-0.5115568364571672
-0.7659255810432195
-0.8875142463632466
0.27009257067240355
0.5931562214140891
0.6969941414837153
0.8872951294473397
0.9268822001027075
0.9448483788591739
0.11068847036982565
0.6373976100716578
0.3993071634259555
-0.8142568231299527
-0.9066376956413387
0.5148656928273205
0.714770046606432
0.7630321473554795
0.8446314543841094
0.8677184199076688
0.6447262220584415
-0.5302992866602583
0.17870828021797447
-0.8162945200842258
-0.8557351553798521
0.5436309161017718
0.8057093711551124
-0.31076828676371604
0.6947796954202501
0.9017985194233475
0.18792958103030366
0.8189418584114503
-0.6097923355468542
-0.7002086906914633
0.5586806042198689
0.7025509827230063
0.3944038941646346
0.8149133170186154
0.2687757068615755
0.2964548133795635
-0.6595408928003603
-0.11771789158848045
0.7621415198893555
-0.11221311372192222
0.7860072556911886
0.9238548370162902
0.7441285191321187
0.7779263328574924
-0.4260992278327611
-0.6820672634904001
0.5618333161177913
-0.7686182767486278
0.4221483738073568
-0.5328698870486701
-0.639864418446795
-0.8949131594226822
-0.3594531377896695
0.6591789870509299
-0.7581325748966383
-0.271406680124465
0.80429199304876
0.9332270658885073
-0.5158095723779914
0.690526396287434
0.9239173170218276
0.2969539712425173
-0.36741567357467453
-0.7659844061999929
-0.8024959221086532
-0.17665081447534203
0.7894011555260294
0.9297913325946363
0.37720355766042757
0.767112357227633
-0.6271061696516709
0.5158628203507745
-0.5446292487006787
0.22733615535585017
-0.8249269053833909
-0.7626974316706223
0.09048443376924453
-0.8099010752320036
-0.36376874514328006
0.23796009486697445
0.6763034812138813
-0.5551450445085782
-0.655800479531085
-0.8556728333221291
-0.8879771792130999
-0.9256949059704219
-0.9663528358827737
-0.9620607341408496
-0.9290095572778339
-0.3565713036635152
-0.693550303430398
0.17836052755586818
-0.8257657058664951
-0.7545417768380986
-0.824577139472815
0.4591737610095723
0.7673666481623325
0.6171993820435857
0.7607600666305354
0.7053175190931584
-0.6996715174536678
0.6730708547899977
0.7534711616596883
0.8120727479164136
0.8300497067771715
0.9144365695333156
0.16427208656031445
-0.8177067456938096
-0.8400662061978836
0.4040701707730785
0.702078105538223
0.0766967403020884
-0.7485601625044567
0.35733217377307835
-0.7467811954478321
-0.9068853378059456
-0.9501606426120556
-0.3742018443731274
-0.6119335969457016
-0.3422560202570575
-0.8262937786138703
-0.8676104470623132
-0.918607720155161
0.12386387944341659
-0.7744493890459143
-0.6589352553875081
-0.8951544741460129
-0.9113072588756489
-0.9545660083476011
-0.9670037035406406
0.23137325920128715
-0.8154624622765333
0.19945793442044102
-0.7978301228847396
-0.8500385634137523
-0.9176548199872065
-0.9391777612040803
-0.9618250896635702
-0.9544900277971562
-0.34226219745659625
-0.58551983576116
-0.886460481374105
-0.9279919395484149
-0.9310811316188278
0.08838120221413814
-0.7843239608514029
-0.8968713524057987
-0.8947729432228654
-0.017638998151504603
0.8009289636644781
0.8255963041904082
-0.03343207350597166
-0.6045996065529742
-0.8850610384477062
-0.8413785205148766
-0.9217839296962005
-0.9038903502598795
-0.8912856689178879
-0.8937000747762923
0.24004146869438592
0.6787279504187571
0.2924151311196974
-0.7595581987384709
-0.859686674879709
-0.9278025632049663
-0.7068864813736133
-0.8987406399415392
-0.8951372081441246
0.07981205483067844
-0.7964981110801134
-0.9194685389536146
-0.9652400256492062
-0.9460842493819457
-0.9521455518587889
0.44794404820717637
-0.46302169278428074
-0.7753674832938945
-0.8454642531216249
-0.886992554806031
0.4118474472275755
0.7796417352344054
-0.2700222479439516
0.1703037959229421
-0.6772289032123562
-0.7820742442944312
-0.8086782991658057
-0.8275544235417677
-0.8866059648861545
-0.906173658897491
-0.9482953951298938
-0.9595080096833452
0.161011049732249
-0.2132533734217008
-0.5480062052470926
-0.6759769210104709
-0.7466893418085414
0.026555265137178985
0.7646701988574056
0.7980949116659681
-0.1724145767840808
0.7666786887053718
-0.679827727637101
-0.8628765994854151
-0.9231956046723999
-0.24950151814328803
0.8082075826990838
0.8136689040846237
-0.6032428196807631
-0.8136722622512444
-0.008616142108191394
-0.7870194500472298
-0.8021888959949892
-0.21967177888400413
0.17296888356842288
-0.8248279902997202
-0.7772477916028164
0.6402186851696283
0.7501459495344307
0.023466256531776253
-0.7562721485675451
-0.8458194368548209
0.5870283937917156
-0.7089764316545211
0.5012641811233489
0.6451432722397976
0.4340846909695919
-0.8031832775030467
0.44897384486624925
0.6198187819148029
0.7307094634244915
0.5169687411201205
-0.7704256148527071
-0.2243962472481662
-0.681439302894238
0.6939647818488506
-0.6451621171918751
0.4656334536638098
-0.8311509053499277
0.6039954580534765
0.7292221285364364
-0.7306899656542607
0.7482141531719544
0.6750606199941147
-0.6667039370983994
-0.7353105915281525
-0.7406445770589816
-0.8409279153028658
-0.08966334999154735
-0.6413073323106491
-0.8879093542856528
0.09373393418203846
0.692488080829375
-0.6805326543673302
0.6598059304677901
-0.2823120327286359
-0.06501270842391293
-0.7056392870517005
0.34658454402777017
0.09352685041132558
-0.17710250773959957
0.11027384524121531
-0.14952028426531672
-0.6399697394477948
-0.28150453939651077
-0.561840322777474
-0.7296464655168546
-0.03281035178597036
-0.7844609548941508
-0.8633069453331851
-0.842564008296649
-0.1441768823107159
-0.6447796832615078
-0.7233376656350918
0.26790674590564945
0.591061657613501
0.7212617587296533
0.764270898377559
0.834218003358765
0.8464947807597925
0.7924230798950906
0.8014548521202747
0.8555290380812506
0.4589280204841517
0.6933576409116691
0.7513641185276885
-0.03661908436691075
-0.7442803766954094
-0.6256275787183643
-0.44438802189307514
-0.6381510015414946
-0.5440921226142461
-0.25536968404624183
-0.1746711800776739
-0.7538801669863373
-0.8636547519380904
0.45145590943749236
-0.6204158344131996
-0.7031574987753818
-0.49726845436270417
-0.600559330041935
-0.7108390991414413
0.5596593954923101
-0.564164324000592
0.6342617781308795
0.7270049410184425
0.12658556776219498
-0.8088134876232239
0.40941972784886516
-0.6844176825020789
0.3896039244939977
0.6468771436030389
-0.6737875472198986
-0.7527541584219676
-0.8552497336856392
-0.9309651250305174
0.4695506968845591
-0.7588093333835106
-0.8545833480946621
-0.21718940026436684
0.815104303313287
0.8798481697920171
0.8888967404915811
0.9282530764551289
0.9379279374483855
0.5055868180146155
0.7363163414787743
-0.6348945422594883
-0.8749960463003257
-0.44995183050955023
0.8263170908609283
0.7456618744504813
0.7674906322838921
-0.2080836452730308
0.8305030907927622
0.8714693952457762
0.7848290775103044
0.9077759746295067
0.9414168703075523
0.832065573913743
-0.3180247241787504
-0.5890746959267072
0.16901936483500712
0.6085229732886066
0.7067956596685654
0.9225820152066448
0.9070789783656978
0.7756350225656126
0.18881033174551765
0.6031435607860447
0.44602963918064886
0.6332653663843584
0.9078751931800901
-0.5179949984079117
-0.8595063843683111
-0.9298494078126973
0.4419340478458993
-0.7232110792349287
0.43442928685230053
0.7628551926165088
-0.3710183041281643
-0.5004132325461335
-0.7219385732872152
0.24437144454115312
-0.824541106943272
-0.8694112442319117
-0.8933751577962229
-0.8834120365148136
-0.8774548973791944
-0.9468813447268929
-0.9695925714089845
0.15023669062348444
0.14789370001523805
0.6980074261516276
0.757713719459508
0.887523415475725
0.8870552617348559
-0.517586508799655
0.4536362824124278
-0.6409748006627758
-0.7276505313403201
0.7168539170817667
0.9110856383375532
0.8961073368529131
0.2879306486963402
-0.809968696197993
0.13498278920235895
0.6244481586297941
0.7655767217366829
0.269856522256976
0.5960978656012534
0.8928766502531735
0.7406979606779289
0.7690773165890936
-0.6673541957649511
0.7536434615427321
0.47323559484157296
0.627179763259152
0.8127130540534304
0.8204975319678993
0.5060378264106846
0.6844793104131017
0.9044638337765154
0.8905102106067029
0.26999733284294813
-0.8068413055640457
-0.8170438717983862
0.3376461338872294
-0.6561364121091666
-0.7783378503845969
0.5286912948109699
0.7089147586072
0.9169224482321539
0.9028355159946255
0.8130751218491066
0.9122072353933135
0.5874487912937203
-0.6989060421581417
-0.7469856522920323
-0.03826478354129437
-0.6951681877365329
0.5745066182086347
0.11607063347858149
-0.7811178504618658
0.5706518400718286
0.6641870036765638
-0.22086421259250089
-0.6906860117646232
-0.3106652110129391
0.2238543131793198
0.7207472452179384
0.7770412823067054
0.9293635733729861
0.9034466873955702
0.9023981774110534
0.9263157823465715
0.9367684977382924
0.9466072957703624
0.9380076995823827
0.41206241034970303
-0.6265543432373009
0.012571072040511666
-0.7442227179092619
-0.8305480174972659
-0.931260346227097
-0.9136694455673409
-0.9101253085618386
-0.8688575303807653
-0.8581628444867861
-0.39806656640936033
-0.6577030603866969
-0.7365198500546237
-0.8314521047138924
-0.929645080422302
0.45493969048607563
-0.5291507042094079
0.46531075031391933
-0.830392015466815
0.52052576095534
-0.7500086801554625
0.45576865552415824
0.6554782651930766
0.36903586429086155
0.7533872461661326
-0.4180282214704527
-0.5822541987355443
-0.6005488928211726
0.633362668487335
0.7479321617471155
0.7816616662421512
0.8393683617419077
-0.10214387832465133
-0.5703282281755133
-0.8024602422680442
-0.8903694822098686
-0.0666950805814559
-0.6614106767747208
-0.19532299093038508
-0.7814843549855237
-0.8880897080800322
-0.8372514864581146
-0.39025980062023446
-0.7371209091458059
-0.7170912138537995
-0.8088769468528323
-0.8403134065051171
-0.5303417045402787
-0.6623642077828653
-0.8630273298751858
-0.9084974080627994
0.4975633626939693
0.6432245996662751
0.1576858486146906
0.7027119231280243
0.8110861481867564
0.11183399502414892
-0.43141438822083766
0.8205364228686187
0.7938081767618945
0.80414795063362
0.4402709519735286
-0.8005384349206148
-0.8869142199037721
-0.9511663745955268
0.12560020748324585
0.13651761893961623
-0.7117713891964301
0.6290349836838776
-0.7884780270241567
0.15777365038755642
-0.7452705536251887
0.09649237557290502
-0.7796259455036173
0.23016911388437644
0.7069080340987461
-0.4303207155959192
0.5197890518650443
-0.5849518775328488
-0.07406994279628276
-0.6879171524415209
0.4379198412944516
0.41449651385169184
0.45071262247668265
-0.43759529496865057
-0.6759505834620272
-0.8572881925688646
-0.18208136987961043
-0.5852636751758453
0.19675269794426642
0.8554369211207573
0.8536620091804556
-0.16699188620216243
-0.6750127727135447
-0.8704136869602032
-0.9279785345215648
-0.29913033156250557
-0.8233861589013659
-0.6645909465796962
-0.7904434025146541
0.4296625130777907
-0.8178182561509301
-0.8867431207428341
0.5106683719316976
-0.7834571860473263
0.6637152259345867
0.7484633731397203
0.9018138089183727
0.507863784870598
0.8301560399228263
0.7023210364124128
0.8916172690259849
-0.519802539232399
0.6278678810232343
0.253766360841708
-0.23533407401859163
-0.1887554081738847
0.25124560482419067
-0.8166183628002162
-0.8187036170255584
-0.8119025978314092
0.5245276037319984
0.6455088918674068
0.802913303921738
0.7464331513402145
0.783735846209572
0.8410415156140025
-0.6252621735144355
0.4291384905748792
0.25401759071797625
0.6514288065038751
0.7680549399671575
0.8349547323886346
0.9305960424098376
0.7319808422027096
0.7734928804461736
0.8070164074055162
-0.618530867410207
-0.3966593019143996
-0.30119431081395964
-0.812601580198412
0.5884155521114522
-0.7164356738969744
-0.7722598782067247
-0.7314046823754493
-0.7459444702924314
-0.7974744550689293
-0.9016501656664561
-0.9537959696874947
0.3005989855927196
0.7306607106064307
-0.684425246116799
-0.8874399135957918
-0.890031029707105
-0.7982053887664116
-0.5524852316652027
-0.6720557268112661
0.6093705341588282
0.6955207194087876
0.10094802923709367
0.8221237033839961
0.6787031736695319
0.9140556765070034
0.8816648545217125
0.8819372590373955
0.877626043832709
0.8066912180638612
-0.5710134522941632
-0.5737507343746262
-0.8040451960916035
-0.09123162333721013
-0.7786841099981827
-0.8150070928746077
-0.8324777898469692
0.4159473783081158
-0.770406515965347
0.5490709939944198
-0.7577458382109262
0.4166904370775504
-0.8302350326576549
0.5889981218183531
-0.8031598212289961
-0.5330621213018769
0.33111303399640746
-0.6017300860999304
-0.7930331469223609
-0.7136826787935566
0.22492456386241177
-0.8269804617116614
0.6388213049760421
0.6644706770094924
-0.6672275443706317
-0.07674166592746334
-0.699177387341854
0.5920557438095779
0.8490640182809768
0.25268706649963835
0.6045022085749456
0.6908411053989878
0.8074657039129531
0.8288516621065163
0.8501618249070952
0.8717958152008165
0.5778709729710967
0.626361810739277
0.7583112365590818
0.925839288834511
0.9137312141323319
0.8972060254526679
0.7572221741245573
0.9221731642359206
0.9126760203821183
0.6298546405579708
-0.41880760240671333
-0.744652057277676
-0.8180805692441814
-0.8466321896143418
-0.8545313203440164
-0.9394459558383075
-0.16815439356514372
-0.11806434694331291
0.7737473806533235
0.7948802911409951
0.8355429303738451
0.8627595335296336
-0.21713455769745926
0.4038392237090822
0.5419987875268204
0.5798233498923724
-0.5678246966151297
0.24459789133918308
0.6231068274092528
0.7180394343136449
-0.047943014505892556
-0.6953569600582499
-0.6263945498372674
0.3528873271655606
0.6661554847289486
0.5279695234993087
0.00821327198114119
0.5850045133524062
0.7009558465729249
-0.745266342799247
-0.8533526170548513
-0.907616042594575
-0.9598906658444353
0.20471084261094474
0.5976400518246539
-0.7828617067424992
-0.8377807431225208
-0.7814820760086669
-0.22940634358121104
0.3421754188769588
-0.35473011265294807
0.776512068881509
0.9240693073417752
0.9264135535960099
0.9235500809787263
-0.4407311191458545
-0.5724230108273616
-0.804498226362294
-0.588144585995954
-0.6666928188584957
0.22273073103195107
0.6018711203270841
0.897585216973481
-0.6256189262074887
-0.7033363714824625
0.13742118856535868
0.6078347627891765
-0.292630337862509
0.16368836979050028
0.09008523944851299
-0.4532289697606411
-0.2532179923961724
-0.2810813055483161
-0.7614929475191482
-0.8318419158830443
-0.9268091528524058
0.22862901941241698
0.7523178352746005
-0.6780693993084024
-0.7364285779226882
-0.8384676996831519
-0.848662153337828
-0.9339902402122238
-0.857143197204345
0.3664935152446398
-0.7762919313545962
-0.8448627710907248
0.537599755354959
0.6581830228286745
0.7261071698976103
0.6884717435162255
0.7362245530865958
0.6227960843666909
0.7522848849079391
0.7258969528694224
0.779763389271164
-0.4796271197799702
-0.6168968134278972
-0.08685329780775386
0.8113745550276266
0.7985862706259319
0.819465969974307
-0.24898418343329376
-0.6894513647361102
-0.018352365100030577
0.7769954958666008
-0.05109837589361055
0.3706551709822923
0.6067114641913551
0.899201829031069
0.8797521240043913
0.9423004413793199
0.9089650784048524
-0.024618742984570785
-0.12884422324734857
-0.7901613428611654
-0.9180390093948103
0.48540284686717716
-0.46684190146410454
-0.8184791541697742
-0.9056873624427302
-0.9409580025763153
0.3889444972485785
-0.8066147334085486
-0.7844901244650295
-0.8203498953374863
-0.8419581258626336
0.27909783300531044
0.8066995827325945
0.8671592200668019
-0.28428905266205584
0.7883222038655175
-0.6718158626478006
0.32053258452864664
0.6672159652547778
0.03204617806293952
0.3616535896440196
0.6121193703210721
0.7152521519357353
0.8316537690527619
-0.1666941330703049
0.7912038686795115
0.8146392366693351
-0.5163783889547766
-0.7254608231330817
-0.7689993473646388
-0.8374512122813216
0.43711357431668385
0.07286957039078135
-0.8072372767911009
0.6836046158838707
-0.5419250527754451
-0.737992873021482
-0.8899555875542537
0.5348262638140395
0.6869580740701762
0.09962473811686223
0.5214762322461237
0.7055678306629389
0.7483202420262216
-0.5825679580797456
0.21917141215156333
0.6273849944922867
0.7349141125210885
-0.5853842268098282
-0.8654430591754602
-0.8685518396006882
-0.9103106621341572
-0.9140216206716025
0.5170087550557929
-0.16024664007908895
-0.5870967895416981
-0.7793768231822196
-0.8046121479191788
-0.9201948924127601
0.44906090104848206
0.755079664838729
-0.5223944848500586
-0.8688790369359166
0.4972145063551314
-0.03882540083078534
-0.6249767554563184
-0.7433673980282347
-0.8518225556437165
-0.06300872057145446
0.8158895237044119
-0.1931017258312322
0.031689683648642664
0.6874018775589092
0.9153494762055583
-0.47673097680171894
0.6709271133168226
0.17671432224989547
0.6218315398587577
0.057734844717949985
0.7108467243372985
0.7746549208017026
0.9294939691665396
0.9055503016583379
-0.39749257330815446
-0.8391366987958999
-0.8714989134652071
-0.9186455962824422
-0.948301800616974
-0.9248201222306799
-0.5350509603874989
-0.7291726518669573
-0.6539991775763911
0.7425890381093436
-0.6763791421397627
0.658101024257961
-0.5553681828604586
-0.44867699769361935
0.674654342838781
0.7666991005534489
0.7983681622140761
0.9129685654612623
0.501891468523582
0.7073818607463893
0.11268368077058022
0.7828367465565245
-0.5704171952613966
-0.8354907285149206
-0.6851074801640453
0.5676167000787309
0.8406524767858421
0.6356495371648359
0.8375655457197915
0.47564686165577164
0.6488510144822361
0.737339142160027
0.29436175537701303
-0.5440521717499216
0.31737548019435735
-0.5347749814811245
-0.6960651371575585
-0.5957066879861455
0.4683352305544648
0.42861859570702854
-0.3932764024695201
-0.8069784635978885
0.06723293691045673
-0.7467116263833169
0.5418287815375515
0.6507013501364589
0.2993719913893138
0.43046809804568587
0.4525624883347763
0.8570717174199405
0.8658739894566654
0.8888322828363513
0.5685313303109469
0.6894826146457393
0.7659946973763228
0.9301422760045208
-0.2178820755754891
0.7711095390960037
-0.6921450436222711
-0.1733205588039075
-0.6370873834034856
0.2959024965340542
0.5860247405122887
-0.6925552917423295
-0.8917381970931637
0.4864483941610527
-0.5964401422486827
0.4126611176019217
0.6256947471853509
-0.35419012947149175
-0.7320866477622663
-0.7243808159977165
0.007885466151194676
0.6869393078014927
0.8967143059516791
0.8940383589358916
0.34723113991495036
0.6422891641848862
0.7442070353110555
0.8272145219603162
0.8558383874561601
0.8555904100312774
0.16088611259814511
0.6654047299308237
0.741892571154213
0.8448245411799336
0.2576598187031325
0.7174606082515365
0.8789588906738268
-0.5385122617065752
0.3121533180864544
-0.8218087453573331
0.24629581673424905
0.028018240648663317
0.791100440629289
-0.008985842887117679
-0.7420970597920624
-0.7937876728579811
-0.858219146089121
-0.938697672119166
-0.4238044392263345
-0.8331930543192189
-0.8239762043598386
0.37144436095267763
0.8108130450651581
0.6976646346172564
0.7613108114013849
-0.03929262122499244
0.7313846218424744
-0.6804852495328974
0.7504153027663529
0.9220105051227263
0.9039230410337817
0.896906406576613
0.8902541314146097
0.8916369285532848
0.8815819144476567
0.7285968286675051
-0.2104077577964174
0.7178392895377643
0.8451825730251386
-0.3012313950210892
-0.7558073624701085
0.09847508736558508
0.8094716831391191
0.8299111202364517
0.8399308380014865
-0.6023535655169883
0.7490152366077905
-0.5520052521789078
-0.8256910216706197
-0.8639022296919717
-0.8686359374917241
-0.9318471293813115
0.2769587258761832
0.47293136739803665
-0.2716007073231459
-0.6527684450773907
-0.5189399591302886
-0.4692677209400651
-0.6855222212765507
0.7146751661261337
-0.5225584630251523
-0.4112150094585545
-0.5748414107807347
0.6917255381949865
0.7406862522986708
-0.6625411785355095
-0.8914771911461535
-0.9395633877790327
0.06570458782340527
0.664824674371548
-0.25839333238903084
-0.8053024488245321
0.5492094072519016
-0.2383007856668884
0.7192242508113564
0.759525677291389
0.7900341250731946
0.8126202695405607
0.84498072354331
0.20082651661872997
0.8509183401674332
-0.14304240221967435
-0.6740100963760474
-0.6970689628007756
0.24080271550846288
0.8324675550499967
0.2728465947793701
0.5519248046982221
0.7026618518893544
0.748960157323135
0.8221792588798074
0.9347126847138532
0.9273775658728416
-0.055965649426816144
0.19861625362958302
-0.8161644491741112
-0.9244809534055468
0.3809441924832513
0.6719685342383535
0.3879292704277091
0.8075604801729612
0.9027696269400984
0.8963407844441116
0.8942983515291922
-0.5820362833897399
-0.7863821960876825
-0.8950299938577585
0.3942542173119412
0.7506229851340234
0.844149087621288
-0.623323996198675
-0.5664706909940709
-0.882426849911709
-0.937029770369562
-0.7865954829028845
0.18850505668059325
0.7437204266444095
-0.4876833271032128
0.6531861162344013
0.3946301055149941
0.6483283228568932
0.7196396187408312
0.855692623871162
-0.23005393967671606
-0.7743337990838288
-0.907430388946267
-0.9026924183735074
-0.6280093909392142
-0.8233723145136338
-0.845442814990586
-0.9369143071668986
-0.4561669213594466
-0.7037878564690365
-0.7687036453332644
-0.8596052522304983
-0.8889269878315964
-0.9272700844056062
-0.9587442946268588
0.45789341072637524
0.7319374605130242
-0.2850190163193591
0.007144638578996387
-0.7940071656402046
-0.8545233104468666
0.19049147055480553
-0.8089366391838245
0.529732977251496
0.6547220471306521
0.7619884962684236
0.39856824295997284
0.6037764578840752
-0.1548087412603587
0.7928646154450341
0.9292637114051236
0.9165564857608672
-0.15264562607369747
0.7805997223496182
-0.1132641866316686
-0.7836261234490377
-0.8381880842127367
-0.857438460744444
0.47187732256792336
0.7159167248603253
0.7410003033272365
0.4047445082548935
-0.5228218882154536
-0.672166784242265
0.16170554907868406
0.7099745342437236
0.7321170496112275
0.3731621489996091
-0.6763916371322981
0.7285646807688402
-0.7309995976906439
-0.901436445903195
0.19513187834446977
-0.8168770959209191
-0.8522271987586733
-0.8649174156686553
-0.8673424256714943
0.45584565049935244
-0.704718643715325
0.5995581430820225
-0.6515602364811246
-0.7155416630006148
-0.770130420948212
-0.7991743972594122
0.6249997535305087
0.7484304985622392
-0.0072073529019158755
-0.7294803263989217
-0.8482680931352443
-0.8750283093273633
-0.918401278347807
-0.7811808856046627
0.5159064094980332
0.783444928159305
0.9285737681264983
0.9062950073589293
0.9329282671044179
0.03430333603656721
-0.7924128512934694
-0.842666645274706
-0.7778475120647894
-0.9079119492022354
0.5130644489224852
-0.7487069344034618
0.3182784299165482
0.27729735361132435
-0.35182475138011493
0.6103218876473917
0.662897164158397
-0.6791655371695184
-0.8870042769346624
0.4674955133642358
0.6416886077193229
0.9089953668838644
0.8944457874298808
0.5930976974490616
-0.7059497460248244
-0.7575454370102949
0.5047724135714151
0.14820917383370547
0.7907243847576069
0.9187539327742835
-0.3616177765541839
-0.6407291094499286
-0.7662860748046108
-0.2303556710946053
0.7923365828561295
0.8365238742165009
0.1436499245812355
0.613339789763615
-0.6223943351435359
-0.47708899235710867
0.7495535880970638
-0.540177275756045
-0.6985134180119958
-0.9024915898696044
0.12793143473573054
-0.78269718801197
-0.8059138293072522
-0.8296997673303382
-0.9265714956133935
0.3737479067008136
0.6148269556321095
0.7057710995812505
-0.40770555876493386
0.4290836750548752
-0.7222587760559473
-0.7649609529385368
-0.8197137443792731
-0.8356325516921062
-0.8456888179056291
-0.7464129840967555
0.6971605050889693
0.7544903225397108
0.8882701312681094
0.8771264820339388
-0.4767994783548166
-0.7923971842076498
-0.8678793941071486
-0.913039080340807
-0.6582516448843461
0.6922353625844024
-0.32201350888811686
-0.6921504101360694
0.46280935001081436
0.7988705196323733
0.005082640663933491
0.7085512726502052
-0.030516769061850857
-0.20791863219678453
0.8177847699551257
0.8321723690645124
0.8467057762112387
-0.5452050164985933
-0.6412175177695907
0.7291839835870098
0.7987624277478467
0.8330368954364873
0.8696755278309471
0.7761775678562761
0.8091855977159834
-0.3046851794473997
0.7629115173431942
0.7630932077970651
0.8015796646051541
0.9338868655233348
-0.17462723644818512
-0.5841487593603951
-0.5709453708512331
0.7111851682028847
0.7633471361647846
0.804030939005308
0.8296375622337593
0.8611963163782173
0.9242939206410827
0.2732061093126128
-0.7873965783445644
0.391424670032648
-0.8047632740015198
0.6593677949757482
0.6228330399938857
0.36615415122095496
-0.8210879242093798
-0.83005673742758
0.06976576635073273
-0.39310826915649866
-0.7732770552886294
-0.833613436873166
-0.8514383821891475
0.13171565015241415
-0.7841309278690464
0.5383459126451668
0.8706909584104265
0.24726394170775579
-0.2287520927721416
-0.6191132383220994
-0.7401081859844844
0.548674654507616
0.8496004780011697
-0.6513581970767697
-0.6860369555791049
0.48346815288399614
-0.6025169591973223
-0.759448183670989
-0.8457484134692417
0.5850024454957643
0.8022088957854996
0.8256883144062728
0.8553505930510321
0.3697209155813421
-0.01588208927562329
0.19458403932997625
0.7305031483111419
0.3201830052062258
-0.8312012838010965
-0.8420490568962397
-0.13073730027450825
-0.53366640486689
-0.7805238166686603
-0.8330583170713307
0.49335449187928027
-0.7224321894908619
-0.905961964384486
-0.9161720482696382
0.5044728949382205
-0.7386525569214187
-0.8845134438419506
-0.913667962238014
-0.9583405804511623
0.3501400956755727
-0.8118751785333447
-0.8792803480286984
-0.5470151221508222
-0.6839059477161349
-0.7576915901060355
-0.6552981454104889
0.7796298694912223
-0.5663699208675677
0.7383731644571101
0.35524423511489034
0.7845017927424223
0.8091154822395847
0.762126498142899
0.9250345481041331
0.9189477712678611
0.4512024600101101
-0.6032905473050159
0.30341695171426575
-0.720122956148824
-0.7872355578275981
-0.9155837977660481
-0.0912134261131603
0.6954121970788203
-0.37733287043371955
-0.647496126479099
0.4108431558964496
0.6144304121101938
0.7188468955606104
0.3541068145226445
0.8356522391875323
0.8249581072465675
0.9290912091634749
-0.06884126513612832
0.8148217558931357
0.8352521286419294
0.8554332177203141
0.9337422427586282
0.9228164283077833
0.9144824302261616
-0.3524804719831005
0.7832140689881786
-0.5848494457925644
-0.6547165676619546
-0.8248723988865823
-0.7870384405165132
-0.8349890150095698
-0.67069901601803
-0.7515532371759738
-0.4531821588253737
-0.8225207436880334
0.6380265302227033
0.8933219845927114
0.8495542005857135
0.9258353760039479
0.9189114293118947
0.913245735782555
0.9289225416294398
0.943969180431875
0.7794756694600171
0.07097116636886414
0.6392697970192536
0.08574105825132605
0.6743749967665893
-0.6158704420355812
-0.8096387722130025
-0.8511127311687823
-0.9286811424985791
-0.4255883867228589
0.6840472031830356
-0.7398361187450426
-0.8766151070244839
0.3120899059893749
0.8441198761118878
0.8237977590989287
-0.48683289232966365
0.7605863098691688
0.8707235831274935
0.8506535275579308
-0.4779453729259262
-0.7205803853331662
-0.6512418950758807
0.6745044530947364
0.8996408927415869
0.9087381328462805
0.3425127983967935
0.6658090431806001
-0.5720701990421495
-0.8594053286350233
-0.8576774984746834
-0.9097890065435432
-0.9035366774965898
0.16151513155266684
-0.8124158176342555
-0.86539450460902
-0.9435389228231392
0.24722838953933568
-0.8270165822982852
-0.8363460961431279
-0.8579310439159417
-0.9161675842761989
-0.10626715967440203
-0.6633683788947056
-0.7382162373796997
0.2660274336901951
0.08384690217197677
0.7144262777899042
0.47717503742382594
-0.5724428463485107
0.7543872918084065
0.9164367411684278
0.4618865009994113
0.645505473829272
0.765038525262743
0.8293788542525589
0.8643469103514005
0.3882562720509195
0.6035945812982717
-0.7777078458989871
0.2644552073417268
0.6332847054908128
0.757162943554025
0.8280134859395047
-0.24363011242808175
0.6667256559228665
0.9031924122999919
0.8849872153083369
0.923976438731281
0.9074584543471043
-0.4495038646847227
-0.5763087346705142
-0.7033442751158806
-0.5604833746524236
-0.7102034044405887
-0.8111868871259561
-0.824306187225478
0.4129776002828962
0.6472246713421461
0.753545966750578
0.896459778892744
0.1942498425206438
0.5675724503926574
0.8709695591541131
0.8519011143729507
0.6172189214951114
0.6565501291714477
0.9028222020038681
0.9043845338017602
0.9069852265331926
0.90779269411568
0.9402112074299234
0.8499881605595554
0.845579070373671
0.770500436133436
0.8477764471700844
0.6919845992804643
-0.6961226287376627
-0.8525571357795197
-0.9221839702535107
-0.2731120427381508
0.8394319787501991
0.8627661529070492
0.20490418940039046
0.002587143799573033
-0.1746428414634984
-0.7899459606463719
-0.9075453670246137
-0.9505015629264748
-0.6558262740476966
0.6485074352477407
-0.07569144734648048
0.7773315089211501
0.8029196437171133
-0.43330903375675933
-0.21101202192460788
0.8205706417956213
-0.2896413289251485
0.8102231629747723
-0.5654670781218225
-0.6772059063442065
0.20020757962536462
-0.7996961054503433
-0.32736647620635373
-0.5835859845372078
-0.8285071663150803
-0.9119038184639274
-0.9303241305611707
0.21042517447383835
-0.8062807703138978
0.38463224903815063
0.8548508905799455
0.9118651675986553
0.9177381729602068
-0.45836196838015497
-0.8590670232024948
-0.9056287325239422
-0.21334338996601998
-0.6784808088247273
-0.73524368602311
-0.7846979443452208
-0.2052844531021949
-0.4847031560933668
0.7401683159799541
-0.7154968378934268
-0.7588272716554186
0.5531147521825004
-0.506397946919591
0.8242085763603091
0.6494947343856545
-0.5563034898950547
-0.202695285173919
0.3712901489031266
-0.627346610106059
0.6567333596430907
0.7609057614500239
0.7393015532867324
0.8104148565867859
0.8019649415099506
0.2317354086788519
0.28094855411747366
-0.7111893164074221
-0.7658998019792244
-0.11879696582991528
0.6103878756120731
-0.7289120022694031
-0.2640490368171773
-0.5884762109336501
-0.7587968425201785
0.6149106333539425
0.7429673167178608
0.7807529192403717
0.8260133785360597
-0.18310638218612652
-0.5934737013364353
0.16581852060980684
-0.732374324854198
-0.797736135173303
0.5959197196327313
0.7016685715072806
-0.5974354793771275
0.5980491226699571
0.7415119172810158
0.7750816272124312
-0.6718114431777624
-0.7718018178733763
-0.8310951859159401
-0.8823276776173755
-0.9068772285481655
-0.9476049632924648
-0.9186031826547101
-0.7209050256143456
0.634678422470236
0.8512704722032625
0.24750835369329138
0.5856554160983267
0.736762688260072
-0.5730109158197532
-0.6047595201308253
-0.8052874590920146
-0.7460476129188673
-0.7879290072399927
-0.8630946461139042
-0.5431546243665932
-0.05784470814369569
-0.6983316940757798
-0.8918596480878431
-0.36430248861135395
-0.7160718350202477
0.22553356908113398
0.6111971743186604
0.5117899603705205
0.7768061622683173
0.8160497380357399
0.8492847191459469
0.8622866564041332
-0.5634349311749371
-0.64212803366716
0.1420708536226747
-0.5710567116395118
0.3102593722907001
-0.8260847429525768
-0.836148989341676
-0.885473197206744
0.5428194119936205
0.6093704486333713
0.8434761446717836
0.8308490897111398
0.09551177417374235
-0.8063578056989141
-0.24016640176751403
-0.6486326311020472
-0.8650998332586308
0.5667764659320407
-0.7683993233423745
-0.9100272287569662
-0.8806422422849984
-0.8660535035909718
-0.9282336699105032
-0.9188399088753925
-0.9014478358253881
-0.9352688814482154
-0.4599979093235891
0.8094772748826851
0.8305790153109311
0.5051448181180291
0.6622081315006774
0.7594839303770125
-0.26876301691817317
0.7971396647622806
0.9240685262515258
0.9086680680705814
0.890282722835243
0.8830867619986804
0.8878867075494907
0.942330975147532
0.7196090188846578
0.5486455619762263
-0.25744759747273793
-0.6516106493434275
-0.38618364719964937
-0.8026372128034521
0.5461727087234507
-0.11950058845395772
-0.049068188710198024
-0.139260281542404
0.3810505302992764
-0.31435351808474565
-0.7110888586910675
0.7299498408524634
0.8495313122299721
0.8603235988718161
0.8814948950496155
0.8936066805597445
0.8315590960139267
0.5072161673096447
-0.8278407004303129
0.5635622636997806
0.005185266782483433
0.7982843854173189
0.010800542275763325
0.7270259033062743
0.653430086263864
0.8788166545993203
0.8791809723829525
0.8802210194736941
0.9385463244233938
-0.3948961926694252
0.8586764704156906
0.8535501531146827
0.8768787687266639
0.2752613791090044
-0.772696742025417
-0.8003018052655275
-0.8219436861522483
0.2467922790362178
0.6233874997500777
-0.7277462080142901
-0.7967706474613301
-0.6176771394781149
-0.6805846584308934
-0.7541321169430346
0.40505533657767123
-0.11945275006520073
0.8213601718064203
-0.6373992327295634
0.11020088039811227
-0.11800929087529366
-0.5896226346572166
-0.7767270426548087
-0.9080594365144686
0.018599906480449402
-0.7144893220949311
-0.7520243210269999
0.026778101427590517
0.757777475554468
0.8888363490167872
0.9089136885771782
0.8365643951456041
-0.627196848803171
0.6580163396470595
0.7862940952351727
0.8185569092003526
0.9330507409607887
0.9467390617077764
0.3085447892515354
0.5861044023332382
-0.5332920681739481
0.6616751277802371
0.3682492462888758
0.8528963805374856
-0.591910850491647
-0.8521167319082676
0.528865823886193
0.3052304168502724
-0.6898038740845658
-0.4843983375472096
0.6881890949293863
0.8724113614783391
0.492236825486551
0.49964759431009687
0.6514596991161217
-0.08875931921145552
0.7841311687952073
0.9286330446515276
0.946611030538351
0.9362810195624556
0.5165580922575337
-0.6635598822014934
0.4498988964626698
0.6465945849324204
0.2992778464889534
-0.5657795949423516
0.5336902752036077
-0.08295901603770961
-0.6760080574873263
-0.780162790217432
-0.2372571406043964
0.7950789208318263
0.8354838900439059
0.8545560249430568
-0.38092538909258633
-0.5980773533249866
-0.7038056316663754
-0.5596457203531247
0.6794069744781834
0.749964338464449
0.9209188384722873
0.9130521615686396
0.9205696260214704
0.4765414667410155
0.7802024645450654
0.7900700371355975
-0.5665568676639625
-0.8313739447217245
-0.23410127325725916
0.4179420924316457
0.6440290437649805
0.7242152233139476
-0.6443506459915365
-0.2053989897681454
-0.6056436902532376
-0.8370351415352005
-0.43171984033349786
0.562730949960687
0.8888237391841851
0.8707402046343138
-0.3580954140441104
0.8297345940883163
0.8442133415607629
-0.5058078795920682
0.25114516394918684
0.7524453987184867
-0.33334772541583324
-0.5565925763443911
-0.7299780914544518
-0.861145870716925
-0.8811427513314575
0.4494096447683129
-0.7569801233650437
-0.8317261397105491
0.5103762328169708
-0.08359553088062599
-0.7528356874618658
-0.1847191397615029
-0.7914818732246853
-0.9243532701072628
-0.9093135238936805
-0.18549695205629346
0.8236399553235125
0.8361179857434118
0.9349493445127111
0.7484201212644146
0.8913432131060774
0.4298158382299173
-0.8154978976638779
-0.8301457164477485
0.04515884197819031
-0.7381605612705677
-0.8633503536861146
0.13107329632091624
-0.7899645991466369
0.6738888810731336
0.9094382363793245
-0.21853284233264914
-0.6381762472067762
-0.7175969376856486
0.2653392809297792
0.6444615573291939
-0.6182631465092181
-0.6891309628217717
-0.7566966715151345
-0.9120210706892022
-0.34693685748001934
-0.6786499476764709
-0.7450599617692152
-0.7618324191126329
-0.00707060759837197
0.7372353397985554
-0.6925996160746352
-0.7642783672620196
-0.9116691739057725
-0.9442314585921432
0.37160556137004597
-0.7490456329504449
-0.36623782368996327
-0.8103060756861489
-0.8544770054932508
-0.913549285703319
-0.898900928923563
-0.8866474250468757
-0.8895915191844999
0.40275093474883517
0.6201725136934602
0.6084049666173394
-0.6576245083716763
0.6503115399688391
0.7897693935912005
0.7488378257747768
0.8258984386939463
0.9293199961617058
0.921657511878206
0.9187698355056748
-0.4632740298349298
-0.8621044322361392
-0.9039872292023005
-0.897516022027688
-0.9285491223180156
-0.4579311217436377
0.6601817317661325
-0.7019388059982798
0.7494811315088283
0.8063521792735038
0.9284492151842583
0.9131176920788062
0.9103617487057896
0.9041822848687027
0.42724559033963483
-0.7611607692838722
-0.791800554046365
-0.02967691793296412
0.8024679511556314
0.9304974820824492
-0.32630210207563803
-0.10388027960204282
0.2170768374350316
-0.8258475650301056
0.6571386297513502
-0.7681013247128382
-0.8486475731807933
0.42168087227962725
-0.2572098680449213
-0.8020190158093992
0.5312381144601364
0.869058110420813
-0.6016461512615308
0.7583347862028604
0.0776439507783091
0.6473823837397668
0.8604063500759198
0.856132313535767
-0.03816019518258096
0.7885742488103846
0.8090750882730513
0.5069143074169948
0.8705919542385028
0.1302701850824246
-0.6146713854664672
-0.5665333839782458
-0.7617488265383066
-0.8113168578468213
-0.8861378354784984
-0.7449210175647083
0.6173114222823537
0.3970380404294016
0.6711497096015957
0.7304506033138949
-0.3020748201915191
0.5559618138802718
0.8194388523948992
0.9282070213535378
-0.41892302605111253
0.7923469985384275
0.4611730283724833
-0.12281001384331391
0.8271769882508415
0.8935888173259559
0.22367413403142522
0.6604470864157002
0.7204024685889536
0.9243781360296357
-0.018786892476018613
0.7430555085423494
0.6681602515275815
0.9062257455470542
0.8769711022567541
-0.21255288905112169
-0.6671913600900694
-0.747864634466761
0.5763234814436384
0.8823020628854852
0.9371338651603225
0.9159892414714685
-0.6028354527316937
-0.6828400781079442
0.38610428612558656
-0.8152956038006993
-0.9203653551340143
-0.7327082742958521
0.49485575146774985
0.6491417047735684
-0.734834661550168
-0.7944516933012377
-0.8129776533626337
-0.9192601827492388
0.1524023894806421
0.6901238667797764
-0.251214023171078
-0.8071674655667033
-0.7878745257209145
0.1839000391277401
0.8452697620898155
-0.3239941863365634
0.8210296440950209
-0.23974621603889257
0.7089538221293632
0.7829519072866866
0.8069156967121189
-0.44259333089667985
0.7004026884930659
0.8041431231465002
0.4296059794473963
0.6530196399187547
0.6648820251183267
0.9079334552392109
0.8796065179095718
0.9355167356079745
0.934668658102445
0.4367909537530259
0.12180503933106235
-0.6704361357256035
-0.8827460349599359
-0.8876617903723779
0.28936172163448903
0.5869011276660554
0.7263398703520798
0.7794905278347974
-0.39567524305309676
-0.7013629818830629
-0.8175824661505195
0.4745785452639233
0.22632577499085405
0.6045789373162609
0.5180433953067121
0.6511212509797637
0.7766510053729159
0.8041437223487191
0.8373569342384533
0.8546865730295525
0.0468140460977986
0.7777772071698565
0.7883286033625205
-0.07170614277700627
0.5580553513430273
0.8441375425700419
0.6203694731567484
-0.7504088906420245
-0.7937401131534998
0.6349476586801919
0.2921607353671043
0.24532276516982798
-0.8058827938481374
0.6211249478534013
-0.6784188873748742
0.5700756832635199
0.677596452910765
0.5938189293020175
0.6140188480729252
-0.7559767501516761
-0.6041043881091628
0.5590190001863287
0.8905548285005278
0.22761233431157968
0.6721305541577658
0.7628111144291541
0.8094216465238102
0.8553500337459716
-0.26568025572867393
-0.6098166196547947
0.7629756392814062
0.4479636113844798
0.5140218618593917
-0.40998564813319827
-0.017811133815124114
0.6914627655076948
0.920694451907633
-0.46770441160747467
0.7738004376448167
0.8257924746887897
0.8652886049711739
0.8887575538707015
-0.028506949106760215
-0.329409266594231
0.7398213442173789
0.8226558735462148
0.8978116556330364
0.007246701819775048
-0.7668530984435163
0.33613061081423523
-0.7502720121937121
-0.8094046737095111
-0.885398643205822
-0.8778646643941788
-0.9176909031202249
-0.9030621089011072
-0.4983867629265242
-0.601702234241305
-0.773426193680214
-0.8896401910330731
-0.9287099963811017
-0.4570039933394645
-0.16552080269539982
-0.6604122685685441
-0.724187823728583
-0.8284505418514575
0.5199706508736839
0.6483799051832662
0.716568962365489
0.5249899260325186
-0.6997244316851384
-0.75351809407593
0.08817691732927546
0.8010482998979878
-0.43382968326216687
-0.5643416585370944
0.4051750838702233
-0.7209697613748463
-0.802274911809311
-0.8868043620479635
-0.9077722622878842
-0.9236856339976942
-0.04141481146074866
-0.3878011678677553
0.5338687007848548
-0.6406689871887317
-0.7061248859349278
-0.8933595515045599
0.02437776804329861
-0.7818214777464157
-0.8526205648663502
0.07049426575826834
-0.7533891333201614
-0.7668654229067823
0.14565354761086335
0.8275090529333367
-0.4154182402705866
0.7432220280934121
0.8252945342620437
0.010667131491549187
-0.786794544692632
-0.8642509065815966
0.5728280641757102
-0.7115519487448005
-0.7935543772557558
-0.8397542073212056
-0.932729284957916
0.45372878562077124
-0.26574326413725924
0.8080961791831196
0.8112107116828084
0.9297017226230768
0.9063063462234673
0.90130797996732
0.7609704001195106
-0.31247991495232585
-0.6980965189162892
-0.8773947514940252
-0.02788440509910739
-0.7022244027565836
-0.8066258292510551
-0.8414073764921994
-0.8882983119296713
-0.9477893813382118
-0.946465053534316
-0.9257043150608871
-0.841974260003526
0.13419716170364304
-0.6519514138315456
0.7095049884576621
-0.5241016015800632
-0.6178899168777918
-0.455438759063417
-0.6524543853663587
-0.8546894228601042
-0.12389036319531277
0.820671077284439
-0.5912901783684192
-0.6616734305234355
-0.6338834210360813
-0.8912393932891507
-0.12438062015197748
0.7966498004416322
0.8048208012454097
0.8286270697227762
-0.15464836776575885
-0.6401586499721905
-0.8641069742311174
-0.7669620604411725
0.5098689084825068
-0.8196038339697982
0.22692202625842195
0.5925200296294999
0.8373787107982593
0.9315240975696655
0.18414728751349219
-0.8227953688686598
-0.9105410649337564
0.3966363781346274
0.6223999257106485
0.8831117878160015
-0.4720737241167139
-0.6066725681874308
-0.7214866987688607
-0.8994504688940663
-0.6918118594516112
-0.8918744832608037
-0.9422756964997727
0.4709259956991805
0.7733750673937536
0.8356223612622438
0.707698448327857
-0.7074918462916222
-0.7614763088509083
-0.7963517380737744
-0.8378027377660513
-0.37298713374959847
0.5619924105264984
0.6957531494027454
0.7625392679178342
0.7932366763555085
0.4421100183328044
0.6235103968136138
-0.7581574462771612
-0.8506707242511768
0.4785095964025199
0.6491932616330434
0.769355201187252
-0.5007238489853303
-0.5723947043923043
0.7396403402328751
0.7809425271174637
0.8144945830615506
0.8298691019937976
0.9297865820105693
0.3975101231146885
-0.7187721126477863
-0.07280077597815193
0.8091263168488461
0.5822151929999706
-0.4585791028152437
0.769944874757903
0.8252631803485884
0.93546818899641
0.948839584711991
0.892982494819085
0.8921274216587569
0.8652944674725858
0.8853671900857079
-0.054812055104657365
0.6007880737806632
0.7676143374190774
0.8482899666691572
-0.21903877400928962
-0.13566276018407675
0.7880276818417047
0.8959383809191908
0.7344434355987135
0.9211371046227874
0.8964719320192363
0.8941150593838214
-0.20860963951644718
0.8230557352126777
0.9255138987024372
-0.18286845414314934
0.7816199453002637
-0.523010331151055
0.6402412664258785
0.7320258252767269
-0.05231100713061143
0.7339581019470038
0.773707405255071
0.8497510119345215
0.880140488490176
-0.5056829806666976
-0.7035461911662932
-0.7500876518131472
-0.9006906948730289
-0.8893121707289358
-0.9209679448043074
0.46086877622739997
0.7244229627011227
0.7735164721756089
0.828733824925133
0.9083850107306677
-0.207779236290917
0.8233368748689156
0.8320730451573113
0.5522219537473811
0.4554051246461295
0.8494517470200786
0.8719585740987295
0.9336583994755834
-0.19141104399188258
0.8289022206416872
0.9304315426525196
0.9141164354910953
0.36662923849544327
0.5508677463057763
0.7174407363391644
0.7704777786636077
0.803152689609844
0.8359480061467621
0.8890802728018954
0.9399318424628251
0.9367124178657529
0.37422763519659186
-0.8245766679420019
-0.8799861348878746
-0.6372024724655805
-0.17791190434858284
-0.5034652019622616
-0.4202403096395706
-0.05734948740248691
-0.7048881147106887
0.5536455823470148
0.812946610788347
0.9276573289114267
-0.5363982921538075
-0.6177643309435756
-0.804175841064845
-0.7281097841961517
-0.8884023907048126
0.24769853977834333
0.707757109544547
-0.5630901125211021
0.7861465915903916
-0.21620394307567947
0.8109178612676116
0.8513441201716077
0.8838117515392641
-0.4157094607304084
0.8028302241226222
0.8234061630767704
0.8371537597058156
0.8889043954660913
0.8667714593096438
0.9296217514662206
-0.1809456347706404
0.8152098907125416
-0.6815562829366952
-0.7182746921435971
-0.8022402628506282
0.3911467577090144
-0.7189854577351157
-0.7952112751253158
0.5315890493969346
0.8458163634152356
0.86062272664493
0.8829744122836074
0.9393480948175139
0.1725267971485296
0.6015883878451074
-0.15013395919679184
-0.7649296590773592
-0.8529779322920277
-0.6387727583553611
-0.7586433242039451
-0.8486701940494052
0.5432379932332327
-0.6898945693907723
0.6708779310245541
-0.7468637837782086
-0.8754811910856903
-0.868708612793593
-0.8819569834009668
-0.8778601544067193
-0.872486192364023
-0.8828865742717795
-0.7362794705085759
-0.7821934555180967
-0.8389831154938814
-0.256576245730028
0.052734304934862974
-0.09843389129796276
0.8238048187722129
0.4284484984952208
-0.6433476978716888
0.10591261524797435
0.6327136122739885
-0.780817191076386
0.664868523341249
-0.5523612706028358
-0.6425352671260582
-0.017620605935003253
-0.7372387301599139
-0.5550093307550192
0.04023383910873113
0.7385538157506975
0.7812384253329421
-0.14562143915319536
-0.6406025266391648
-0.7118525656238721
0.2550216190787733
-0.823678545451255
-0.8544021511270008
-0.886746859000344
-0.9508598449306985
-0.9364931849733642
-0.9166622689212218
-0.44669975903532655
-0.6689398161970213
-0.7394489249920532
-0.8330781556308565
-0.8391094753508668
0.10622457270856911
-0.7757151318961997
0.32956499333802003
0.4424329863471905
0.6766654277413495
0.9021323851490919
-0.5142252732073818
-0.5052692366505884
-0.6632281055772971
0.5104968096311893
0.8647858805118409
0.26625970270726707
0.585970352987798
0.055304655482553366
0.6887461666195491
0.7401321946240131
-0.43043740734464864
0.22921031203256836
-0.32895123400646686
0.7925620457216651
-0.6759937082688885
0.015299072663559121
-0.7470691651824704
-0.5401725601800318
-0.10380023277971784
-0.6807052708303666
0.19558215948152324
0.6528927732671417
0.7209777703922617
0.9135014090081526
0.8998822058402947
0.6454116608463203
0.5660445216165748
0.8672623028374502
0.513585921195826
-0.7207307074200334
-0.7870886246375781
-0.87283894169502
-0.7807960702792943
-0.8981354290337782
0.4671269802879141
0.6251399608681092
-0.7536942466497425
-0.7962375282281894
-0.17896378212060005
0.7791108342064861
0.0485114410402252
0.7780468470224109
-0.6580981237876098
-0.7518928303139865
-0.9101310676089499
-0.9201765058221266
-0.944497302368618
0.466871329758239
0.7041721459503834
0.8993516106739359
-0.045551912529591565
0.7114417532864932
0.9205436277454464
0.9399906769415349
0.3969783571113312
-0.7541959649716078
-0.8470315326977575
-0.7788700746872854
-0.8530629991883205
0.5929048934881445
-0.7870284802211327
0.6579205878344963
0.8667878933902611
0.12572008853097305
-0.7946056199946987
-0.6748313440927154
-0.7422248895430855
-0.15615801066436608
-0.13600120676517924
0.8013832154609266
-0.5335854653245613
0.2607000360824261
0.4518231608395984
0.694593633443483
0.7953006656571817
0.7997241540765889
0.8081544882834735
0.8355732011070758
0.46801215612698566
-0.7526784000448261
-0.8975143092916955
-0.7276795120513602
-0.9046604214666706
0.10926248477162326
0.6648893239812927
0.2649614323826357
-0.8266432845371602
-0.5380115778055528
-0.8718981163203675
-0.8089831271961987
-0.8805089846760258
-0.9460165569104007
-0.15949760641655764
-0.7913667659439196
-0.12305655079194544
0.8004464290772366
-0.29266760703288397
0.8216523138946543
0.8515551312223566
-0.03770856020318014
0.7777604438824868
-0.10023182998284086
-0.29287192710116305
-0.542301915778693
-0.7764264760320377
-0.23157514672982527
0.8061283146236564
0.8987534835489874
0.9088245957265941
0.9114475359445702
0.9218178678952886
0.9244249592007392
0.9087349787057375
0.12956418735669595
-0.46017377930520453
-0.870653259471025
-0.4726379161628902
0.7120824873497462
-0.6255552317553563
-0.7234372900828664
-0.7710413412617774
-0.9138496200190906
-0.9628304917074864
-0.16392988319611468
-0.1529122149484332
0.802478710690887
-0.32355921942288335
0.7971377511981734
-0.2584830679462886
-0.11678471713501093
-0.6806896664169972
-0.767610924195978
-0.4945376763462541
0.7156536294790639
-0.5272814380937669
-0.7256961665722527
-0.7909010766155566
-0.8940574987247913
-0.9442679138546701
-0.8747227564849573
-0.8983853844571631
-0.2542198568070704
0.7387488587894457
0.7939974754968941
-0.3685328186302854
0.694061742943272
-0.3876300935371204
-0.5525030569343543
-0.7240482297085303
-0.9047438128882593
0.22035298721357344
0.8384181761991265
-0.35575222015176156
0.744684523516485
0.7982374453320651
0.17315935657155213
0.8156126985484675
-0.6648419504304264
0.6013287151800355
-0.7975112535477451
0.13205027734821995
0.8225047278222368
-0.5400786986748889
-0.6355172884299729
-0.7814661361700616
0.3380808939371771
0.2049898953973337
0.8031397113246579
0.44425170974951844
0.665598417917989
-0.5082984058975011
-0.2859555700291154
0.19450407308158502
0.773437298049011
0.2895909496859359
-0.8264150381327604
-0.4940752793125278
-0.6015009625110725
0.49630394779780507
0.6782855029143031
0.7123034812661426
0.22899802187002072
0.6604067733098675
-0.1660310597275978
-0.7896344898967111
-0.8390165463456678
-0.8748738163466965
0.06130264546455666
-0.7227182303856399
0.6825348498865267
-0.67274042665153
-0.7881857073536654
0.47044621628261285
0.6418718509445858
0.4996643857412624
0.4365889921966095
-0.2559509521573189
0.8062001292052361
0.013064083542335458
0.6772376311986796
0.7925408632165551
0.7988334375679893
0.8718917246102194
0.24727628485938724
0.2871941022181319
-0.3802301409694766
-0.827008610658925
-0.18841472804022885
0.7836390776771374
0.8050490590867005
0.835446881549825
0.849422178790179
0.561583930853369
-0.4144901640992662
-0.8042181835494975
-0.7357824221003906
0.5250164606015193
-0.6162699950396417
-0.6933564358660453
-0.33427853499317917
-0.6736954097640215
-0.7321558714347873
-0.6254170572417772
-0.8724035084289345
0.08070578900071235
-0.7613985084365231
0.5021133554046042
-0.6122021858274089
-0.7282160357775556
-0.7905230448064096
-0.28112463478161764
-0.7954471744115565
0.0026890078192285394
-0.7410635805611132
-0.4121922943540308
-0.4778056011134517
0.8278817139407659
0.5531540975212474
0.7303447709334259
-0.5618999002691043
-0.6550716912687604
-0.7503205553918733
-0.4630780168502111
-0.5868435761923918
-0.7094929109485153
-0.8132986407032584
0.03929598304918969
0.6780622834429624
-0.3574925491521417
-0.8061751574136042
0.4134565342802914
0.8550977430407174
0.8613127022771281
0.8853545662929989
0.8074048851122477
0.8298604004860659
0.1949840100173219
-0.2887029055753023
-0.5547246905485979
-0.755151863968405
-0.7066474641098626
-0.045793663288155484
0.3796278126629471
0.6187515040636529
-0.6079173873480015
0.7829296096907477
0.9144498648383983
0.94149923141605
0.6986566819958966
0.8172447529135367
-0.29305576555152757
-0.5714753348788533
0.7937036451863915
0.8043202478249041
0.9115313351488201
0.4137713140878263
-0.5877602175943044
-0.7960433225882737
-0.8807187856445702
-0.8759377922194024
-0.8286057825679254
0.22276469473483695
0.6130237859778329
-0.6199221733302986
0.7860826822090579
0.5111632235571124
-0.7869019909824071
-0.8267675989293951
-0.8459517971705398
0.5537525597121975
-0.6985571173601135
0.6071311330619216
0.7525908500482259
-0.42266105260384434
-0.5587020998643437
0.3093817964936292
0.6507845894837361
0.7665882160730357
-0.22430067616895455
0.32182620099881576
-0.6360625784418368
-0.8357259341564959
-0.8448956513648881
-0.9217360940130299
0.47808351393643167
0.4537227863454325
0.6301889441760229
-0.7883949972868904
-0.1823488763392016
-0.19091796431517305
-0.6084837469254614
0.6140068569695589
0.707263562863164
0.8188623529737529
0.8886266256403432
0.3014177721756286
0.6386897052638865
0.9057976156412597
0.8444621274230559
0.3798085074399362
0.717216167354638
0.7564670313887298
-0.6054756809968886
0.7901325669958286
-0.47231893842900186
-0.014507676869768726
0.7980983849384111
0.8101840458345768
-0.5635015421355958
-0.5702230613379813
-0.3395070177984503
0.7914322366496005
0.8379929223442304
0.8464757489988071
0.8931992396622366
0.8997318938729142
0.8830072226288859
0.8861819883114117
0.8828770126517897
-0.6293588708021705
-0.7256899824592014
-0.7890075828006932
-0.8248017600511617
-0.8772829075152729
-0.889288608025846
-0.8865126560152354
-0.9290316456150342
-0.9362212861767353
-0.9396984978454984
-0.25212634836837977
-0.801200350667863
-0.9107180767143039
-0.4395605027165368
0.16850909052122875
0.6344100776190504
0.8402369710386621
-0.5654234087062666
0.688607030444538
0.9121148062842266
0.9038645670584613
0.9477599525378333
0.2086520412002386
-0.7412756569678287
-0.42299217607583106
0.23313052934169431
0.0836204348467735
0.7471363787098959
-0.2360105877943508
0.795755650807443
-0.03657786560420884
0.7259905936230584
0.6695707427581492
0.9007544745849672
-0.187477511385566
-0.6890414946601098
-0.8666243156766525
-0.8640922493624886
-0.8962816385821257
-0.5679386217457034
0.24660649848108562
-0.8011149114089099
-0.10831276453097538
0.7861694460153317
0.8289528964427901
0.35097731197532656
0.7751732802323044
0.9291884309259386
0.8729323911483855
0.866464337343398
0.904675372629596
-0.09647902768864425
0.7771766870558638
0.8332259192677636
0.5603916945507279
-0.19199629627149473
-0.6823265153901517
0.6978682300734638
-0.33542138395392396
0.6912360436763125
0.9086805617659672
0.898844365785058
0.9027176211340111
-0.3226397207245586
-0.7127352960937249
-0.5902503589931649
-0.8865679927455115
0.3036522078830872
-0.8288424592294992
0.5947048293002999
0.432964775078448
0.64294453185057
0.7115606566216435
0.7583610035497672
0.8073556433312052
0.854767415197901
-0.3991260565640111
0.8542999327186658
0.041873840972721066
0.7729905584059773
0.8294096624804326
0.8461097142345915
0.28985176151454706
-0.8257258481146744
-0.8832280537619843
0.025814235235309457
0.7155597411481442
0.9221481367858593
0.028801406749464853
-0.6656284192066977
-0.2770946331743833
-0.17815427711556486
0.7901192076537054
0.1563065095253282
0.24938148225597767
0.5935491395734036
-0.607833073719469
-0.6639124890341193
-0.3732618879720193
0.7837655031207309
0.28972198212873335
-0.7816746931061067
-0.8857278338390968
0.4937128404758748
0.1617639932225381
0.6420343793094989
-0.7667352761309262
-0.8175504011554938
-0.855418442868462
0.20684388426968425
-0.8246265261295125
-0.9187698178020453
-0.9510051966025833
-0.3495475080207031
-0.8091348948289017
-0.14601438537581246
-0.6942649374024514
0.1371482769574215
-0.79922990967738
0.49841206587017495
-0.11019084392100931
0.7844847968667106
0.8265259067633053
0.8057605131727217
-0.5316902857588628
-0.6220867924281843
-0.8878831845971051
-0.253803245338331
-0.6125009761808708
-0.10277984171752252
-0.6789131926570487
0.2271486927923576
0.5959680694206477
0.7775717684153773
0.8033950699622456
0.9321606291682223
0.5933979816449326
-0.3883733628346129
0.6137705470647925
0.7581254134919033
-0.45940768996087167
-0.860319877306966
-0.911347034096225
-0.3291880067085533
0.7986333001893346
0.8156104097382848
0.8427403237005462
0.915822950733409
-0.5057988347803444
-0.38297873439232855
-0.8426413351042976
-0.8805771605718031
0.4901055677130788
0.7015285963051239
-0.19235795906229813
-0.5945841727681953
-0.2607963719807629
-0.6530784758887365
-0.7853475877949311
-0.8935187344187914
-0.8902066121321496
0.26407200516392426
0.7057199148366589
0.1968769319899335
-0.8093552560816224
-0.8292711162950945
-0.9241602906444976
-0.9106406163506201
-0.9007776250777866
-0.84619839244948
0.2839576459766586
0.7448132407302219
0.8306861130877714
0.8402225124176244
0.8677701351975695
-0.04045077764836913
0.5280625813467446
-0.7387800355836927
-0.8076524191556529
-0.8897147923883413
-0.6009753800369191
-0.6848949703078093
0.545837876428932
0.7092909149839561
0.9106394708369681
0.887581341843527
-0.4111562975183287
-0.8358188129871622
-0.8508217852944632
-0.8875393176342753
-0.37374393754387203
-0.5510380031602033
0.33207837131830265
0.8448197646463058
0.8483146447972245
0.8704713511482327
0.6795939945391891
-0.6531295019505869
0.51313150857707
0.6612494209736137
0.8980816501119084
0.8890390872342853
0.945375308368108
0.9421630784870543
0.5419976510181395
-0.7555937210815363
-0.4452729259060122
0.08593514670665336
0.6302825880258311
0.8257598173157967
-0.24890651524782315
0.8006139193973774
-0.3282308846636195
-0.5723056646030156
-0.699162567450725
-0.9030065890888563
-0.8520344870373722
0.316313156239002
0.7580904403935513
0.7845630791080669
0.9179658699366857
0.3802119042171459
-0.8012842093639345
-0.8297293917198816
-0.8056905734987563
0.3425260199875144
0.6645688152976186
-0.6032963588321685
-0.6883098422962579
-0.5635009935045161
-0.6901979790416009
-0.8978500784446588
-0.6333088359812715
0.30947334567977447
0.8569189705569762
-0.10962995833926548
0.8223986286966267
0.2579601721568967
-0.7308769093931717
-0.8261362316690593
0.2088997849501446
-0.7978657680807576
0.359373371622689
-0.8146939107567767
-0.9219746017420878
0.49088373867306623
-0.3137463314064677
-0.6486216546347185
-0.787323080259196
-0.8408788341631885
0.030417223107525704
0.7916261054329998
0.27505109228612334
-0.8252437043403462
-0.3648581200381753
-0.6488513390602115
-0.7197585549923975
-0.7824555727472032
-0.8710487884019674
-0.879897501870095
0.5517579323310089
-0.7402428618846211
-0.7810134551748903
-0.8296717371916237
-0.3530528477176218
0.7867349908308425
-0.6700945076225275
0.5977655668592134
0.7055296167539582
0.7787675620227763
0.8355809100039393
-0.28069400521965426
-0.5433788809075975
-0.6771308357147456
-0.8596233076873767
-0.8661393820769787
-0.8675751037320811
-0.5069385544843701
-0.6849650474815198
-0.7423537181179047
-0.8149422737202698
-0.8872824152574859
0.2544210998735206
-0.8166735807485214
-0.8349914098767934
-0.1811262611162856
0.4315499254682498
-0.516481522767742
-0.6388739084462962
-0.6445709628466467
0.7472468149439486
-0.44244362230147183
0.8245933285215841
0.9238529164336204
-0.07060025893878841
0.8109895182022775
-0.3210724824557447
-0.5871021539039267
0.6831634341374173
-0.6763875163468521
0.15619683244570126
-0.49864488964480325
0.6208961305398912
-0.6683432408693799
-0.7999420688787372
0.30038491525758704
0.5915830288859618
0.7551030963926697
0.9283932397281982
0.8967948656886635
0.9335649096827983
0.9214360744747838
0.6718963921298033
0.802547375597152
0.807329655886708
0.8304656901782221
0.4423621161355855
0.6815368635830998
-0.3203368342805708
0.795881894871427
0.9211261675205356
0.9204064366108369
0.9439757490893779
-0.3539604557645122
-0.5436511553255847
0.5647804973439194
0.6872233920484134
-0.7613409881959028
-0.18934976057015684
0.8294644277614511
0.8296451595799741
0.8407486963218413
0.45316820468791863
0.6755470171905056
0.7506458362018813
0.796450052367599
-0.18222725491109637
0.644671222763489
-0.2874831730700358
0.7982824122940546
0.8226098584455073
0.5672893348463959
-0.6551153480965874
0.17456578881535423
-0.8185052594943998
-0.7122063302647559
-0.32269571428549204
-0.8179833707504842
-0.8512267986144556
-0.8527305380078953
0.4485755969335268
0.763638323701948
0.822555840558963
-0.39971292036029094
-0.6633295225633276
-0.7752302594698541
-0.6154262543445272
0.40387661739299285
0.6028139368040935
0.7237026856338937
0.16035899101864914
-0.8008924704184948
0.6494305712596977
-0.24801094007612257
-0.788950443624685
0.6445017551971397
-0.2748548651749574
-0.7228255475232461
0.720798074017466
-0.6635596938273354
0.2086422906428813
-0.8268442012914357
-0.8220465829615868
-0.8575494146833713
0.5324795421593123
0.6740068010791813
0.7773185278556791
-0.610380215935983
-0.1231988238682955
-0.7507134387101205
0.6461669539351014
-0.31290489059628146
-0.814496116826745
0.4146981390355833
0.6723914314564812
0.7488992683497486
0.3720390449800488
-0.6782075899951688
-0.8415339705701299
-0.9176260516077885
-0.8992613637298046
-0.8920255163840449
-0.9239452491986303
0.4856040348075783
0.872453558756946
-0.35903904798132014
-0.6988795508360484
0.49254532676449103
-0.3352174451380663
-0.540942098588268
0.5663830681592985
-0.7153074583905592
0.23333068912722843
-0.3012355568606482
-0.6241006900527231
-0.7339839621957938
0.6863382509463862
0.5545145143700811
-0.7833138138287068
-0.09538107594227374
-0.6746963764172709
-0.7983817738961637
-0.8576785610341371
0.26599316370649784
0.14092202784205599
-0.5596696799275487
-0.698892708987459
0.11033420375581393
0.7806323695789772
0.7960290137355119
0.8212313512232401
-0.595913433162305
-0.1770714877169497
0.833103251273487
0.9272991769740411
-0.4347951772526941
-0.5738181949262173
0.5764314114507381
0.728461375576386
0.9258258894726559
0.9088380380008296
0.4597011337267023
-0.5477320548481004
0.3953297149988193
0.28137287205617123
0.6409829706170933
-0.6321398147022204
-0.7915101623113519
-0.8287935370484203
-0.8369899464693202
-0.8479529653263159
-0.855534242172555
-0.8541325752715963
-0.9018563479460686
-0.9207718690173159
-0.9038606781556924
-0.9479258264003199
0.2608946318071972
-0.6881881308221636
-0.7620667673744479
-0.9144337463353444
-0.9278106876721128
0.23012986672604585
0.6709994920500859
-0.0362520331607068
-0.7603399163192643
0.5382603160456629
-0.6504019994542352
-0.03535067166095329
-0.7310397942964766
-0.7480381188722862
-0.7874655472864599
-0.8483904266361182
0.5630564224287948
0.8212681076064337
-0.5659146192317601
-0.6553961055693582
-0.7348317833436212
-0.8281358773165441
-0.6890159518412262
0.2543663899656894
0.8579277688689919
0.8843146006654605
0.9219214563900706
0.15465913532032016
0.6651686907356529
0.8890885100456851
0.8815538524968007
-0.3143345011843912
-0.785368647906779
0.6048715411409205
0.7176039848525984
0.8769611295495896
0.04629088159511219
0.7513367547993048
0.9272283176992551
0.9435345589264397
-0.4762889448573715
-0.858936836798564
-0.7829525956078982
0.672891501830218
0.18415389398864135
-0.8088534836009298
-0.9179842257016118
-0.10985098521460102
-0.6311689393969737
0.5361908659349763
-0.7407474072697551
-0.22152582704431878
-0.7420687541094861
-0.7763948384356352
-0.8887301111865835
-0.7791299042754085
0.15032059425167743
0.8158819957734644
0.8983624116910687
0.7168492284998884
-0.052724051259424476
-0.6972656011788645
-0.8885376991968303
-0.9400947248867896
-0.9360320126413643
-0.25878093909548006
-0.6171457794299267
0.5890772129574497
0.8529868460324843
0.8647188104029164
-0.280881344747812
-0.5682630311048984
0.720756900302195
0.7720979346104355
0.7959098942605987
0.8709301229416171
-0.42054636967027625
0.8339210287198255
-0.40066573625583346
0.46285840249588595
0.8111436665258316
0.11454513727112814
-0.488274590836449
-0.6811118371203712
0.49801958588011774
0.6437366427833819
0.8842081242452824
0.8703180406613737
0.8957142862247982
0.8777762345247868
0.9360297593784213
-0.4400714293547674
0.7556892084911928
0.018515257235865334
0.8007560226849033
0.8258026251560666
0.8376535209452889
0.9034839410033493
-0.045818879915786814
-0.7122830452137938
-0.8252202603547123
-0.9265221947760527
0.44500052041892935
0.8544001146702744
0.8640461401100106
-0.1712598148969129
0.8344692231617257
0.8058638897863919
0.8452953806297063
0.8584596149323052
-0.10212203133376985
-0.6904021044826747
-0.899453203920328
0.27417880177918685
-0.49104619509511727
-0.11891728462899898
0.7736867167783441
0.8094424461212124
0.8393957318966534
-0.3328917856201927
-0.5391305064530183
-0.6864372639022005
0.47431653986288613
0.6537967294326312
0.16205172292936565
0.8147462597639537
0.594302068885421
-0.63997557501973
-0.7569289172276947
-0.9012056452365869
-0.38509812803440213
-0.5650210521944783
-0.3132230939921794
-0.8155699015196511
-0.8811312731793763
0.05507205121207237
0.7591113691872626
-0.578641707122
-0.756649136264341
-0.496722823630134
-0.6994075240185536
-0.7781164806911787
0.501950872680706
0.8499812333411432
0.5742547504344471
-0.7855066848724405
0.36611701826263654
-0.7770473986520243
0.004519320833643592
0.7042314988619471
0.8182869884291744
0.8810521353528402
0.9429152252137418
0.14490914679218103
0.40468969313495395
0.6304382965582629
0.7061712788780159
-0.6489550720075159
-0.8557006830118802
0.14618171931470347
0.7107449387258995
-0.6082418647500589
0.11501876499417962
-0.7988432798490946
0.1964868430367377
0.6374809418315139
0.7373248978823124
0.7753078163759362
0.8174409152693671
0.8086278731655498
0.9305560586575818
0.8827967556486505
0.8899692540984787
-0.12522405885232013
0.7869792437091732
0.43261357708739845
0.8363089042807805
0.8750737937060575
0.7586303308270399
-0.020380244113515023
-0.29963439639728184
0.055137279970675745
-0.77683435725146
-0.8034957993392067
0.38392465815343946
0.7494643477460616
-0.27812554590834937
0.7294553618207817
0.8158299749785851
0.8282242836848928
0.9176183836914864
0.27675387728886736
0.8086231838826661
0.7995596937895117
-0.3116082138910172
-0.5690053016488708
-0.7636489539440956
-0.7971928112004385
-0.8564917065697419
-0.1192532058781024
-0.7545717123503484
0.528367884494817
0.6480862183765363
0.009526558452300549
-0.7775187163693915
-0.3894062184537994
-0.7056908501908796
-0.7703110243375415
-0.8977757997399661
-0.8939681441175745
-0.8705885997996612
-0.4423989713664953
0.21940633333155835
0.8340590607921754
0.16220115916082367
-0.8032854517746086
0.15865036135904576
-0.8048533881829256
-0.768901304174548
-0.9061735657513015
-0.030679645036466363
0.7654312901207676
-0.16492205962028383
0.7979657252477173
0.5685106861438192
0.7283278600110912
0.91954319639392
-0.18443830411028173
-0.582082996731444
0.5629987655504121
0.8854580272912747
0.8976252808491483
0.7820606911376993
-0.5133495450173673
-0.6148852693938578
-0.7930372925544764
0.6223236572078437
0.7357493936820185
0.7731341624857098
0.34417348201712294
-0.8283558989085613
-0.8571076870210067
-0.4807312605530689
-0.8285197125899604
0.39374290383409494
0.8527988338752406
0.5607603553283436
-0.38463450197649984
-0.6820248977455244
-0.751694403299587
-0.8448540551607888
-0.36181265686449726
-0.6414569836972375
0.10033506562224459
0.8187733270545732
0.8423477508521227
-0.5640785706530316
0.6983305996412204
-0.49556911786267666
0.6751079698087075
-0.4332864954684992
-0.6186584671285182
-0.7203210674299759
-0.7840249301778253
0.3932498387564507
-0.1014451066501767
0.8118980949266945
-0.6186347867163118
-0.6864908122552248
-0.793865388350344
-0.6079509983961187
-0.6816572350251257
-0.8217865540216149
0.49044470970037213
0.7823379298265587
-0.6557552760727432
-0.14193528819322832
0.7542227117445515
-0.0042940057376537055
0.6987010393040094
0.7573387829892921
0.7454251861750774
0.15995888065680597
-0.8146105642843631
-0.1994190826105089
-0.6569522795108043
-0.8873216822471012
-0.8784693531270773
-0.8820082830717111
0.017048656422384845
0.07873109304815906
-0.7507356097396702
-0.8175852329578094
-0.8497803955815744
-0.656604808317508
-0.7636328588227126
-0.9041746201177363
-0.308295145263483
0.7966610859137997
0.8530122071455473
-0.4549539340280264
0.6808302744404815
0.8795669537956374
0.873636824516941
-0.3170864116404988
-0.8286030581337223
-0.8942794885922192
0.4903871911209199
0.7229812997304761
-0.21371162158660617
-0.7237471520504958
-0.8010620514732603
-0.8626332518167571
0.5720440688023338
-0.7453233758223033
-0.9085381085900323
-0.9165473935917282
-0.9380667059351999
0.07618812837313249
0.7739725268579007
-0.4786120335707751
-0.865498313811725
0.5831122933198516
0.6833664525862828
-0.4060307827671774
-0.790102595245262
-0.8148561256433687
-0.8525159060346899
-0.8531728900540182
-0.7878197736585177
-0.8732691451066916
-0.8820631594273437
-0.5625372834371696
-0.6736905122843762
-0.7522157379679604
-0.8883886145830449
-0.9469975585907038
-0.9495040041513005
-0.05276733720859883
-0.7548499332040377
-0.8625717850962309
-0.8941962710798741
-0.5681769000135801
-0.8581934357694303
-0.9308101381532119
-0.6317859561119321
-0.39562975373674925
-0.5729930736849622
0.20214988319136462
0.5862883787231745
-0.8023418288438291
-0.8028462860981612
0.17233713922955607
0.39261992310605653
-0.7014280902163625
-0.8952121538195739
0.03258315949594803
0.7414482676476946
0.674564612218729
0.734532409897094
0.7013763443368928
-0.40848622022284053
0.7879131302232103
0.8844286355763076
0.05444933899511706
0.2021698790084947
-0.7632634270776567
-0.84006525277347
0.17722845732397396
-0.82146619960594
0.1422465314991379
-0.552386528093723
0.6565100949397948
0.18932742942117198
-0.36052633806765333
0.8459571475898342
-0.208383128578157
-0.5752401786382615
-0.8492976319194409
-0.8871054022381197
-0.9236529575101329
-0.46204771657548904
-0.6164821668667204
-0.7095822303510733
-0.7869955125557936
-0.8412703063356978
0.2991591016030568
0.6754502645656817
0.47389919248264367
0.8594943110970499
0.4115606755429979
-0.6785945534056642
-0.7454188762575972
-0.9095664813544853
-0.6641160273963764
0.14628498445165516
0.6708846506152735
0.8264346044654867
0.7712732587798035
0.8097009013295413
0.4872053942838359
-0.561349921263657
0.485601048577579
0.514390766430046
0.1094212710196476
-0.24176570555253019
0.8498888424627753
0.7824284666933228
-0.19069626308707566
-0.7638986039219733
0.5210102029631949
-0.6075815051663722
-0.6368390534138568
-0.8603327121623321
-0.8045764353187725
-0.8255468703291607
-0.5549041644587234
-0.6455235786773563
-0.8255960604998006
-0.8377097420429622
0.6082962003342802
0.4532573100948769
-0.5889825360732048
0.73893001124047
-0.4421736149752722
0.03434849872339041
-0.7524983546452687
0.11440277651898456
-0.8166818090026445
-0.8459837358436277
-0.9092686699088082
-0.9241633548737507
-0.9332835691640043
0.3167274504631534
-0.7602417582611439
-0.627924386959505
-0.6975821629533867
-0.8986895282693242
0.4139001257824575
0.4218508808192609
0.6712149643613154
0.8878427986271429
-0.021134653544158555
0.7434712731887545
0.7703383113930011
0.4959502253316892
0.6390668804861346
-0.729712810153426
-0.029754193035959497
-0.7863857583066713
-0.8896241314446984
-0.48987281989967957
-0.6688834227905278
-0.7814638830775735
-0.842970073857655
-0.043542050947734445
0.37859996370449633
0.854490238495125
-0.6323190918790653
-0.741394403498189
0.49606436139968646
0.6872429369344999
-0.6414045716348429
0.6426061906700247
0.7214614926068961
-0.5851006450743814
0.7182915738643689
0.4411130828950023
0.7056471599742904
0.49074558332957463
0.6955190477632243
0.8425336825447822
-0.13992088367943145
-0.7141469932571501
0.5481968134791091
0.5840418261508462
-0.2378608670792166
0.5009544176585867
0.7160982734513264
-0.363099816180934
-0.8073748409540518
-0.7781800096847244
-0.8135783270753463
-0.3003790642506099
-0.8030418296654154
-0.8916791985824812
0.49540739684170876
0.6435516062061517
-0.4717052514919984
-0.8640890056553236
-0.9060878638898162
-0.8961265536642232
-0.9300424608681749
-0.7851208116372967
0.6450658694837281
-0.042057935507900934
-0.3383385738117759
0.6627793858842443
0.7587145859744309
0.828861854359842
0.9163635890298447
0.6854601315146207
0.7098470714497831
-0.5813253921627013
-0.686740548098057
-0.8232498062919517
-0.7974708708524891
0.5237160162687797
-0.40395080311628795
-0.0977724618532898
0.7457268336745961
-0.46136612462821924
-0.861571090945796
-0.8730776322082034
0.5535550246418419
0.4327313828034518
-0.5405614667685619
-0.6570975769430241
-0.8208381088823211
-0.8437754891089179
0.5313358462364743
0.8510310586191154
0.17987251033691343
-0.46796648319494016
0.3743724608102943
-0.7399108812456907
-0.8900589316123565
-0.22950990670357796
-0.6336605484949538
0.4608189668229874
0.6718803904441419
0.7411606273287046
0.5653727895721727
0.293710480281536
0.6926467044625058
-0.5838196584403619
-0.6871613689150433
0.5422720874079185
0.8806337194889273
-0.014933106379841465
0.7821556574568118
0.2647344330620056
0.7869920588334856
0.4780110026417901
0.6310266746815667
0.7080564261648739
-0.4137425543379267
-0.5552937154530009
0.42416847963637294
-0.755959599088432
-0.6623395546621815
-0.10996551603150517
0.7400205906730359
0.9157836170025433
-0.27481906758378205
0.47231361801631144
-0.7243533773444223
-0.7830143697029989
-0.8691795347392908
-0.891557886537619
-0.8162039617218203
-0.35409574057177995
0.7113549530092607
-0.6016981036389253
-0.4595235314234203
-0.7959979898029754
-0.7795391194904263
-0.8918508317248002
-0.9003940311223555
0.3517738233795822
0.8542435842247296
0.8821046555125613
0.888002377224044
0.2563954924597909
0.1381141266033732
0.8095382880608024
0.9319565421440659
-0.5649128595996364
-0.7691681228408818
-0.8960263066646748
0.4297792385613428
-0.712148088422596
-0.7901777324337259
-0.8687639204863562
-0.8792158173307785
0.24322738250382336
0.6951395344844722
-0.490121302165051
0.676305076881232
0.7894369890614976
-0.6296793604477817
-0.6850075885631605
-0.8151781282988035
-0.8350219178236273
-0.2174496129318586
0.5635843032013332
0.7934502434597348
-0.6999919895935582
-0.860267125785332
-0.059638676286574155
-0.6753993317295366
0.20033352845590024
-0.31831485193832054
-0.6102745127673685
0.6362783681523545
0.8349412004009376
-0.18538596263921958
0.7811815537520344
-0.3459734566886541
-0.01775552675356784
0.706408265198659
-0.48787082787854796
-0.6639450735329866
-0.03834723131729012
-0.726559527255425
0.20579946252835368
-0.2813269839836168
0.7953863776318555
0.824554351730302
0.865332985454297
0.1556617661126447
0.6055690957167001
0.7220227190393549
0.9080936125632026
-0.4413638966705731
-0.8519190292527312
0.5687588267824519
0.6871452860945875
0.7769212298452561
-0.12302562036234543
-0.7814439478961768
-0.19217150640140557
-0.6339064801166521
-0.21525474279755485
0.813034507687209
0.4092312056661267
-0.34334842496407103
0.8158047160188995
-0.6084773103114811
-0.7686456027921995
-0.9136844099436615
-0.9430641413218446
-0.9445774575790741
0.4187433871114361
0.6517945018454039
0.8033204256684565
-0.6881749856149388
-0.7260563090583495
0.6940028146252473
0.08307388249830905
0.8117194221686865
-0.08150376518692748
-0.13218500511781217
-0.6900443607941373
-0.3633862352958699
-0.48573339133905225
-0.7338487512333037
0.6500849367892518
-0.6700181241593008
0.5331719534278949
-0.7294176042927554
-0.8207465431360765
-0.8356243089801089
0.24977311379246703
-0.2152826721097092
-0.7754196307732
-0.9053762030088327
-0.8945515628242009
-0.9075592525298933
-0.9555503392616259
-0.9396527801038672
-0.9242305732448655
-0.2994690506261497
-0.5402043167671846
0.6467254777664742
0.9137575944149992
0.6980194420163472
0.9121654058834163
0.8969044210151045
-0.45718554836037995
-0.8598942451532856
0.25175167095888384
0.5961945091624241
0.9009366426017256
-0.08894903435306345
-0.6659056987062186
-0.823454476675909
0.5716412496325114
0.05686396685054729
-0.753077602066828
-0.8301425843071311
-0.843773394726055
-0.8519142180970023
-0.9347753942606151
-0.9236803224310239
-0.2521623527110781
0.8100825559446443
0.31240958940889274
0.7444079259898084
0.4241542459457548
0.6060752467113157
0.7558424829869244
0.8317038492310525
0.6730362420795373
0.16969107391415728
0.7129282257350462
-0.5476622463468455
0.6898046155889193
0.9229502322982681
0.941432036339797
0.9406137037903244
-0.20626764066012404
0.5847599195937516
0.7113566009518582
-0.3370391431814601
0.058062029970361584
-0.8008681484784859
-0.22499692724081277
-0.5668178927154675
-0.6492277738857146
-0.8320908624545829
-0.12082074095997752
0.7607068827772452
-0.011863069446828245
-0.7217433291788504
-0.46026572954564915
-0.6620495005917031
0.6740018812005182
0.7871988560932615
-0.49638193642746353
0.32617063970159843
0.6367827717908703
0.8417007848037621
0.8382816182776736
0.24450561050935016
-0.7128176998214514
-0.4037306122439779
0.7560778947432716
-0.5921920484938945
-0.20053943438751176
-0.6431015282249442
-0.7696421873767747
0.3010382644394387
0.1518246563568375
0.02307349118635149
-0.7038367775110228
-0.6860262257279407
-0.8875438518150272
-0.758800502135566
0.6851589624810932
-0.6492031435292633
-0.720245287036324
-0.7827211032590834
-0.8280005263804074
0.35616371417644177
0.6744434326034929
0.3648301026878735
0.5049603117993808
-0.7038367386833699
0.726482853256601
-0.6719929146770047
0.5645549536861283
-0.6617117332521096
-0.1510947021587299
0.7821128062474532
0.8033879570800433
0.8991214061093074
0.8829503127784053
0.8929934357485194
-0.49079456236961394
0.3010516780098491
0.6837547293418289
0.9175113846239411
-0.6031488076039484
-0.8536507747921906
-0.9054280691516706
-0.6752686486760676
0.7008588750918856
0.7810433658432776
-0.650469936883945
-0.8813833380510431
-0.8875294237844662
-0.34215197134302655
-0.7949494744534793
-0.899250433777222
-0.7672650275684627
-0.7962326750574223
-0.8262371017741278
0.11408561572663678
0.6208273686536867
-0.5938641149052233
-0.7488028025072369
-0.6560523786687251
-0.7476454399771437
0.4163157479910822
0.47241083244791926
-0.20711607596831416
-0.5754945138714647
0.5920442279416347
0.18724212036385923
0.5840333445555499
0.8478375665195672
0.4625785550607666
0.6283217915189814
-0.3283338409775094
-0.6693474407412403
0.2792134622862885
-0.5313879708494116
0.8281982532073429
0.8311406119661278
0.00475704860407844
-0.7405707963888474
-0.5396750336452727
-0.7173066078974092
-0.7667130259480412
-0.9007808535916915
-0.9538018962222297
-0.9635420982644927
-0.9343503017401815
-0.9251717604193087
-0.8922509685524346
-0.8284127193233937
-0.8549034391827184
0.16353050327414675
0.6222411553582494
0.65015489654519
-0.4927594354193172
-0.4564881427311669
0.8280303136734204
0.8274519370828795
0.18620883803110044
0.8382109922946206
0.8822359870030396
-0.3371680624669675
-0.6971139478259096
-0.8282040473133307
-0.050089840667272734
0.7960062291166199
0.8721436420512265
0.5512041466900468
0.6557017909444063
-0.44679118092877124
-0.6434771257707614
-0.6614723849281143
-0.8783365459592025
-0.9244002097035564
-0.36989018681399255
-0.6278253483329184
-0.8151149581333899
0.5937744216382883
0.8656715303310591
0.6056423380168348
-0.4744142659322004
-0.6625143449325714
-0.7355743317872433
-0.8183185217699099
0.5613764794004081
0.675952954309994
0.7885046754562477
0.8051594003847498
0.8850372400596169
0.8728609971005497
-0.6203577283553572
-0.5323877290250401
-0.674161393059973
-0.8493125805988017
-0.8557727864323688
0.30606558629274416
-0.8265339019499593
-0.7231006266906665
0.36474021293728787
-0.24048969511264917
0.8018691381902261
0.6819258456050414
0.777963213964121
0.8250167380565399
-0.6012671875945539
-0.7340498617998894
-0.8079720187289793
-0.8246058452589472
0.3846521101526561
-0.8350255710405488
-0.9236204276673388
0.10549262851833396
0.23366077348728465
0.5949554716926373
0.7061865348674521
0.7696328054118722
0.8010868870431718
0.35349361871676055
-0.824243015179233
-0.8376710602705657
-0.8786663785970027
-0.038466662236180005
0.4262918734901182
0.6300201465440327
0.30442494893320693
-0.7732130456606084
-0.8448368762175986
-0.8479343657654365
-0.8524939678239603
0.37991370410633496
-0.7194606883904089
-0.7943842720102893
-0.8202104473713059
-0.9286173291039732
0.41801817172188493
0.6308153555444413
-0.5234901298294679
-0.7844658404485421
-0.8510068720488159
-0.7174650587740388
-0.2047529844443421
0.41158445139045985
-0.23316196571234116
0.8198375201374184
0.865723274030419
0.900895994334699
0.9095137002456062
0.8436877889881125
0.7181346677791167
-0.29107431197921896
0.7737220611468365
-0.2505315888449777
-0.7932957515435592
0.3948396132788854
0.6048533254407846
0.7250267349876462
0.9251004331958572
-0.42816363358469345
0.5425222488157073
0.6704110044238323
0.7795998151211003
0.9275339768764221
0.9072219800768069
0.8911929871722248
-0.1421387327270467
-0.7311658246328632
0.09559516287231218
0.6426551157230824
0.10753289876635885
0.6279334421690537
0.12086078776362852
0.795613719176522
0.928709574822985
-0.442680860376669
0.8427312251367518
0.6921317576383779
0.7997673842069
0.9299058875604673
0.9191482525984027
0.9326509884247154
0.9386498176730262
0.1807709642642883
-0.776796240508202
-0.3785856724875154
-0.577090888618798
-0.6561547530712863
0.4755661726968208
-0.6011019519474663
0.6824693371165786
-0.2626906587692681
-0.8089715940385358
-0.8297660518823003
-0.8675608855487424
-0.907608034797977
-0.8892331103311034
0.0643822503523277
0.7991935671944941
0.5385729855109009
0.6276823464240537
0.41483136972659973
-0.716576746284509
-0.811054245043976
0.29499972260049234
-0.8263037498517036
-0.8883008251913476
-0.43166319133311926
-0.6298484177809376
0.0969764632914718
-0.8162038261719156
-0.6054212680211097
0.6732649089112586
-0.3845243956725637
0.5889360861898425
0.8760788172055844
0.8782691042304325
0.8948782414735701
0.9155254544673281
0.911095096813421
0.942276055534707
0.939829077815135
0.9383369777971897
0.9279197542776167
0.8065705021691414
0.844544628074485
0.9390920341491886
-0.5600131266985664
-0.6181775850141153
-0.12966059119555573
0.7748943065222595
-0.04200283084656786
0.8019456205213416
-0.4723889316651133
-0.5997513192059698
-0.2914445955403637
0.3033501280668174
0.8337355563407696
0.8421716162840915
0.5426271409855332
0.555880761465166
0.8628458560851919
0.9208773228419476
0.950498833343387
0.13844479204282578
-0.7935731706827053
-0.11363635923553761
-0.3806835242904554
0.4963793692931009
0.6439094684277398
0.8479017490557819
0.9263325973164365
0.9065350211645973
0.49709321195554046
-0.7469903023582836
-0.8088810496695333
-0.868308222338711
-0.8782080585976706
-0.7234519671426971
-0.7770196465709143
-0.8452513752100287
0.1629208497660859
0.8309269225650835
-0.5165918705600283
0.4275779260414694
0.8555015278400278
0.4591990880346517
-0.8042775068277987
-0.10925209368465505
-0.7057186361698067
0.18505415590770613
0.009308540608415239
-0.7142049333605376
-0.7530003137416666
-0.8640319573917955
-0.9126723349268504
-0.10278236571192001
-0.7766623153421623
-0.8562562827186468
-0.34633786759401386
-0.7891412575177066
-0.38963968332220333
0.7909685489389509
-0.4286142964534787
-0.1905911323981917
0.8193121970466166
0.4585823282513626
0.8620835001668057
0.6890103778707866
0.36846925025792054
0.6154307265974872
0.06580027682165102
0.7879698820431822
0.8300283256972756
-0.3724928508403531
0.6039059510655649
0.7094664246791569
0.04427590529678471
0.7921951112463199
0.8097249778707309
0.842872729302935
0.8716266342805559
0.8838635049986932
0.8914409621593118
0.31363473285535726
0.4707525429687489
0.7502131450777918
-0.6407747702232647
-0.7180173299369842
0.19326358645304187
0.784642859483849
0.8193024009271126
0.9353212901050683
0.9360377851037975
0.9165888885842894
0.6380454742407229
0.6301210381256082
0.7579265106133668
0.6310485793238423
0.699465986653004
-0.4993732197603935
-0.6384407051368859
0.5774735444988457
0.7547072752610677
0.9285537772612009
0.91234475829517
0.4152782342814365
0.2509819984922901
0.42918853378577215
-0.21794986543386918
0.7927428587757344
0.868537625486492
0.8913821049616113
0.9048624245976604
0.9437199631350823
-0.3627391561827822
-0.729218529905059
-0.548038651060162
-0.6834110145235912
-0.7963072091335688
-0.8478326285555524
-0.8112257059148105
-0.8293628626336325
-0.48395810024733743
-0.6175207012529564
-0.7754247047344208
-0.8494969136399049
-0.8589734138670071
-0.1960449761445926
-0.5920534797327279
0.7533468345683116
-0.019089576385536322
-0.7907760807881735
0.2329160871977778
0.5878684019960272
0.7157771562546305
0.8957617537745526
0.8698756255645355
-0.11269431318632939
-0.7688377292963351
0.3939042420140455
0.40649130414947954
0.617610827236011
0.8308667232701337
0.8637904144053541
0.3419368493078021
-0.7669024971471063
-0.7305707798159933
0.6514539640127184
-0.7807461614611043
0.0763002146781897
-0.7775530941036017
-0.7889167468065197
-0.7315863062204294
-0.8964607108040544
-0.5200177912039348
-0.7353389860756081
-0.7746233362214502
-0.8290975767548835
-0.9009402053223565
-0.9555654483063405
-0.9471864868996197
-0.9201816017814368
-0.16293509715226429
0.3627863788054866
-0.8155818732178064
-0.8160179753415049
0.555314544627785
0.15355399911389145
0.3550701292031466
0.8317181927939215
0.053940730221577526
-0.765430406269468
-0.7780003707129182
-0.7043070309358199
0.42563514101957023
0.6139306607262307
-0.5669138052951597
0.7763140756139
0.7903056872847316
0.024620867691219184
0.6823574004627584
-0.6665149381950912
-0.7335659414719531
-0.7849121313694545
-0.8417190116920055
-0.9333586834206582
-0.9671186750993666
-0.9561036788355728
-0.9693893394355484
-0.9669609095818608
-0.9352548274241032
-0.9438103550517982
-0.9352730460707552
-0.11494171647334839
-0.19845064431698112
-0.6576710128474399
-0.7513247033987439
0.08047431116606485
0.006598629855105509
0.7253337593355258
0.9009827027256516
-0.2256483984666693
0.7425120414060193
0.7718474115071945
0.9244265376546446
0.7414806979163633
0.8678040876928466
0.8291809552287497
-0.31605234643248936
-0.6685904493987198
-0.31526601670863497
-0.6402394712413355
0.7178131570845887
-0.5448960628590027
-0.45194482143539183
-0.04699054918353851
-0.342131846479236
0.5770727803155864
0.7157950894070157
0.9128909587967524
-0.26226233065743343
0.6571932465436403
-0.7369933578418657
0.5302094876487382
0.0025378752205489352
-0.7030835715157544
-0.8904340549174729
-0.3227166872921463
0.792239549938657
0.09636223484568363
0.7654723304325557
-0.6585698571277521
-0.4339474153924001
-0.8480183473286531
-0.8258169675888947
0.612596454263391
0.7481832858283519
0.25610242064891575
0.5876015372042807
-0.6750577379360411
0.34891326141537315
0.2991735603441743
0.5861220222829953
0.8621010307125061
-0.11584159368806679
-0.7266482227148942
-0.8446939115493213
-0.9233749893844967
0.43780546248418495
0.5628429702000532
0.6865175741667062
-0.6945569851964208
0.43215808386040533
-0.8191236969255343
-0.8797046369598748
-0.9447581075087961
-0.9652878410392787
-0.7584305006398341
-0.8485618373746662
-0.886331621476649
-0.2959695052086937
-0.6511446498219837
0.688573239949146
0.87321494292307
0.9021310035000141
-0.47925754649343855
0.7190265599897143
0.7784772609253243
0.8386688063315477
0.8742593755616113
-0.582087350320089
0.5562724541256274
0.827893845718805
0.6528663971979303
-0.558885454027571
-0.4953208546340997
-0.643810973551427
-0.6154984906287604
0.4980032382104207
0.8167230876075291
-0.42606603367959983
-0.7974477106387932
0.3673686076384295
0.6034089210274376
0.7028371376063942
0.7869096683380785
-0.09806995986239353
0.7797404529717908
0.7851550763345554
0.617881225506465
0.8980457173647987
-0.5621124538772333
0.5554898474102508
0.28125018876983154
0.5862056127866706
0.7135752343377522
0.7575773923108835
0.7893077644627311
0.8382885374401645
0.8751792786906305
0.8831233017550144
0.9412364744630086
0.9284545977770688
0.009473104992979264
0.799451014293868
-0.48577536230956775
-0.6970954696384227
-0.8175834916282834
-0.250603675343817
-0.7926048299490596
-0.7059658330184482
-0.8456933179134247
-0.9340822108755918
-0.9417392712800806
0.3510153727066976
0.49535972955398466
-0.348137573894574
-0.7926182264276838
0.029610638971161007
-0.6307175470430375
-0.8019274447803302
-0.8557575757334309
0.2675299993733824
-0.8201251388115243
-0.8609256246862986
0.5573502228848055
0.8546099003898104
0.1584232171078097
0.6856596256675715
0.8295375932686093
-0.07704170362760321
0.4219176479016913
0.0862300251235002
0.6593595401245735
-0.3499824243841845
0.6929440398978757
0.7867567142356406
0.7319909977246193
0.4893677858358354
0.7332793900187247
0.611035295380338
0.8818258656346594
0.8271110999293543
-0.05277714945010836
0.714471909157685
0.8034297700693591
0.9334751507385828
0.8038124325138483
0.1860315648978066
0.6278504424870246
0.6171495721013713
0.8858239212851664
0.48361890817723396
0.8613797073896448
0.47969840942480313
-0.6149302084580044
0.4586682454888369
-0.4767621760084273
-0.6187893249074938
-0.5631351962029509
-0.8703069929350966
-0.9072559858795708
-0.9301490980290187
0.2640753573935619
-0.8209507461782213
-0.7099536530251425
-0.8155041027854261
0.41125647242699626
0.6472518104992291
0.9034003059308671
-0.5334647403338679
0.6788655660310126
-0.20851104556526923
0.7836951497938334
0.0641214855180301
-0.7711163763833101
-0.8003444825559293
-0.8663334442506812
0.4547908151300828
0.45863157549693034
0.8586820029174242
-0.39847983456665936
-0.590528173815964
