0.0
-0.3051426648115436
0.15877271389938785
0.006687319996232843
-0.12048556585999419
0.3217369953514392
-0.13364016324428024
0.3116414989825545
-0.2249462365694748
0.011380140190758739
-0.2617440195566336
0.23741841521262236
0.14847927040095382
0.552824357176289
-0.22520624725707097
0.3819516737479466
0.5425706964094343
0.4737332048413767
-0.6545823985161018
-0.06140960581443973
-0.07522183432785742
-0.17633929003174997
-0.30594892757753667
-0.31149801062713656
-0.33002832038348295
-0.35488836425682707
0.008546964018045857
-1.2060798618213247
-0.6063806220356538
-0.15797698117515027
-0.9982390243352385
-0.8601237616692867
0.2971743706987736
0.32117559222363135
0.32870741234783696
-0.3335253797999136
0.39423070814069583
1.6114392273200486
0.6737095440115118
0.29933446421377563
0.18598064438656864
-0.06067923446273931
0.07056014191466912
-0.2649650272346173
0.35402301530475755
-0.7395860749803004
-0.7792937849138909
-0.8471464539903765
-1.216094829907605
1.4548516912487326
-1.2968538814354569
0.49390794661753606
-0.44106977716959633
1.5986872462431614
-0.6178374442035508
0.9842783311847364
-0.1000129736765038
-0.24652710240670306
-0.14417547384301105
-0.3460455814362757
1.2658332170297224
0.6797199903109494
-0.4713072671886691
-0.44983460831604544
-0.15709440073574973
0.6088875478936561
0.9262964413285157
0.5036102303227322
-0.6691958838240779
-1.0111301484612862
0.3400456113726189
0.2839179116943729
-0.7861071599230526
1.600415970673727
-0.3457663707323913
0.5544776032480686
0.6076530909575752
1.1987922147325563
-1.3100055750278017
1.540004376444486
-0.450579302570814
0.4493383957132794
0.26246585642663073
0.2872281868797482
-0.42584348752481005
-0.442157980103517
0.33631801780191534
0.2599981200026106
0.3633673028062193
1.1626226158051103
0.38003805811322494
-1.1557401883473017
0.016697565719005335
-0.311867836393122
-0.33541579212353423
0.9097734293217812
0.4013614954507191
1.401377798915413
-0.8546683567582937
1.01724976781962
0.279257010337207
0.31193182482911447
-0.13069620549288347
-0.9484100184362109
0.7023432402493741
-1.0085748898616707
1.0458687883822653
0.020943215461326492
-0.5304000027526669
0.9787449384196247
-1.1417474532058605
0.590817767661891
-1.0914318468663775
-0.6186476830376187
-0.1309051149457948
0.8203287312213621
-0.8021404223008295
0.9016750675292481
0.6297304356451139
-0.6461505973630899
-0.5432829531516818
-0.2065868155136034
-0.12633182757640693
-0.1155941667518017
1.217946085279675
-0.7567954919150893
-0.09742440976498437
0.08374398577075476
-0.7822493225582807
1.7295412711096114
-0.9389590604066143
-0.6196153052312159
-0.46095644688251425
-1.1232599692505716
0.5384396573846014
-1.1099334219245036
-0.13968305552041682
1.144903324467431
-0.17892145185573455
1.0365157053328338
0.5600106773249405
-0.2633254425757757
0.6347134680218944
0.983277313817794
-0.12402181932975762
0.870891279626504
-1.0451594488338511
-0.6074065853018223
0.7844178513947212
-0.8007027323780179
0.6598280567340943
-0.6879889773394197
-0.6560587837262816
0.4811877695883945
-0.7421904345421649
0.050860348209736374
-0.023102441002312814
-0.8487665990671992
-0.4852548372584511
0.5952051307122342
1.4326549710088123
0.6140082986435735
0.9776344353094445
-1.1771589611052111
0.44306518040550263
0.08243646623852416
0.08176804897348729
-0.3405559618169581
0.3214153244504393
0.2208008723298237
-0.5269791330451989
-0.5272324736103351
-1.5820348912661544
1.0995037861234866
-0.7367023074643744
-0.748697339430259
-0.0034707199389938654
1.1632424510423043
-0.7985410489455852
0.22865221140162553
1.403539997414359
-0.9234254884561595
1.2047819927600494
-0.11846714693460628
0.9720870559631001
0.6173732458136507
0.2406578682449538
-0.3913104865790873
0.04923304520316622
-1.713819762336087
-0.4692041231313856
-0.6726738637255985
-0.34132323830985656
-1.2778540328530494
1.2036534934826242
-0.09586926238560356
-0.33023747443366325
-1.0516246517643573
-0.14730090481906202
-0.8042271349367974
0.9668079170913076
0.18769226269357303
0.14251799933598452
0.8031403290679809
-0.37460283396981076
1.923108040322073
0.4811677866122753
0.743710503483184
0.8405222299408464
-0.9951311414865767
-0.04989232023256721
0.6069461678341911
0.5395157073315361
0.03742522677475149
-0.8742280451194305
-0.7508088686918771
-0.6787265672188932
0.8386515492500163
0.22547408442505024
-1.756350972777212
0.05064622173256445
-0.45287751381103314
0.5010204105534181
0.15555391884260372
-0.392166080437823
0.8596183065464276
-0.7934892407641276
-0.7606222749302961
-0.5929309806420444
-2.7141235753155204
-2.0559168387701954
-0.3395913004086257
-4.316070935479266
-3.919476707025466
-4.466296169645806
-2.437219908509368
-3.9479858762734086
-2.7576597778830165
-2.9455268737838898
-2.0978216447092692
1.1932523791378662
-0.7958750668962513
0.5152620458189335
2.5290913967166713
0.3683483397644227
0.9085102307994327
-0.21702964918288403
3.2011607947823384
2.1872093978526257
5.676979968419847
4.600958990056039
1.8845337530033102
2.2279452070661723
1.3707152287388151
0.7316325418696036
0.8644905633593649
0.0318834464949643
0.6016874540147742
0.5519733492760323
-1.424190450332011
-1.1522847369631362
1.3196634194140606
-2.504028732841699
2.1210757911485882
1.7436408960268974
-0.9202365027189086
1.6878229043049144
-0.8753116928754138
2.149902701652108
1.7325147578843003
0.2473814712484899
1.2895025899490646
1.1137849031646334
1.557911820570022
-0.562105604411211
-1.0298936214260517
1.673401214851983
-0.3569353000838073
-0.22299605789846144
0.2052956102250179
1.0981106007758596
0.3628441230979323
-0.4478957980631306
0.7745376942898198
1.1495934803215606
-0.8014251191527714
-0.22258597679049885
1.1146054337357478
0.08723827273041257
1.1306733033059373
-0.3349732845131042
0.5229230295216846
-2.0154825998567523
0.5681031230827819
0.23444543085316605
-3.5680867889133827
-0.8006778655260138
-1.7023416568946026
-0.1986760808885139
-0.6794706308962252
-0.23080108407681713
0.691949593122583
-2.6043485714698864
0.08062489319180756
-0.8721034883933976
0.8808710088638844
-4.192411294108402
0.5442075130958428
0.5586926138963637
-0.9251919598788404
-0.8174304980616028
0.5263430284829697
-0.20932053719972366
-0.675828084957416
-0.7047081743212221
-2.1702747842402883
-0.159426029730787
-0.922602171891896
-0.7631816658762288
-1.2482809687550636
-0.4703601135435068
0.20422130935012195
-0.7476645653194499
-0.7187600093036153
0.5819106474334914
-1.0012318274386118
-0.5575912419205512
-0.5810325919840309
-4.019007862517836
-2.130011840092057
-0.9717102865076399
-1.514648929294219
-0.26979652226450357
-0.7202382086159327
-0.6045234517596823
-0.10388962028702933
-0.07774439874682003
-0.04336524922463757
-0.6637336166234196
-0.6625502719553251
-0.8907265104944339
-1.308750486900011
-0.11466980650499811
-1.390193092118562
-1.2817328111661936
0.8898260134585664
-3.7725797547111366
0.4742762922834763
-2.090054137549687
-1.5062453095695711
-1.3733865006856008
0.28782437020430435
1.4277331715237136
0.12491672910971946
-1.4511146807161635
-0.7515537996335723
0.3559569154929792
0.4738594449865641
-0.3156552882900176
-0.6809617310184843
-3.134422352383909
-0.7225053738854228
-0.22573113445220874
-0.35633455302569617
-1.2962214582467686
0.46274291930638595
-0.3717674750176138
-1.4791954217390462
-1.0807658924693293
-0.16767744170760138
-1.1263260232733405
-0.13000104059525644
2.5888438252548447
-1.9274668024844768
1.2372544502579093
0.28428710696630816
-0.33542530875065235
-1.1818222973917902
3.5815088902430934
0.44949119369897655
1.0800655122645368
-1.098064957000307
0.9852674769183061
0.3920950523024781
-0.828853243078992
-0.9088617051433793
0.8566006311011733
0.12659723399294034
-0.02578852294710173
-0.9062159102503466
0.24195183041424842
0.038252030244104875
-0.41729114920446975
0.2664690769728895
-0.48793404841108723
2.5525381416037267
1.617287775896712
-0.6947624244649339
-0.5457791050708178
-0.47110945067537474
0.032899882948343714
0.31517138025712105
1.0845457665441378
-1.7100246094239264
-0.10606060642065263
0.10368307538804217
0.46810013006485784
0.7235395983928652
-0.7025092142719869
-0.3738500142550162
-0.2876130629485886
-0.30757664700218934
-0.11914940623805105
-0.15897144490138415
-0.08843707977991445
0.9851785415060342
-0.5500493879185149
0.42276956461794735
2.989486534579439
-0.6308075780768716
-0.9088749995585748
0.5005255083225145
-0.023609195248934352
-1.4258526602226724
0.45228901090094886
-0.027186257176502422
-0.6640013393882727
0.7554494128919158
1.0564959930300344
-0.4026360314754634
-0.9945592971763229
-0.6624601757393269
0.5279383940676053
0.6605080031147441
-0.6471288656469617
0.42041938195801426
-0.6852239132188946
-0.5346510440671395
0.010647551327614031
0.35731723929941744
-0.4100914896159569
0.44272535736909036
-0.7254111909037362
0.6975991965302298
0.817749665423909
0.0778960438403018
0.129171658988434
0.4031300675444803
-0.27341266957062904
0.9086013160333508
-0.11544015857845308
-0.1324884659312323
-0.7825808821179123
0.008140185397570276
-0.9107781145058681
0.1357459150037554
-0.895475859850806
0.8681048486778055
-1.497314831415651
0.37733304328263606
1.1156360417722484
-0.7771091080182033
-0.06974773343468381
-0.26729295500577654
0.36338743364961035
-0.5030677360698718
1.6040211389503372
-0.31570399926594683
0.11108905551536717
0.322057479150906
-1.337607329098582
-0.6357542986474027
-0.31268362113780057
0.8431046104540043
-0.09246740469166957
0.4654158977072353
0.5332878610438564
-0.578215085443382
-0.6317300857631281
-0.05604399946461727
-0.13413104649993055
0.11530096639784267
0.1096289446847532
-0.6467058856422843
-0.12736885623895572
-1.6506662859041015
1.696648210968822
-0.116986982635245
0.3588781365276931
-1.1495683856658696
0.5937637721397978
0.5986128038587147
-0.07685480422420396
1.1414985319975575
0.7810585908734612
0.14909493157388615
0.13040114617983234
-0.4392635920258692
0.9431714717290354
0.542589588080951
0.3072863614107099
-1.3816576046277147
0.40006773393107165
0.3773380018772321
-0.7510518425881141
-0.7697259341119668
0.07367755963788797
0.07818721755405512
0.18881361977025168
0.6287860770814552
-0.05959069614305225
-0.059779786880995986
-1.386344998985647
1.1622380019973415
0.3658294368976882
-0.4405901181667714
0.506425496113793
-0.1518323163196295
1.1421518902035168
-0.6795021026168634
0.553813563076289
0.5185532119944358
-3.4141081432713007
-2.1618078152300355
-0.6420854348562555
-0.3977751459833556
-0.3860171085842786
0.22171368913256387
0.22894225201198823
-1.0678775947140466
0.4862764921403159
-0.6256420285568712
-0.22939303238533568
0.5026975828766073
0.5057816022213145
-0.39485356311034464
-0.051443205166566246
-0.4138649112229945
1.7443778002199986
0.0834592412077754
0.07952699734314433
-0.2873765287248245
0.25604489461529134
1.135524226066157
-0.05871323173761678
0.41270956679088094
1.5415047472906716
0.296278288746283
-0.41204995074231454
-0.6812532465403023
0.5029301989215824
-0.3007261666975168
0.3532599573558104
-0.7800088358769401
-1.0098748254692782
-0.7175092746125952
0.715530575391913
-1.827909414979125
0.5589457882803534
-1.375547613911243
1.0924230968525843
-0.16565030690054858
0.7764584323912079
0.8173532609688235
0.7136062934173357
0.03557677908095633
-0.7938638011938536
0.004452700984336543
0.14812766443615946
-0.25665662801032696
-0.030045565756822677
-0.03131697477730122
-0.3713517271207186
-0.833044331947898
1.2048546368124842
-0.6265668105456227
-0.8844198204710493
-0.4377861960132076
0.22226896363083423
-0.20982582380353182
0.4159924032902015
-0.23181517893971443
-0.06908361400541262
1.7038299446909362
1.5539713979517595
-1.9262363274529655
0.6846390689470573
-0.7626945737611113
0.044074064365719715
0.45333155311625306
-1.4243764319108154
0.2720521072170729
-1.4151583269482668
-0.2392649101274073
-2.170476838796131
-0.25224585110947423
0.009432518515623888
-1.4057014257141165
0.39611002498830616
0.5218246079064024
-0.4066725111196522
0.2887726278802863
1.681737529475739
0.9910487276732661
0.5092336823202696
0.5381391285606294
-0.7889040833453825
1.0096365453758305
-0.403319657213135
1.622687807167706
1.1103384451032507
-1.0604562972311105
-0.2173656457948209
0.0277483246739192
0.44891659220647406
-0.16474775995017021
-1.957735763227644
-0.855949986767014
-0.8787357170060592
-0.6502397524360459
-0.6863483029579506
0.030488962003433602
0.6983282935113396
0.45477053165230386
-0.35949922415035196
1.5372951595265107
1.508862679104041
-0.33239257423573426
0.07748882161405393
1.4367676288374063
-1.4296884653012498
1.2288060901871876
-0.7722550927482619
0.08741364238125703
-1.0544728491012647
-1.1510219880150439
-0.05194797570156133
0.3911778745862514
-0.22731088399639324
0.44884095247266065
0.4485912732189601
1.200924408131761
1.205384189170357
-0.24732908182123756
0.22048987760667965
0.2617391909865706
-1.3881209906271517
1.003982622834379
-0.2963867851975623
-0.8900661958699874
0.24324990502618982
0.4878328663189063
0.28011365008063643
0.07059005779316697
0.3188086145794309
-0.23563154754934945
-0.36962057366151063
-0.8096589673378463
0.13857358402953734
-0.002101795417995121
0.5058239608764906
-0.3826664982776746
1.9245419560133914
-0.1683225235028873
1.0359891400074264
0.9288534485183885
-1.4641662574772123
-0.09597248744317083
-0.4382632486199736
-0.17476552617274474
-0.17250139674924383
0.6280064192091763
-1.493563936703188
-0.0006152817825732654
-0.1731917262259593
-0.3616806463378619
0.20406421645579526
-0.3216553263710371
0.009481966418537189
0.42584653759269947
-0.330211645116249
0.49776377654743453
0.46401061888834716
-0.335214043341077
1.1813574461229108
0.04765508866113073
-0.7893599643806006
-0.9671770308576696
0.8675199377155868
0.826945591993163
-0.34302757601911427
-1.4570301522800961
0.6444116497525417
0.5954819710082314
-0.36910296472400217
0.2822560162486134
0.28235909857118957
-0.6701093159251679
1.4236702952526485
0.28385569866343685
0.22782648292883811
0.5985606563713659
-0.1245268721390819
0.7685571289817701
-0.37898329800271796
-1.533112967647783
-0.6062915667143747
-0.04927261632399056
-0.44416745073273295
0.5221340909013941
-0.5756477870692728
0.11706843313291279
-0.5564488101172951
0.6171615845405157
0.8099775001684376
1.1294983617988508
-1.0266502862989615
-0.7370625504795846
1.2039503910004732
1.1047301487971304
-0.1761700852804318
-0.24854857041660008
-1.1026295603721272
0.9385132026216811
0.8936400564754083
-0.18957624869992734
-0.38079313419520916
0.3710485385917274
-1.9609624937246768
-1.8530452038637397
0.052103170203024365
0.002049081652968434
0.2531646144271456
0.2849246491078513
0.42273862305555265
-0.8112898725505017
-0.5090839520213325
0.969392430321449
0.9064373656031739
0.057151190612129824
0.435199236150166
-0.8803362851998093
0.5072991107455372
0.6424664830926502
0.1831802580115625
-1.5686372059346465
0.6479007070934208
-0.652996526183932
-0.6261609440954345
0.230613119302612
-1.095204156961686
-1.0763151097944688
0.83602631598613
-0.2507958207926759
0.32937874765925507
0.7426924140337541
-0.8393967486066153
0.784459450893866
0.6165428145181429
0.5586430015599895
-0.6064200383842908
-0.6447688267248681
-4.0722010219855775
-2.3034263232716836
-3.0670211181056897
-3.08798803009087
-1.8543318039359449
-3.27196676423205
-1.0510701191057659
-3.1962244724320374
-2.950643680413553
-1.0887410718386117
-0.8484886659324995
-1.4794984443796313
0.19797296536961054
-0.8643724067268692
-0.4693933117980731
0.4734288838552882
2.9764365138181104
-0.4849143085967418
4.612175409458609
1.1184737558381854
1.16362527532746
2.515789403148298
1.088241770719306
5.470264875879904
1.5444334324914784
1.637272124332113
0.36734252947434876
1.12214809286402
0.07119378881466744
-1.0204645187530097
-1.1252375624490785
1.6551830516237753
1.1004130303421258
0.22676210420089496
0.6279743499318846
-1.095364445184753
3.753562744909234
2.8204412995523467
0.7016180542724694
0.4827592973296183
1.6059456652891406
-1.0490831378721106
1.032365311967661
-1.8075749189206842
-1.7594023119398337
-0.2817022746931504
0.6542744445028771
-0.12759488854569695
-0.5141356342921236
-0.4704951350446661
1.405558234819279
0.133452726968519
0.05344649105343105
1.1941205562584156
1.1973093382685216
2.434207818212168
-1.0856160630379441
-0.02871104804069631
0.604226430949817
-0.12147568821579512
-0.31915573776251155
-0.21202494265292435
-1.4647076690578307
0.12801915822572285
-1.106812153715215
-0.7999916204926185
-0.7963990362985485
-0.655981050355003
-0.5912890384991906
-0.3663389586480999
-1.1800749000303363
0.481991034822709
-0.4814442969637744
2.628647843717105
-1.8688110298259655
0.011154573636856686
-1.4562834436503602
-0.7643474720592668
-1.9221954631499867
-1.4641358879996793
-1.4975903768260648
-1.0968132501706045
-1.4577710882296797
-1.8811077103188707
-1.558355876157414
-3.2681657809965765
-1.4495518087010613
-0.937340986580712
-0.3187387450465546
-1.4244507938359106
-2.1179994870718093
-1.0137243976061694
-1.048136048356704
-1.413717640910412
-1.7522068922145486
-0.7615248135744906
-1.9724352958213591
-0.805278343683017
-1.498009521388746
-0.6403366047580392
-1.703344898733876
-1.9733081690168457
-0.6525148179740198
-1.5970784721528009
-1.9553225924336048
-0.6868185521846328
-2.0756791052497885
-1.4877238274171933
-1.098129690233397
-0.6230566072696092
-1.900255388804885
-1.2433850006852736
-1.3342300711001374
-1.410251522818187
-3.3414983099515294
-1.3336118497798355
-0.14606839165282262
-2.1648621866651356
0.7074894897808985
-2.046587819461449
-0.6949576007712421
-1.6196939449730519
-0.1848294631186706
-1.2166914478649433
-0.3728620498077905
-0.4165414472585286
-0.22187588545457984
-1.3254041247064792
-0.30530890230012303
-2.02755354672281
-1.0856771010195962
-0.8465405867876566
-1.0959632225971763
-1.2609900860458778
0.04311482621427904
-1.764804244434912
0.8576523681148002
-1.7793381314381942
0.5230462244428595
-2.1104665284845945
-0.6946563066173471
-0.057543879431712505
-0.059981917409159466
0.18274410637427405
-0.9831425107363831
-0.6544794048114582
0.03812934697543908
-0.16378866581947069
-0.3104507050399713
-0.27454966647295925
-0.2590102026234014
0.9184422060215339
-1.562486380623273
0.32505951448601794
-0.1340593774907941
-0.048260619942370665
-1.3387679771869854
-0.030326498110972325
0.6151213495409391
-0.747488060075568
0.3388288856147979
0.13932978034286517
-0.4456891308952834
-1.219572474053357
0.4578945138951552
-0.5650268781622044
-0.008414033457205854
-0.09515331959604284
-0.3432006723319683
-0.062113673018010636
-2.074028358696731
-0.4418886591817618
-0.6471734647059689
1.738610675261804
1.370812252181523
0.3802201032398884
-0.20807744395740638
-0.3109611382509577
-0.3106240614509864
0.236088761487728
0.06182323035744433
0.003738614665723023
0.0010897088945662353
1.1109356750497432
-0.02379373839581461
0.8685141419101751
-1.3538426843523952
-0.684888699462625
-0.49565541242423977
0.178020214122774
-1.337802036532023
-0.6417459570414673
0.06113485284836643
0.30741565314487895
-0.3103785623630807
-0.6755303622182586
-0.38703133506511345
3.415029781872728
-0.4937862847090779
0.2622741015304447
1.0017246199382093
-0.21975434879073288
-0.9607207584554902
-0.1720421287808593
0.9132009419950787
-0.6625716322277118
0.5145562000156654
-0.4408857586928345
-1.3298275617418454
-0.16133446341800808
0.02196728517326223
-0.3908613540983949
-0.21860883893109803
-0.48908819485719557
-0.6736507886927419
0.9634559260955431
-0.723886219154302
-1.497488553672061
-1.477746097282286
-0.3900721301383924
0.6727306922996922
-1.365746515058839
-0.10520213818234132
0.5587911910865748
0.3575868695403048
0.6221010116234489
1.0848777723924834
0.04881576428172227
-0.7821602243476463
-0.1475221714123507
-0.36166774538541885
0.9433122284539981
-0.24387978998796336
-1.1618952233228725
0.6428012480358565
-0.41095673328453475
-0.905343586313638
0.34223820462076676
-0.7580618262639559
0.3811840292111173
0.06365717062644011
-1.3834498648824098
-0.9953873441029636
-0.7353722517757424
0.33757688873056013
0.3212262660731289
-0.051990674345960566
-0.974012123766679
-0.214310287994537
-0.21221013463432423
-0.186840850606954
-0.6470467149222422
-0.6478453027109535
4.037529347995017
-0.7968806145219179
-0.48520219774459944
-0.006102969249282636
0.28193384022733753
-0.44375118603619806
-0.4422891815767038
-0.01338016072229152
-0.2953759428235366
0.48997508981699434
0.5187233196568644
-0.7280094327496222
0.30337456570075166
0.01302633518544499
-0.004174704080737238
0.9377992449671461
-0.8336368475345057
-0.806400310866656
0.2775975430652832
-0.39463758689348255
-0.19054005977758245
-0.8981203846961606
-0.35515033380307653
-0.6061463041237927
-0.6095319761211508
-0.9469001356827065
-0.5191137700650121
-0.19120958421075296
-0.38145145935937363
1.0296742887599961
-0.9098483536507096
0.5209475686402187
0.12106032673809133
0.5881501057568886
-0.37753644935523356
0.1214876105158279
-0.0032089393747404375
0.10617345367427508
-0.7410601279847754
-0.4874387925122059
1.148324819999176
-1.4095468268292868
0.5734829583370762
0.5720447947506709
-0.7988789131095786
-0.9338452490146748
0.7456919434082483
-1.1835353820312
0.27715636899307866
0.5479294799706995
0.7208408883503776
-0.29472680514862104
0.044759948436269494
0.5470504536589986
-0.5194951313873143
0.5069231420234526
-0.48764337916013517
-2.9530867907436895
0.7245651381633851
0.7377694661760309
0.2094699566183177
0.33167866565014065
-0.39261205688727097
-1.0832405483178624
1.036476662577492
-0.13837725899442202
0.7473457713339466
-0.47555986529733024
-0.4725847935574114
3.148824785903783
1.730513579307427
-1.4258541151482547
1.597392566635126
0.037088118406407036
-0.6009004099555372
-0.5956067537090572
-0.9052374922745388
-0.42375407539506693
1.2883170925537966
-1.3017294126950452
-0.9648138442843521
0.2363239114220698
-0.6432745808876574
-0.5654804463332315
-0.14843707212369386
-0.9155522323641977
0.16174985441273776
-0.444287931474958
0.6116268485000351
-0.19805138837955105
-0.20119497689311425
0.9409215783119208
1.0124065209787227
0.9775711874618149
-0.0324332474244343
-0.22696255771599078
0.4159476628493847
-0.037158498486176444
0.3100189813418435
0.8196509641758
-1.8468800338265945
-0.7135540188930612
-1.2656910288288516
-1.2556789059666247
-0.22942474856177847
-0.3718907361427749
-0.040886278323522166
-0.7887257522541671
-0.446099733098067
-0.4566839559122482
-0.4569330366087072
3.0145924172376017
-1.1568007630796444
0.005818102140770019
0.00821193653965014
1.5635637953654804
0.4462640261412335
0.44864784011872105
0.3348891384324046
0.44452203966491194
-0.13253760396358047
-0.2969902004717483
1.0302693467829576
-1.5861557058221707
0.1005808757665764
0.10658760608501375
-1.1180143998821428
-0.7049731901823558
0.11664924020558098
-0.028310589901580023
1.0893310591527892
-0.8957923110213232
0.4140508769458235
-1.0433796544397071
0.4414297189497155
1.5021983528676615
-1.2917949524703227
-0.9442367019519302
-0.9473718380792634
0.5503715180915577
0.07072992971104994
0.533320840656433
-0.16348792221473135
-0.5800640755624028
-1.037528459888684
-0.28904441735566583
-0.5864999234086354
-0.357159546064426
-0.4874158072245419
0.04222266236289199
1.030935815989037
0.14022916657266551
1.0606851573022231
-0.5514096684663807
-0.24534477893014278
0.14197574837505467
0.5320693516084222
0.062443098353597674
0.12866763041059176
-0.8071247568199209
0.21299170223622915
0.2097226789554573
0.6490774117594178
-0.941646374131014
-0.27006285149674014
-0.8377754710205831
0.9345860828221425
0.9710017750062985
-0.17443355058554116
-0.17058528922469052
-0.518947829716506
-0.17610957437542124
-0.08552133541622309
-0.11091647050705943
0.028123204446634624
0.14578279293938592
-0.14846447639835336
0.5032104972605371
-0.8570038480775591
0.2637747669756792
0.7417614577857666
-0.8668070142968004
0.007128547134853579
0.6813797016220153
0.19904431037182369
0.8084024355717293
0.9575341222201036
-0.1328765105836385
-1.19797714057475
-0.005099893781793728
1.255693752868619
-0.27118661238045705
-0.7905300287822656
0.16000988916434764
0.5211201668093817
0.525164629919326
-0.5347746478612159
-1.4764616431712927
0.049892591263724174
0.05081505546670377
-1.7953119909761501
0.447501909526269
-0.40013329365290523
0.21287447237831894
-0.33337161956503036
4.082465768776333
-0.8526026603803171
-0.5132411445030619
0.6827792767280788
-0.4716901681944328
0.045774643324634295
0.04621389916275248
0.615627630876214
0.3518460441537293
0.344248504506087
-0.062380594179855794
0.359867609719187
-0.7339813105092492
-1.1784459622616672
1.15291424058914
0.08915328815468297
-0.35727099217440306
-0.36005981782566376
-1.083395000757319
0.5760790751860068
-1.1212892479261367
-1.1220077906362695
-0.0016099223513512673
-0.06900844452210057
-1.0357359813845872
-1.033752753204462
-0.2479497537729591
1.4587522426343749
-0.42420749201233293
1.0307057868176075
-0.08470560455013071
0.6229786140021271
-1.1433301191891696
0.6391747383430031
0.4345692382992454
0.2533516361052107
0.2537763229577621
0.3005153440563883
0.29826185987884224
-0.13369416742448126
0.5563138327232683
0.5640859093037868
0.4587973400774806
0.6767524642045891
-0.7561888534055325
-0.7556736898858003
-0.31294742091435696
-0.3085050040739625
-0.808061196707588
0.0704889694066593
0.14227415665866064
-0.055083213458926694
-1.0410631888456863
0.674104648298951
-0.0942950028536718
-0.025970897888325514
-0.35895476053077313
0.6697917623125372
0.09165428230473532
0.8552761161975807
0.8364802162831678
0.5195759314638039
0.2523328443957582
-0.9126517519322731
0.25103379660332725
0.9220647863837523
-1.4884021746565608
1.4657283828125895
-0.3833188186063556
-0.8354207432813395
-0.06329128249082369
-1.2754485990382278
-0.17500644364777593
-0.943039289022685
0.1823514567187462
0.19023460304572143
0.25938747411983676
-0.11499971995968053
-0.7526617575798005
0.5406397301988504
1.5580929650312023
-0.05556145370538243
-0.7654860488447311
-0.01760913953858724
1.1742939523206883
-1.8484485886562156
1.5296405157859534
-1.116031048049868
0.3888135657240253
0.7276588144020246
-0.9599870836630912
0.33623033676727243
0.33660686672347817
0.3220363479061459
0.3223651845446566
-1.8128252628250563
-1.21461918508077
-0.4540124888320484
0.8085799880254354
-0.9110484729366825
1.5117745817661778
-1.9278455837234256
-1.5055274698549634
-3.8610253727001003
-3.005700067645574
-3.521830578019654
-4.042636282210368
-3.941304113738545
-1.8813853393347346
-7.21618088622853
-3.879294691975052
-3.219280979954364
-2.781459371018063
0.46337410859358746
0.4740558826025918
1.214750363288025
5.28494766324452
1.6942663263557445
2.7080470449409426
5.448427520854129
5.601954511263677
5.653917213551947
4.33674994247317
4.609749808146247
3.969967839428612
3.9121433649743653
3.592421738776915
1.4280508222349808
-0.5201676265134617
-0.5213834796803822
0.7508818876428697
0.32783385483870653
-1.3825416482313135
-1.8363322458679563
-0.8004051329514132
0.2363362223081328
-1.3561522777374388
-1.918217812075256
1.1877881681155749
1.4688858201439476
1.5121181841813252
1.5376434220131319
1.6865699515653345
2.0882950429057803
2.6779472456575064
1.4238283658714526
0.5231654489445211
1.6018820655401518
1.1869475636135436
1.4056202844637458
1.1248186065307877
0.3903763902537871
0.2465807144759096
-0.13658438381721735
-0.6613293397887725
1.185661535333963
-0.23682228252628745
-0.08969259749789354
-0.08082824680845696
-1.2601067508105142
0.6344278714282819
0.175531631413867
0.7443563325543258
1.2602359396400564
0.4171807874366244
-0.1008786465381522
0.28807023692844236
0.8998313317921502
-0.7319926390479892
1.4322618751113514
0.04427224668046932
0.8291577170041016
0.6013761840583123
0.7298347735356618
-0.31880508503812655
0.4065064463975725
-1.8754230441837345
1.300180231132728
-0.627266056600244
-0.6362256050251239
0.7054203033978939
-0.825700671297961
-0.8222787547980258
0.0029026833978922917
0.36949561002191716
-0.6340472040986104
1.08882108800985
0.2450470117531768
0.45927288687652407
-1.8377997824147732
-0.8465406143857694
-0.8478848983418698
-1.47200574261327
-0.27163765406539436
-0.1855923559749903
1.9820496543894865
-1.4555796989350505
0.5851386446742852
-0.7360752143312682
-0.46656550417723464
-0.019394393771009377
-0.35669727703211196
-0.3547886597418309
-0.4660695064059846
-0.6377610503972353
0.14925231170311037
0.44409208452026183
-0.7259053585811672
0.6531594586163395
-0.6846716060577582
0.5025292388858691
0.12915474037775554
-0.47871649070314853
2.7827335463624223
-0.7476042107492934
-1.0999002491102348
1.0227250580698155
-0.8934971614840886
0.07181308338219647
-0.2044185234531025
-0.8829608292271589
-1.6677489299701684
-1.662859127670062
-0.8222256092320925
-0.823787836796215
1.2669810872117586
0.4782387799712788
-0.8249646909958434
0.5559601720809837
0.0661995920675931
-0.9434665034408171
3.1086023373329716
-0.10464350086637153
-0.39404314267225615
0.37929420596786795
-0.1915017750127228
-0.18913917421017765
-0.26002695868667414
-0.9438563900932798
0.3136031379846211
0.5416770454473336
-0.8777769643398121
-0.8794968835531602
-0.5688288862130332
-0.7112559799865547
0.6381919170609828
1.2457646826691098
1.2479202823096707
0.130662290581878
0.28224335246041976
-0.7540036820800723
-0.3745680291889537
-0.37210435638688694
0.6699739968713153
1.43922091594945
-0.26350701180846237
-0.1719369335920184
-0.7931373288513028
-0.7903096983095791
-0.12839265662823676
0.19552916643088736
0.17018512796892768
0.17104471564296259
0.9191923809638362
0.9240628691415753
-1.0602653272177684
0.18029143656803984
1.2059796574143407
-1.146775277553839
-0.032353577094448485
-0.03333401310078782
0.06913646825114649
1.2662580942776065
-0.09351837727316642
-1.3478877061399255
0.10393929283667366
0.012743906455922344
-0.9778834879409504
-0.9778459199480317
0.3558139898332048
0.23174332432213507
0.23270179227751828
-0.5025073138220627
0.5275678710833265
0.5398380165450394
0.5401604543870265
0.5451118975788583
0.9702201576785884
-1.1577806616855786
0.6603213142846555
-0.2144784850841106
0.15733057385699176
-0.20734451299106268
0.31527127228578516
-0.699093001649886
0.4425966789695977
0.5199380408951503
0.07751790400281447
-0.6776052681302787
1.8293488271264047
-0.27192097923487873
-0.3176142320508854
-0.13080150876696087
-0.258445093376929
0.22332553169182304
-0.18114315105808906
-0.1819574862794956
-0.685365740958243
1.2187160341567076
-1.005712438204176
-0.3262472264302262
0.09225639056984687
-0.08112676323545272
-0.08467050192089796
-1.0592214663280977
-1.0575282076025065
-0.6377519811691066
0.21221177300471578
-0.13072780286848243
-0.13018724076188695
0.7885514854802511
0.35715424309925664
0.29255639177528087
-1.2376838484742951
-1.2353156632495386
1.0560657781146705
1.2303895051172284
-0.26880996550721725
-1.5428736877261533
-1.5415031197588145
2.4550978846841165
-0.7504280151202823
0.9315789341782287
0.22006590568557916
-0.18709261393749915
1.2215717760061842
0.4899061464327115
0.4954309663676387
-0.16796692540964217
0.7387223667610135
-1.4606327683867095
-1.4605352512433931
1.1294860160196696
-0.7391149391858514
0.29703588586274815
0.3179406959067522
0.6817490916822995
0.37644343825221577
0.02559806945781752
-0.47685866509465746
0.43787601281463506
1.0124892967960952
-0.6646857841652329
-1.072267747247236
3.101180353312094
0.1566800121853399
0.5205156885391412
0.5226373818719855
-0.28603210373202986
-0.28604661146484445
0.041482607395303586
-1.1425199026608435
0.8267152721238565
-0.6023604975814871
0.1447971632859863
0.1482499076379389
-0.2858383082575952
0.33801466751109527
0.165176626248047
0.16754097192564088
0.0623269956109401
0.8883984959378405
-1.2102624018853105
-0.1520721460349433
1.4232495045244795
1.4199834158660547
-0.8927027503657723
0.8259577296743346
0.051682040634067436
0.20538147568666526
-0.9918307838669396
1.797279201830602
-0.8171187273948207
-0.8184316959221878
-0.3204919782727735
1.119091122102602
-1.4705838215905858
0.19157317760430348
0.3980466515247792
0.7713968982910395
0.015562403217183399
0.09291247222841
0.5648147496409075
-0.2137891559281171
1.0290938429064418
-0.9269066833557662
1.3154132884731282
1.0012590488368927
1.1656895015516247
1.092901411152887
-0.9263090846816388
0.09292050782293712
-1.7056407237911047
1.029562967167393
-0.7397220666346698
0.9640341677548175
-1.2794443868896355
-0.11038133659193149
-0.5588227264732848
1.2665802906569634
-0.21206533983116177
1.1936952484982748
-0.6016591878603236
0.6784580667551453
0.004049344798302816
1.5043407028353053
-0.9143510986615843
1.239991502891914
1.227013710723566
1.0473973963906331
-0.2965044887720907
0.6492838354502527
-1.0295537095990381
0.9087474716545206
-0.18745154790708682
-0.08708766855791585
0.7596994412836502
-0.441509004554814
-0.3982504635089419
1.4465082929797286
-0.8171768671926232
0.23361856193723393
1.1095273054399104
-1.1267466168647873
-0.05242088710307699
-0.05362800217863077
-0.2322722520153821
0.7846426216028451
-0.2224246929934916
1.0560257324600446
0.0004781654933921631
-1.3532910242056526
-1.3601618527150146
-0.7666753993598903
-0.23651101130774285
0.4334483661622701
0.06855444220521545
-0.3910870641307456
-0.23311715292181567
0.2987042427931078
0.37208072856741475
-0.8172278418720093
0.2938270880359682
-1.0066763903900784
3.117615447378719
0.048965085415460116
-0.5529914193355581
0.40441238314407824
-0.4158972124840992
0.9204619250752063
-1.4945156011813794
0.2665327815678556
0.292223989002843
0.0983006033677549
0.8044838880165458
0.37934117369677933
-0.1439731563444083
-0.14908243461992512
0.2807054632468858
0.09658528757101206
0.4198001501656685
-0.10908324532919647
-0.044437845865871524
-0.40226943345883015
1.2251496528548476
-0.7198767506038352
-1.7734123157464836
0.7744059256699896
0.9262338793162781
-0.1097245035726627
-0.4340920030991827
1.3329743127561087
1.203720054413765
0.282720138134868
-1.052607489288628
-0.33458631748233847
0.8844959208535182
-1.0764783998181053
0.8555913497835822
-1.0646971940703573
0.4467331467185785
-1.497325995342611
-0.9310285593843254
0.3966381054267451
-0.06965318855577418
0.38999422277528356
0.3898989221381577
0.08752350588823705
1.2907011200645566
-0.6873727450009954
0.06800618202278391
0.03595570295947827
0.7413652235601405
0.7406814335171595
0.016377952645942478
0.6736472963987534
0.6753305765422948
-1.035070658600533
-0.008626077051879419
-0.010793779080187606
-0.5528502058260363
-0.2140375127881128
1.23980256237176
0.24490638881893675
-0.0424581195268467
0.6503837925367066
0.9612776982273266
0.24017722014113482
0.26431765308419836
1.3619056069564341
-0.33796122631087416
0.3309022045890107
0.37100501795173246
-0.6004011536700097
-0.23354818406913155
0.43423416373449203
-1.8254550922391086
0.3227278429393151
-0.9620688058517967
-0.3065812182742926
1.3273933030010079
-0.4550403497691655
-0.5018111056483064
0.5741519641330926
0.574307518467245
0.85422644603953
-0.7311379062397712
0.35081164758248873
0.7331682680835444
0.1712393346805979
1.1795343373241995
-1.0835528774718761
0.22425339596900368
0.2234897896737249
0.8968140079688911
0.8986750025185314
0.07053562278194453
-0.2543188864601352
0.17025632566656398
-0.08118065447405075
-0.1796540549994501
0.4918498205435298
-0.41011805772354754
-0.408661881340836
-0.7119952298345141
-0.4198879550037456
-1.1171020758862997
0.7487026482506013
-0.19540948015448822
0.38597930627331156
-0.3346906463264014
-0.27442557257446215
0.12005297399746447
1.2282755113624202
0.25451338765461046
-0.31747628531189537
-0.36118319095165424
-0.0018120812424174144
0.36443083767674966
0.32462951369017023
-0.37648417504592674
-0.6802688299555613
0.40743848130517635
-0.828693848831423
0.721782594472768
0.4271397949315059
-0.959351963295822
-0.8306004422054788
-1.3425900697113482
-1.3459775133207603
1.6653646315599342
-0.5625353600274705
0.7737086515513008
1.5737189269845324
1.5459633966693496
0.9708943383191586
0.9751046592924878
-0.6760552105910821
0.029638519824123986
0.25596664913198053
1.0290250918281845
-0.7474857751058052
-0.009503518447047589
0.3544124515626613
-0.32969986425247066
0.06476865628768708
-0.7138810585530604
-0.656677889917278
-0.09173123398453573
0.685452164717592
-0.7281068744773151
-0.3379336498326823
-0.33572911900229474
-0.6588024377270781
0.8757259795349239
-0.995488804751305
3.1544132838103516
0.20739055053078317
0.7266179143348315
-1.1021318977079813
-1.1014787514162074
1.5129635482687795
-0.5446050517994657
-1.189397569442342
-0.07132916523940179
-1.3769160011669606
0.9668284253628064
0.3427634405481983
0.19333129387297965
-1.5831975801137261
-0.24002497527354996
1.220342638698224
-0.14874286862820368
-1.1290516586180017
-0.29373089769435556
1.548504274732608
-1.3670674259176552
-1.3729444370242236
2.1548321268266197
0.4553991633994072
1.481584030015027
0.3305530760316703
-0.9026971276750001
-0.3452187838982275
0.285653403271534
-0.3509471305439051
-0.35019069063485414
-0.4369482099889613
-1.1119318421783169
-0.6828250540947073
-0.34585172440110057
0.5368221036566307
-0.9840556604537598
-1.0969729684309526
0.18691271295399142
0.5873512549200369
0.34086169764279367
1.482083164319773
-1.3155030118626458
1.160655457878011
0.3869224514454461
0.2780927184653499
-0.9386888105692022
-0.3421266205597725
0.60754044628065
-0.0602620824783455
-0.44293954933466384
-0.13682660715138106
0.6994161240644438
-0.9251487270246885
-0.16823531010845666
-0.5641181135239712
0.579053842069332
0.726692850299732
-0.22971895250907312
-0.2666414056147225
0.814737659699591
-0.5992546698445975
0.7637373354349353
-0.8381650911522204
-0.40474771635968243
0.9908862671599415
0.543189110718914
-0.7851903240662291
-0.18448715696061518
-0.18649173412715747
0.8948403633446362
0.09730104941539974
1.1717972374955667
0.07114501481302668
-0.18408160386589123
-0.18600235036482646
0.023583795744141337
-0.5286030920895032
-0.3707061805696923
-0.1861925124816803
0.22679180632823104
-1.2412728662168278
0.8643191288163045
0.8967720606536671
0.7690983329644391
0.7676511015026233
-0.37143499403322333
-0.7036606091327542
0.3807420125358962
-0.46144318039130533
0.5153491052433138
-1.0510378542406866
0.09454961505183672
0.07305299367997056
-0.9216218741092024
-1.4569630610125903
2.949966793649771
2.3176767603610755
4.564980524238075
2.09649397365103
5.144518655899827
4.094102614768016
4.76993078204124
5.375459787411674
4.276921969899824
3.5561022832994067
4.192037819353104
1.6487264550408263
1.560225389660183
0.2559199664587423
-0.37226936818633966
-0.31413887388439143
-1.6482090482695895
-3.803467437799785
-4.171368013271846
-3.183094267434125
-2.5578460996817176
-5.264110742849235
-3.4511196418001364
-4.929930551085265
-4.421022981819702
-3.4185656580877666
-4.668844313273001
-3.138013774217842
-1.62999425139038
-1.6273488363468729
-0.12198928564228255
-1.5928804349654744
-1.5060165929947347
0.2783207010831122
0.278490351614035
-1.1754079853416954
1.5525712745532263
0.914162797009442
0.2568484228847438
-1.0030313683647891
0.7624878304264672
0.1302741873698712
0.17255372925736567
0.4986446889541123
0.10632906249787843
0.12196473432946175
0.12200530471016269
0.187373038607137
0.3624326187899696
-0.605439474170596
-3.226237986578521
0.8355151758299943
0.018385915272045625
-0.5143078709347082
-0.944259173977703
0.7062364181938127
0.211144083471823
0.04849951155217746
-0.6878471738374892
2.901200463993536
-0.8476377288936998
1.0467516672230535
-1.6152734751475215
0.34466458903332386
0.3853162231838255
-0.25583380106149123
-0.6386610529249573
0.4333830779797037
0.20147704181503467
-0.7057054629333716
0.8075118004777634
-0.49923679151081085
-0.49811720243063096
0.5114604088583931
0.9979173850044596
-0.811608525377543
1.4741756513216884
0.32718116286188603
